5.07037292282892,5.07141222022981,5.07247160774285,5.073554055886,5.07465558224383,5.0757782255758,5.07692379829169,5.07808878756942,5.07927315272446,5.0804800222787,5.08170426795518,5.08294663080436,5.08421326356781,5.08549048283181,5.08678921724798,5.08810553178734,5.08943307736324,5.09078071402697,5.09213728383179,5.0935075361651,5.09489043560243,5.09627769437037,5.09767839824782,5.09908292843621,5.10049465832901,5.10191019892845,5.10332625800058,5.1046844070179,5.10608843995107,5.10754343175998,5.1089234056482,5.11029813044031,5.11168846716653,5.11304485753406,5.11437385955168,5.11568554381979,5.11697282699182,5.11823086161526,5.11945528329453,5.12065377889065,5.12180903465714,5.1229195294579,5.12399373075514,5.12502312338002,5.12600140325646,5.12693284417713,5.12780264982968,5.12861883318529,5.1293790144509,5.13007556922842,5.13070010388561,5.13126640507452,5.13175994611561,5.13218681264716,5.13254280028604,5.13282805317826,5.13303791050166,5.13317020800628,5.13323150569226,5.13321964125141,5.13313264252502,5.13297135740697,5.13273613518567,5.13242675364689,5.1320428540683,5.13158832530314,5.13106507320134,5.13047713913003,5.12982317708903,5.12910300802689,5.12832117053961,5.1274815251292,5.12658766621358,5.12564391881446,5.12462792924348,5.12357564148599,5.12247147505112,5.12133200721321,5.12014789990547,5.11892989546696,5.11767856615647,5.11639527909599,5.1150824951768,5.11374675484391,5.11238915398132,5.11101420269852,5.10962378386563,5.10821993828714,5.10680434164577,5.10538099935073,5.10395314108628,5.10252281967547,5.10109214648537,5.09966338409936,5.09823987036135,5.09681973916763,5.09540641050354,5.09400269015081,5.09261075794001,5.09123153644745,5.08986543400393,5.08851423967078,5.08717897743523,5.08586158558702,5.08456212090798,5.08328235541041,5.08202114997008,5.08078080663582,5.0795583897274,5.07835929249542,5.07717860340645,5.07602687692101,5.07488968049126,5.07377990028976,5.07269024363447,5.07162519529744,5.07057937352198,5.06955493613765,5.06855858545238,5.06757935006942,5.06662526347266,5.06569398444666,5.06478008076442,5.06388986873964,5.0630210419499,5.06217161998055,5.06134463121411,5.0605361233964,5.05975150190112
5.07022844146485,5.07128590803259,5.07236490936029,5.07346653810303,5.07458929230827,5.07573648405023,5.07690507688271,5.07809293915145,5.07930773627077,5.08053898256787,5.08179465773287,5.0830703420398,5.08436288198028,5.0856799861776,5.08701197089686,5.0883654826304,5.08973412256395,5.09111771331054,5.09251867640147,5.09392887806272,5.09535695394317,5.09679288672986,5.09823821472529,5.09969710210294,5.10115489405947,5.10261891320765,5.104092957214,5.10551570148743,5.10698617352247,5.10847341380568,5.10991781725637,5.11134891112747,5.11278218603257,5.11418365758364,5.11558156741611,5.1169484234059,5.11829316682304,5.11961329016235,5.12089465779439,5.12214784232424,5.12335854042234,5.12452249298579,5.12564415626872,5.12673543590817,5.12775983744053,5.12873228478442,5.129650681444,5.13050774418965,5.13129943945119,5.13202782459727,5.13269525762286,5.13328610110917,5.13381396324978,5.1342633189479,5.13463119734979,5.13492833905776,5.13515269284131,5.13529631779055,5.13536464840121,5.13535308484213,5.13526000062291,5.13508616963119,5.13483638134207,5.13451345789579,5.13411371195572,5.13363954194707,5.13309193050372,5.13247127907095,5.13178032696575,5.13102174304848,5.13020021071731,5.12932030453419,5.12838198641962,5.12739602830642,5.12633377335309,5.12520725374844,5.12406407844366,5.12286837709491,5.12163172014094,5.12035926013454,5.11905247412821,5.11771156943554,5.11634106362289,5.11494704803937,5.11353204372298,5.11209846763962,5.11065020944093,5.10918808643788,5.10771573042565,5.10623665865507,5.10475376778715,5.10326945752686,5.10178551625393,5.10030518420405,5.09882937239933,5.09735909716443,5.09589867304257,5.09444960215401,5.09301283303111,5.0915905185377,5.09018271172386,5.08879138685681,5.08741756699087,5.08606187695585,5.08472649135378,5.08341336211216,5.08212128663434,5.08084946585764,5.07959747752795,5.07837148509554,5.07716676633987,5.07598328246494,5.07482676707512,5.07368995293446,5.07258053445198,5.07149741346962,5.07043135142215,5.06939424997423,5.06837817059265,5.0673825028506,5.06641642241163,5.06546927481572,5.06454695415944,5.06364349874481,5.06276637334908,5.0619077658742,5.06107341742168,5.06025615255122,5.05946105580797
5.07005512414175,5.07113053618828,5.07223183259502,5.07335402584414,5.07450204854109,5.07567204176262,5.07686528936195,5.07808281453369,5.0793215211211,5.08058548678473,5.08186947603145,5.08317778683778,5.08450798539413,5.08585925387459,5.08722856027707,5.08861585411762,5.09002698820235,5.09145132350551,5.09289518965149,5.09435323750331,5.09582332086694,5.09730838172507,5.09880530442193,5.10031556432278,5.10182617403619,5.10333448019745,5.1048523588767,5.10637737735662,5.10790099759446,5.10942092015098,5.11092417869847,5.11241563210801,5.1139141150755,5.11538224302272,5.11683022406727,5.11826457657732,5.11966532680291,5.12103949374354,5.12238795154207,5.12369269953044,5.12496014615359,5.12618355845798,5.12736653591491,5.12850201581262,5.12958055113129,5.13060107240742,5.131568557588,5.13247022617856,5.13330421313029,5.13407925501557,5.13477864859779,5.13539799161311,5.13594678143913,5.13641845127078,5.13681562785018,5.13713346171343,5.13737081197302,5.13752054577421,5.13758508044068,5.13756972557787,5.1374761248971,5.13729822379564,5.13703979577535,5.13669900494276,5.13627554594531,5.13577158888277,5.13519198652019,5.13454186434953,5.1338190609528,5.13302481315594,5.13216353237417,5.13123749316962,5.13024385146267,5.12915143684061,5.12805324985586,5.12691930617445,5.125727053738,5.12446986127385,5.12317472722827,5.12184074286688,5.1204720171495,5.11906976419221,5.11763627115264,5.11618032389142,5.11470295254453,5.11320807099653,5.11169832875359,5.11017464999357,5.10864240172147,5.10710449683134,5.10556367597038,5.10402244065834,5.10248333439266,5.10094805537773,5.09941762220459,5.09789650433423,5.09638718004197,5.09489029210005,5.09340715637797,5.09193974513382,5.0904888244962,5.08905618317406,5.08764227603613,5.08624896505167,5.0848745952194,5.08352623188559,5.08220073035161,5.08089777434832,5.07961568028995,5.07836124127153,5.07712981800134,5.07592556405937,5.0747390220932,5.07358431185701,5.07245337430292,5.0713444135363,5.07026734045668,5.06920556869256,5.06817737683341,5.06716982995393,5.0661861563549,5.06522754643765,5.06429254544695,5.06338047003588,5.06249109085318,5.06162505689575,5.06077933622181,5.05995550765802,5.05915150827606
5.06989595310098,5.07099085655716,5.07211023490615,5.07325513875312,5.07442184542045,5.07561795326101,5.07683451808186,5.07807883402326,5.07934657713996,5.08063708248024,5.08195523028965,5.08329139681592,5.08465825786549,5.08604251968421,5.08745254707224,5.08888097837877,5.09032825599009,5.0917992674336,5.09328356594605,5.09478867742582,5.09630282493323,5.09783921631533,5.09938825955636,5.10094339030935,5.10250902190819,5.10408442831537,5.10565674155069,5.10723861190159,5.10881813587989,5.11039707571219,5.11197167196616,5.11353229114361,5.11507616337087,5.11661362164776,5.11812662977355,5.1196214836105,5.1210902125074,5.12252599946087,5.12394138718386,5.12530612337297,5.12663168645375,5.12792283679309,5.12916312502742,5.13034832429728,5.13148796975554,5.13256356667095,5.13357107688771,5.13452533586094,5.13540520546541,5.13621135365745,5.13694586353689,5.13760351187566,5.1381845008065,5.13869049137036,5.13910616882227,5.13943302814663,5.13967860236542,5.13984013662476,5.1399146877599,5.13990419914414,5.13980428165748,5.1396146470852,5.1393350943068,5.13897562084592,5.1385330139394,5.13800707747704,5.1373997676791,5.13671285748428,5.13594964917136,5.13510931239004,5.13420092335302,5.13322925550774,5.13218268565786,5.13105930838503,5.13000063789338,5.12871500188215,5.12744860081481,5.1261282132929,5.12476843405476,5.12336980206494,5.12193650552972,5.12046889425597,5.11897149040622,5.11744991774628,5.11590670441754,5.11434617803135,5.1127723976007,5.11118435990064,5.10958917597577,5.10798916930291,5.10638814051109,5.10478741351141,5.10319084396093,5.10159809475589,5.10001343725573,5.09843987417277,5.09687813138915,5.09533081778128,5.09379943854486,5.09228525861544,5.09079013750322,5.08931466671827,5.08785901766882,5.08642434277286,5.08501413649457,5.08362865194498,5.08226803675041,5.08093234259277,5.07962166500942,5.07833543168375,5.07707852492407,5.07584679241031,5.07464501647263,5.07346530810907,5.07230802790028,5.07118198656537,5.07008486263983,5.06900651144867,5.06796422415167,5.06693909586365,5.0659432957466,5.06497393426291,5.06402554689873,5.06310528686546,5.06220239227496,5.06132721725462,5.06047357448977,5.05964310750188,5.0588345213783
5.06974177873455,5.07085393633842,5.07199205588335,5.073154473023,5.07434627052168,5.07555986913772,5.07680371416148,5.07807162682498,5.07936690850731,5.08068917079739,5.08203422175386,5.08340732254598,5.08480202132654,5.08622462854314,5.0876678850879,5.08913892624748,5.09063002618745,5.09214133559037,5.0936748490746,5.09521999343961,5.09679278948621,5.09837666693043,5.09996925544759,5.10158623684034,5.10317829337708,5.10482989153256,5.10647317871318,5.10811044889333,5.10975322232354,5.11139605788097,5.1130279589886,5.11465905237716,5.11627196596504,5.11787518292588,5.11946034027685,5.12101734400913,5.12255963533729,5.12406635083381,5.12553788858685,5.12697819236025,5.12836733000129,5.12971379072996,5.13102107885639,5.13226712967857,5.13345792139161,5.13459060695558,5.13565782391367,5.13665672099533,5.1375873017245,5.13843231163541,5.13921454805865,5.13990998637439,5.14051837997844,5.14104360157022,5.1414815716772,5.14183425461852,5.14209797097668,5.1422708350459,5.14234726516732,5.1423283704652,5.14222167449952,5.14202560536862,5.14173708302773,5.14135771983394,5.14088877508848,5.14033266288969,5.13969180775524,5.13896896634257,5.13816577840027,5.13728544994914,5.1363278121052,5.13529877426802,5.13421215250766,5.13300857705287,5.13176049091938,5.13053662694723,5.12920612100374,5.12783299902328,5.12640924206349,5.12494485247236,5.12344407215421,5.12191041687436,5.12034437069409,5.11875377627814,5.1171429383242,5.1155138526141,5.11387095758427,5.11221568203018,5.11055443812814,5.1088906102164,5.10722614202001,5.10556455849089,5.10390684339092,5.10225430391355,5.10061248267685,5.09898302068471,5.09736755997286,5.09576877206204,5.094187391617,5.09262591221305,5.09108389937522,5.08956254722132,5.0880644022565,5.08659049036849,5.08514233960528,5.08372050394097,5.08232294588671,5.08095720098886,5.07961480961289,5.07830396037429,5.0770152665115,5.0757592358814,5.07452730440989,5.07332757301557,5.07215790315575,5.07100416252498,5.06988884001886,5.06879938499045,5.06773439072033,5.06670028238365,5.06568897344753,5.06470883207862,5.06374732770934,5.06281458539065,5.06190547875361,5.06101910432887,5.06015875302282,5.05931996458335,5.05850439477482
5.06955268553675,5.07068175250976,5.07183865750971,5.07302418406453,5.07423420339268,5.07547452174789,5.07674075182285,5.07803659327696,5.07935808882233,5.08070951737469,5.08208807314663,5.08349250167309,5.08492486455289,5.08638204806067,5.08786805962554,5.08937420701827,5.09090999024332,5.09246649186253,5.09404646072037,5.09564533241795,5.09726050799544,5.09890885752669,5.10053641068629,5.10221772449004,5.103825754796,5.10558967161229,5.10730351842377,5.10899427066378,5.11070436267611,5.11241096926638,5.11411228875175,5.11580695148582,5.11749325097963,5.11916072812555,5.12081668381678,5.12244884410665,5.12405236955295,5.12563004989962,5.12717549933065,5.12868059153245,5.13014675646871,5.13155576220298,5.13292888041126,5.13424188551439,5.1354957760443,5.13669049195857,5.13781573036534,5.13886377154056,5.13983879649432,5.14074177145948,5.14155496672851,5.14228993796969,5.14293360635302,5.14349114443021,5.14396224903511,5.144333013305,5.14460357807238,5.14478055210756,5.14486683146368,5.14485277506388,5.14474242093937,5.14453314677292,5.14422623590334,5.14382756260433,5.14333425898361,5.14274932246193,5.14207346514134,5.14130839950101,5.14045866657114,5.13953295609352,5.13852793789598,5.13744520488151,5.13628967266493,5.13503524661377,5.133845908191,5.13246842337939,5.13106469308351,5.12960951330516,5.12811071789182,5.12657178032975,5.12499862639175,5.12339202144117,5.12175220685735,5.12008848464469,5.11840536628047,5.11670685040294,5.11499239473661,5.11326438756793,5.11153396410766,5.10980247065446,5.10807177199321,5.10634550582774,5.10462324969389,5.10290875871464,5.10120718754143,5.09952017294494,5.09784946614857,5.09619745793181,5.09456516031966,5.09295333206579,5.09136263409713,5.08979599240255,5.08825488830783,5.08674050935593,5.08525412572668,5.0837937205123,5.08236548213716,5.08096082542609,5.07959151477793,5.07824861544177,5.07693560177363,5.07565310418042,5.07439712504595,5.07317238861093,5.07197889533984,5.07081620058823,5.0696789659224,5.06856966665722,5.06749274882509,5.06644431847895,5.06542022659841,5.0644233885226,5.06345598807183,5.06251034633266,5.06159085759971,5.06069770370084,5.05982834874602,5.05898563763727,5.05816253773393
5.0693329842781,5.07048164552657,5.07165613435801,5.07286136185957,5.07409508111931,5.07535695894946,5.07664943565855,5.07797057803096,5.07932237048862,5.08070168428706,5.08211235748043,5.08354998772512,5.0850178310743,5.08651406228661,5.08803661373984,5.08958863105507,5.09116318216615,5.09276993121433,5.09439298584452,5.09604904691128,5.09771498383538,5.09943027012465,5.10107452983412,5.10282879923567,5.10457754015777,5.1063194626934,5.10809278126193,5.10986258917201,5.11163942904757,5.11341092923323,5.11518874821015,5.1169530815788,5.11871296226033,5.12045953420722,5.122184073155,5.12389603234222,5.12557305003602,5.12722244612305,5.12885053332546,5.13042416413874,5.13193331766168,5.13345553561567,5.13489029568254,5.13627579900907,5.13759809650004,5.13884542031388,5.14003171356948,5.14114047883506,5.14217158092047,5.14312345859976,5.14398380203261,5.14476093205077,5.14544774752321,5.14603285938447,5.1465210483953,5.14691211892598,5.14720674910196,5.14739957186183,5.14748903700896,5.14747229371448,5.14735391022478,5.14713562609194,5.14681415989106,5.14639075365135,5.14586692507642,5.14524695250096,5.14453870209207,5.14373565532551,5.14284257112977,5.1418628770704,5.14079955522261,5.13965674459432,5.13844758526406,5.13716853358694,5.1358363142741,5.13441263390024,5.13291294380824,5.13141258849413,5.12984203146037,5.12823068231451,5.12658409547031,5.12490261911699,5.12318584638524,5.12144582505634,5.11968686133389,5.11791267441252,5.11612460228623,5.11432422546622,5.11251852644654,5.11071514152415,5.10891559903837,5.10712221224722,5.10533255916215,5.10355416569784,5.10179003624028,5.10004376601266,5.09831621480524,5.09660936161291,5.09492401016957,5.09325909946815,5.09162007487307,5.09000753767235,5.08842265934218,5.0868677397578,5.08534130534983,5.08384526371146,5.08237841612344,5.0809458669088,5.07953801552115,5.07817040639636,5.07682881982808,5.07551771946418,5.07424161376901,5.07299167346028,5.07177689484141,5.07059610368003,5.06944027564948,5.06831886542194,5.06722619046093,5.06616137877937,5.06512857450763,5.0641173125574,5.06313707080082,5.06218326762941,5.06125371864631,5.06035672771591,5.05948039498751,5.05863148037921,5.05780681858608
5.0690933577578,5.07025775078547,5.07145089270864,5.07267594329405,5.07392945345559,5.07521545945838,5.07653063934311,5.077878540422,5.0792570070688,5.08066742700981,5.0821076292042,5.08358077188483,5.08508131801384,5.08661616740087,5.08817924618152,5.08977227844416,5.09139529412628,5.0930413422721,5.09472564484045,5.09642572892269,5.09810900563522,5.09977178324898,5.10162971635115,5.10344707606529,5.10524653894157,5.10706097731163,5.10889294645024,5.11072700718566,5.11257450259022,5.11442142295884,5.11626726387824,5.11811384204985,5.11994446365401,5.12177348204013,5.12358055729999,5.12536619492179,5.12712652543641,5.1288549012571,5.13056238758815,5.13219286101849,5.13382344730009,5.13542811701483,5.13691700217345,5.13836603447043,5.1397594349261,5.14107958305137,5.1423278907275,5.14350276039296,5.14458891051159,5.14558893919004,5.1465046955188,5.14732000324684,5.14804127624466,5.14866174015025,5.14918411825598,5.14960439123077,5.14991507917689,5.15011229939644,5.15020715977088,5.15019387680068,5.15006925044279,5.14983491974359,5.14949102956436,5.14905034405769,5.14850212753517,5.14784975506549,5.14709673985222,5.14624346638064,5.1453007435822,5.14426931612086,5.14315272993022,5.14194875578576,5.14066817850591,5.13931235883968,5.13781709247001,5.13641373823094,5.13489746388249,5.13328184815616,5.13162953739053,5.12993433533897,5.12820396717696,5.12644069808904,5.12464166939523,5.12282041914341,5.12098046808269,5.11912642665636,5.11725986912948,5.11538359209021,5.11350425860963,5.11162278697064,5.10975033821803,5.10788600927248,5.10602734222941,5.10418254771103,5.10235447755353,5.10054577583597,5.09875953452447,5.0969966949955,5.09525416590733,5.09353728792155,5.09184824781392,5.09018935461445,5.08856048822758,5.0869629706232,5.085395064002,5.08386482246808,5.0823659493947,5.08088975060798,5.07945557310041,5.07805407216812,5.07668863386454,5.07535472284205,5.07405211869512,5.07278199514302,5.07154556329219,5.07033863526859,5.06917381114048,5.0680349427704,5.06692886108925,5.06584919320382,5.06480077320136,5.06378024256657,5.062786288258,5.06182855640713,5.0608945090082,5.05998629569998,5.05910917206831,5.05825243122313,5.05742437310717
5.06881408893186,5.0699936342415,5.07120567616071,5.07244789137918,5.07372416889185,5.07503021943143,5.07637163123737,5.07774416205505,5.07915136972394,5.08059020623481,5.08206362258199,5.08356827727759,5.08510867012737,5.08667716571517,5.08828377394555,5.08991645764539,5.09158388173636,5.09327977335629,5.09500507109248,5.0967725837799,5.09850200053762,5.10035056731354,5.10219018426274,5.10402586442949,5.10590687987622,5.10778216908115,5.10967853724935,5.11159134481092,5.11350759589068,5.11543433315325,5.11735767656891,5.11928140225105,5.12119859068317,5.12310031595657,5.12499442734594,5.1268578893208,5.12870228738639,5.13051530123584,5.13229683845085,5.13401915520613,5.13575816825309,5.13738670764475,5.13900482484123,5.14052003653639,5.14198837910891,5.14338758181438,5.14469519306042,5.14593267264589,5.14708329609333,5.14814015504664,5.14910824007435,5.14997140934339,5.15073851639969,5.15140371592829,5.15195380502049,5.15238713652624,5.15271867543389,5.15293473121887,5.15303338910501,5.15301572367554,5.15288486099246,5.1526442502177,5.15228629066902,5.1518145064411,5.15122896863162,5.15054022120452,5.14974650802645,5.14885063549825,5.14785044319088,5.14675574156304,5.14557872216023,5.14431248527149,5.14296353145103,5.14153694219493,5.13999789288567,5.13855275216757,5.13687466423488,5.13517507185184,5.13343777039308,5.13165991037953,5.12984527131427,5.12799724093169,5.12611360946048,5.12420634603396,5.12228126595354,5.12034334089565,5.11839368537161,5.11643655717018,5.11447781359687,5.11252221337934,5.11057120644918,5.10863134484089,5.10670109405563,5.10478791544024,5.1028931436208,5.10102060644336,5.09917354441361,5.0973506528856,5.09555112863447,5.0937812431364,5.09204180290549,5.09033483928644,5.08866077657838,5.08701999983613,5.0854098739463,5.08384051732246,5.08230149753558,5.08080113555705,5.0793252275065,5.07789996055814,5.07650230719097,5.0751416301355,5.07381950908959,5.0725263035945,5.07127704517939,5.07005159834252,5.06886631249044,5.06771277666368,5.06659314001468,5.0655009850613,5.06443601972105,5.06341004178946,5.06240960161769,5.06143700350329,5.06049990765715,5.05958548808023,5.0587003410442,5.0578425842605,5.05700618057166
5.06848894973708,5.06968688137167,5.07091495110045,5.07217795030666,5.07347371673255,5.07480377624527,5.07616877459288,5.07756708015507,5.0790028571207,5.08047206963877,5.08197769568833,5.08351803330531,5.08509297588103,5.08670507763921,5.08834675490913,5.09002562099753,5.09173573577582,5.09348473553033,5.09526063455281,5.09706528543271,5.09888592640308,5.10075626474424,5.10266357040015,5.10458206168253,5.10651547864399,5.10847562186083,5.11044382253332,5.11243166392109,5.11442688019089,5.11642782133741,5.11843821205958,5.12043983011729,5.12244583202883,5.12443705661122,5.12641288139571,5.12837160330491,5.13029288462251,5.13220719697139,5.13406861085716,5.13591600063366,5.13769305308791,5.13944862828747,5.14112944409747,5.1427367839763,5.14427975637772,5.14574832432391,5.14714423658463,5.14844435469234,5.14966706739187,5.15078531847649,5.15180861757149,5.15273135925216,5.15353662513188,5.15423034100624,5.1548174016898,5.15528504684576,5.15563404312117,5.15585868679533,5.15596737396813,5.15595626149564,5.15581921444007,5.15555733076652,5.15517552047515,5.15467941101121,5.15406455538704,5.15333186863997,5.15248583550147,5.15154252947522,5.15049164148702,5.14933696036069,5.14808830847162,5.14674851977291,5.14532321773007,5.14381971697034,5.14221096627925,5.14048365317357,5.13891020242047,5.1371157705509,5.13529685879855,5.1334245587468,5.1315168521596,5.12957644053954,5.12760252660625,5.12560366812572,5.12358893363175,5.12156151741693,5.11952590138601,5.11748161666274,5.11543949275998,5.11340296619412,5.1113755021999,5.10935748816261,5.10735163740454,5.10536701548483,5.10340396617991,5.10146590450769,5.09955388053387,5.09766814144376,5.09581175806473,5.09398769493469,5.092196786257,5.0904404785261,5.0887199768224,5.08703510365546,5.0853878877269,5.08377209270783,5.08219870891493,5.0806631221413,5.07916370135716,5.07770054848116,5.07627638188829,5.07489175813006,5.07354643336573,5.07222969027634,5.07096234498549,5.06972047507624,5.06851981577398,5.06735503513399,5.06621514756038,5.06511485382675,5.06404202860153,5.06299984610488,5.0619934476565,5.0610176997979,5.06006878805208,5.05915498187924,5.05826293049062,5.05740206007113,5.05656599420041
5.06813907067835,5.06935063804265,5.07059750812995,5.07187875603891,5.07319492641482,5.07454696636661,5.07593487764383,5.07736128385721,5.07882217951254,5.08032339536309,5.08185849708782,5.08343473695279,5.08504507748493,5.08669326251959,5.08837789853115,5.09009397222854,5.09186140048881,5.09365882690487,5.09549249787945,5.09735135116469,5.09924685806454,5.10116726109988,5.1031307717142,5.1051075962839,5.10711810239096,5.10913946520965,5.11119211203261,5.11325096601659,5.11533127530209,5.11741677923463,5.11950851885689,5.12160567286685,5.12369014125892,5.12578081715962,5.12784772638322,5.12990381779338,5.13193716879429,5.13392694889325,5.13582440210992,5.13782848017212,5.13971298292798,5.14155006316222,5.14331511703132,5.14501174884364,5.14664088154965,5.14819370132502,5.14967054021201,5.15105087525783,5.15233352625092,5.15352552799478,5.15460305000287,5.15557336433857,5.15643306953778,5.15717398565213,5.1577972068608,5.1582896601004,5.15866192949312,5.15891107922642,5.15902374222782,5.15900122139545,5.1588587920244,5.15858694332296,5.15818369921592,5.1576503288898,5.15700182934554,5.15623396058616,5.15534195734938,5.15433573613631,5.15322270556152,5.15200426403545,5.1506845993597,5.14927133287716,5.14776311726453,5.14616363773425,5.14450205126481,5.14279081116283,5.14102104927875,5.13910958140666,5.13719258425444,5.13522425046704,5.13321872378426,5.13118026007689,5.12911132796963,5.12701589308546,5.12490581899589,5.1227858556488,5.12065935158367,5.11852581445887,5.11639638857947,5.11427463788801,5.11216489428802,5.11006722773657,5.10798437087803,5.1059218432086,5.10388742792435,5.10188106268719,5.09990442712175,5.09795313975979,5.09603775451727,5.09415696514187,5.09231320605306,5.09050715457305,5.08873908851063,5.08700870419389,5.08531622915879,5.08366351743403,5.08205334023385,5.08048148419058,5.07894771585762,5.07745952321542,5.07600590999698,5.07459525675886,5.07323020026905,5.07189806565733,5.0706017769792,5.06934387337153,5.06812481038438,5.06696646092234,5.06581061830304,5.06469231773479,5.06361409480499,5.06256114838411,5.06154540815897,5.06056228570417,5.05961015741291,5.05868559819251,5.05779434306784,5.05692508927382,5.05609143320074
5.06775726548993,5.06898315656663,5.07024525585413,5.07154363778458,5.07287940580711,5.07425175685111,5.07566416191945,5.07711295705432,5.07860411055701,5.08013044722837,5.08170173679163,5.08330601307763,5.08495786768899,5.08664496981189,5.08836626285513,5.09007649520407,5.0919503337459,5.09379949805655,5.09567891612929,5.09759585619808,5.09955219601945,5.1015399502932,5.10355964983221,5.10561281747385,5.1076913468118,5.10979525582422,5.11191888051552,5.11406620428127,5.11622169512671,5.11840082859933,5.12058074942186,5.12276900469235,5.12495549554917,5.12713333301191,5.12930891452871,5.13145222110865,5.1335896971165,5.13563923496542,5.137644042704,5.13980836120185,5.14175660062732,5.14369030413972,5.14555720796251,5.1473439420103,5.14908277769973,5.15072446394884,5.15226917322459,5.15374034571303,5.15510139359484,5.15635924408984,5.15750457925067,5.15853807767952,5.15945619901746,5.16023934757428,5.16089994847124,5.16143521444292,5.16182493996175,5.16207592967051,5.16220350887421,5.16218944134435,5.16203352138933,5.16173875523661,5.16132035463388,5.16076367912729,5.16007177816465,5.1592498745557,5.15831383042652,5.15725084636579,5.15607239936746,5.15477586593337,5.1533734229554,5.15188024668609,5.15029008832218,5.14861493718772,5.14684368222497,5.14497668503621,5.14312348786137,5.14113368436196,5.13913597878283,5.13706304037676,5.13495531615057,5.13281352836212,5.1306466206187,5.12845131011674,5.12624191520415,5.12402371628344,5.12180098427462,5.11957239683724,5.11735076240435,5.11514008078649,5.1129421962676,5.1107601914649,5.10859823253226,5.1064607871573,5.1043464398213,5.1022692114915,5.10022373710909,5.09820743596611,5.09622951724968,5.09429137658074,5.09239283392717,5.09053550276925,5.08871966050796,5.08694136371181,5.08520508351451,5.08351515691909,5.08186900215547,5.08026282077339,5.07870214130675,5.07718199622093,5.07570041240308,5.07426892238288,5.07287589231529,5.07152118012517,5.0702085346935,5.06893115800789,5.06761894865336,5.06651494125838,5.06536067219135,5.06421980953262,5.06312965779896,5.06207008593001,5.06104530611527,5.06006020540922,5.05910296822458,5.0581779029806,5.0572833432882,5.05641908366005,5.05557744992205
5.06732394194139,5.06856377084014,5.06984329654083,5.07115853862747,5.07251397991666,5.07390806644706,5.07534253388297,5.07681876449918,5.07833419507756,5.07989482007298,5.08149289689119,5.0831384629782,5.08482203579707,5.0865633230171,5.08833464297296,5.0900559504937,5.09197299968173,5.09388207825779,5.09581339074954,5.09779322569196,5.09980982622445,5.10186840303169,5.10396130011073,5.10608607233312,5.10824059149762,5.11042433285133,5.11263253523347,5.1148628124068,5.11711563357707,5.11937674187439,5.12165939094912,5.12393776249288,5.126227942974,5.12851055597785,5.1307788781522,5.13303875164767,5.13526002331308,5.13745525083368,5.13968125306635,5.14180714706683,5.14389254002759,5.14592096405305,5.14788915290648,5.1497888474537,5.15160612871895,5.15334345939238,5.15499456704647,5.15654648367418,5.15799059106133,5.1593235851732,5.16055129312903,5.16164619946676,5.16261061413864,5.16345375240842,5.16415126876198,5.16470609621303,5.16513087727812,5.16540772501141,5.16553667965344,5.16551792776295,5.16536377163777,5.16506274684188,5.16460989485503,5.16402140388061,5.16328620983874,5.16242234986161,5.16141564144297,5.16027824449594,5.15903167916361,5.15766678289955,5.15618317910289,5.15460441867173,5.15291186378085,5.15113034464445,5.14927906700446,5.14736090559751,5.14540941336797,5.14326939885574,5.14114362139356,5.13896016362892,5.13673851783895,5.1344886676159,5.132214152746,5.12991025185731,5.12759413454144,5.12527201881402,5.12294637690152,5.12061885642536,5.1183002215467,5.1159949727663,5.11370524625139,5.11143660862348,5.10919071384534,5.10697420944242,5.10478644654452,5.10262816238298,5.10051155876014,5.09842919671971,5.09638721729065,5.09438935935588,5.09243579457692,5.09052630888837,5.08865954871178,5.08683529807214,5.08505677414776,5.0833281510683,5.0816421922875,5.08000354862661,5.07840987578543,5.07686185864733,5.07535779564109,5.07389960925422,5.07247690423089,5.07111290521377,5.06978125146049,5.06849582395396,5.06726048498815,5.06599495535462,5.06489381725101,5.06372938175515,5.06262730358128,5.06156243925711,5.06053615663946,5.05954042731566,5.05858046134215,5.05765147901026,5.05675681238742,5.05588574126826,5.05504545230726
5.06686453794767,5.0681216250965,5.06941335538873,5.07074966772201,5.07212236248309,5.07353924963243,5.07499631883126,5.07649731954687,5.07804111945568,5.0796293649437,5.08126312690708,5.08294265443984,5.08467199452714,5.08643671162508,5.08823911150758,5.09007312856324,5.09200305838175,5.09395788902936,5.09595419239338,5.09799061949795,5.10007289229619,5.10218899856473,5.10435510414568,5.10655071439959,5.10878846408978,5.1110465865815,5.11334350304476,5.11565866313736,5.11800372326539,5.12036361456585,5.12273761776856,5.12512649321066,5.12750946500664,5.12990754750272,5.13228595264511,5.13464630127878,5.13699476840581,5.13931719624413,5.14161753849,5.14387090151135,5.14606980809699,5.14821855240308,5.15029342487737,5.15230820926861,5.15423261303587,5.15607627211055,5.15782694177776,5.15946408081945,5.16100895769151,5.16242641033501,5.16370979065839,5.16488252436638,5.16591026088292,5.16679554935412,5.16754503817055,5.16814463161413,5.1685963867069,5.16889100866866,5.16903687625746,5.16902596077076,5.16884718802422,5.16852211668993,5.16804413380481,5.16741540591373,5.16662438854823,5.16570648524487,5.16464291701046,5.16345572436567,5.16211504903731,5.16067519312837,5.15910046525201,5.15741526901985,5.15563581028528,5.15375838037391,5.15178824290889,5.14971527537118,5.14749761884882,5.14541488366784,5.14317524467683,5.14089174904913,5.13855797715663,5.13619208455262,5.13380233400531,5.13138795327084,5.12895901690404,5.12652607900355,5.12409246869292,5.1216620683547,5.11924137932106,5.11683608209659,5.11445159795842,5.11209113293338,5.10975849151405,5.10745698428681,5.10518903890842,5.10295900738022,5.10076690580073,5.09861461941347,5.09650868188733,5.09444824306725,5.09243832525076,5.0904765002736,5.08855807225027,5.08668796411743,5.08486581883712,5.08309568943465,5.08137386468132,5.0797016189007,5.07807745270571,5.07650054953399,5.07496858725929,5.07348755289518,5.07204138300611,5.070659698343,5.06931519048802,5.06801166079393,5.06675559895973,5.06552418241827,5.06434510069336,5.06320266364248,5.06210661139818,5.06103776398435,5.06000274265388,5.05900180139783,5.05803572398136,5.0571105089143,5.05621055965855,5.05533966182707,5.05449752173118
5.06640002579912,5.06766766764961,5.06897511000363,5.07032454102647,5.07171628605135,5.07314993749015,5.07463028595002,5.07615291196424,5.07772388211191,5.0793382017234,5.08100568002598,5.08271775252298,5.0844827145496,5.08628178680064,5.08812736870973,5.09003498882315,5.09198449701056,5.09399268925072,5.09604258186593,5.09814435452992,5.1002830903865,5.10247495077369,5.1047054712797,5.10698451487817,5.10929151229903,5.11164279415438,5.11402276827909,5.11643746026076,5.1188691866507,5.12133400017954,5.12381149568754,5.12630257576775,5.12880820140773,5.13130291025412,5.13380376096494,5.13628367873175,5.13874634677078,5.14120182073279,5.14360547006089,5.1459898899144,5.14830840730856,5.15057418547608,5.15277561348701,5.15489322812893,5.15694902948183,5.15889533345044,5.1607506370155,5.16249794774313,5.16411698186367,5.16562790730481,5.16700536591021,5.16824159726255,5.16933771824375,5.17029045709081,5.17109112586264,5.1717240306345,5.17220923134153,5.17253271317798,5.17267313413417,5.17265561961049,5.17248572873804,5.1721321883566,5.17162053094649,5.1709402943447,5.17012622996671,5.1691402102656,5.16800751746467,5.16674559068191,5.16532793364929,5.1637856527943,5.1621193993768,5.16033919757814,5.15844442646546,5.15645581604787,5.15436733305116,5.15221398029444,5.15003948148048,5.14768077681752,5.14529692438098,5.14288365650659,5.14042157487159,5.13792959359187,5.13541569673276,5.13288336352512,5.13033451881064,5.12778439807366,5.12523669313097,5.12269707154989,5.12016979154741,5.11766013921121,5.11517593183037,5.11272111714041,5.11029774959716,5.10790610171743,5.10555530343078,5.10324794674033,5.10098501263431,5.09876085906913,5.09658745350511,5.09446623690764,5.09239581938847,5.09038023004877,5.08841028586385,5.08649418346904,5.08463021085843,5.08282032976244,5.0810615135258,5.07935284865035,5.07770257818701,5.07609356051831,5.07453647670443,5.07303156832255,5.07156227736666,5.07015922175928,5.06880290248234,5.06748657934638,5.06621281589325,5.06497908092455,5.06378513901377,5.06263455488326,5.06152753965243,5.06045466233763,5.05941616849998,5.05841550027487,5.05744798161012,5.05652203251786,5.05562075170062,5.05475140225939,5.05391668823671
5.06588053019816,5.06715701877533,5.0684775641786,5.06984108464119,5.07124742257124,5.07270157558989,5.07419724959907,5.0757468777387,5.07733698614275,5.0789842503057,5.08067593766141,5.08243022613722,5.08421492016494,5.08605739165424,5.08795565231434,5.08990295679322,5.09191572178738,5.09396508387037,5.09607697436619,5.09822885510929,5.10043982466446,5.10269480512682,5.10500300952531,5.10735353782245,5.10975259384038,5.11219096096877,5.11466162495969,5.11716730287509,5.11970757192779,5.12226649038388,5.12485976046428,5.12746153502065,5.13008349219075,5.13270378203017,5.13531566424585,5.13792893096042,5.1405193607935,5.14309968302515,5.14564610765915,5.1481411649251,5.15060254885412,5.15298920252912,5.15532635079153,5.15757562864786,5.15973113336912,5.16181093764501,5.16377013902179,5.16562321586155,5.16736070157481,5.16896148636368,5.17042371319697,5.17175100004466,5.17293148735937,5.17393237920777,5.17478603283581,5.17547946299767,5.17599884211409,5.17630992915152,5.17648883504381,5.17646040301196,5.17626827657801,5.17589114647565,5.17536612178348,5.17465180464554,5.17376192567092,5.17271694439854,5.17152210484457,5.17016715265093,5.16866793510674,5.16702737284478,5.16525501834687,5.16337836147562,5.16138016025276,5.15926427879541,5.15704501553302,5.15476595048639,5.15240829123602,5.1499438873811,5.14743970206472,5.14490415220813,5.14231907933207,5.13969461613379,5.13705051648034,5.13439149446493,5.13171725813189,5.12904335295539,5.12637512841005,5.12372164440911,5.12108176274029,5.11846220277982,5.1158736783708,5.11332021891706,5.11079981515469,5.10831876197196,5.10588243471242,5.1034947604603,5.10115437543851,5.09886263865599,5.09662252323611,5.09443665561852,5.09230794953607,5.09023372162044,5.08821420902792,5.08625103514179,5.08434404670593,5.08249516193516,5.08070138723511,5.07896237387702,5.07727446654509,5.07563847735174,5.07405504333608,5.07253180260756,5.07105582898477,5.06961367849842,5.06824539219446,5.0669174878558,5.06562906543628,5.06439136498966,5.06319816030574,5.06204356047337,5.0609285757332,5.05985273070735,5.05881256428093,5.05780638299795,5.05683776124012,5.05590424035573,5.0550080685421,5.0541443016053,5.05331192639934
5.06528574692657,5.06657449905322,5.06790750918166,5.06928334719235,5.07070883602584,5.07217603794948,5.07369873304166,5.07526299217625,5.07688124290759,5.07853063646831,5.08028493636291,5.08205451947238,5.08388841463233,5.08577147928269,5.08771054511889,5.08971455158202,5.09176414519495,5.09387761354812,5.09603709547052,5.09826254734028,5.10053287954213,5.10286395739431,5.10524814941999,5.10767921371444,5.1101632862187,5.11269824041713,5.11526870257264,5.11788137930311,5.12051296910369,5.12319143878042,5.12588565927229,5.12861797609383,5.13134896243706,5.13410591317406,5.13684665885974,5.13959211183775,5.14232089861858,5.14503082815078,5.14771983999373,5.1503599009637,5.15294484396582,5.15548845204047,5.15794051243864,5.16033555766548,5.16263196997694,5.1648297151371,5.16692029399007,5.16889050778555,5.1707406354501,5.17244635209476,5.17402304765394,5.17544111697897,5.17668044080043,5.17777308937702,5.17867206224893,5.17940130218711,5.17994177285768,5.18029847343999,5.18048117371723,5.18045348746548,5.18025565740558,5.17986255086622,5.17929773527839,5.17850879575486,5.17758665716136,5.17647509326562,5.17520026290807,5.17375070126297,5.17215178323651,5.17041980482688,5.16853687100892,5.16653626364602,5.16440356744781,5.16215879766917,5.15982452940388,5.15741346019794,5.15493662957622,5.15226566177945,5.14965862153255,5.14697062835647,5.1442554793039,5.14148984004503,5.13870630470585,5.13591072755148,5.13310730694422,5.13030319613351,5.1275077870085,5.12473168564395,5.12197540302725,5.1192424794056,5.11654531004078,5.11388820000923,5.11127077608812,5.10869756927104,5.10617522847243,5.10370567272603,5.10128434476916,5.09891953920933,5.09661332301997,5.09436477883398,5.09217060145669,5.09003999398089,5.08796705022478,5.08595723503264,5.08400884961859,5.08211800326675,5.08028706923417,5.07851794501214,5.07680119017848,5.07514367499547,5.07353551298843,5.07198607017753,5.07048967204027,5.06903521314738,5.06764880145748,5.06630984433279,5.06501707287849,5.06376563498123,5.06256749318374,5.06140967245097,5.06028699326767,5.0592136407676,5.05817370138669,5.05716833429093,5.05620175345803,5.05526333602708,5.05436852983965,5.05350244509465,5.05266698829454
5.06466417568993,5.0659639812426,5.06730659094355,5.06869888561917,5.07013521063441,5.07162524998054,5.07316079898398,5.07475272365599,5.07639826713473,5.0780382396353,5.07984351705726,5.08165377193882,5.08352115787511,5.0854474930221,5.08743760002739,5.08948153398,5.09158894478012,5.09374951622012,5.09597816131419,5.09825667170206,5.10060217361663,5.10300262019863,5.10546423543239,5.10798444529706,5.11055224546343,5.11318107778272,5.1158530294783,5.11855864723769,5.1213183092536,5.12410100161919,5.12692408434026,5.12976725413229,5.13264621188803,5.13551701975868,5.13840767330335,5.14128871125034,5.14415927432132,5.1470246461741,5.14984320563314,5.15263819457346,5.1553821718377,5.15806135872222,5.16067979612676,5.16320357888003,5.16565027184243,5.16798346972235,5.17021523460519,5.17231203494201,5.17428342840119,5.1761165556035,5.17776651284047,5.17928564373603,5.18062244181257,5.18176981502331,5.18273233424382,5.18352514491277,5.18411269695867,5.18448884444688,5.18468294983175,5.18467021709409,5.18444244827407,5.1840191664192,5.18340277548082,5.18261015267515,5.18159698947102,5.18042605628087,5.17903733067912,5.17750716035076,5.17581538068426,5.17395894930979,5.17196119083232,5.16981826695825,5.1675556126997,5.16518282048191,5.16270853621822,5.16017563788942,5.15753277531127,5.15471833073359,5.15193485203274,5.14909373590768,5.14622822988945,5.14332246010399,5.14039054803118,5.13744865672317,5.13450835430278,5.13156584106968,5.12863604296258,5.12573059063626,5.12285195682268,5.12000014014335,5.11719350100631,5.11443197415899,5.11171097709243,5.10904122512949,5.1064280072813,5.103870603752,5.10136751612002,5.0989284494721,5.09655264965815,5.09424030325958,5.09198631534788,5.0897951981092,5.08766962559549,5.08561070608499,5.08362051131961,5.08169324447598,5.07982908617033,5.07802206709188,5.07627809973819,5.07459406449607,5.07296228275472,5.07139947203729,5.06987926816646,5.0684247370424,5.06700891480057,5.06566293546234,5.06436246722234,5.06310570806621,5.0619031788945,5.06073604830524,5.05961469122701,5.05852936327059,5.05749680431776,5.05649995249417,5.05553271372738,5.05460211761711,5.05370330501258,5.05284115718882,5.05201500271493
5.06403714603235,5.06534235711618,5.06669882640153,5.06809853010456,5.0695525997778,5.0710538138986,5.07261422972858,5.07422781839369,5.07591057062102,5.07757898527139,5.07939037534326,5.08122896066647,5.08314041929797,5.08510543950077,5.08713510769977,5.08922483553206,5.0913791912059,5.09359912584846,5.09588074423178,5.09823052770487,5.10063844004445,5.10311477718341,5.10565481537732,5.10825552788526,5.11091837701403,5.11363021778556,5.11641211394501,5.11923154844896,5.12210164898885,5.125002188171,5.12794924962252,5.13093311107253,5.1339259403538,5.13695029177818,5.13997597350567,5.14301466591382,5.14604017026274,5.14905157766369,5.15203546248926,5.15497992678912,5.15788886809991,5.16072855860679,5.16350303134861,5.16618741511795,5.16878108523865,5.17127490682077,5.17363379699118,5.17589557002822,5.17799283194099,5.17992455542941,5.1817190908563,5.18331582045366,5.18474186096564,5.18597104845492,5.1870021192037,5.1878434589174,5.1884698528687,5.18886646168153,5.1890976223428,5.18905731159234,5.18882520837721,5.18839877728039,5.18774197150902,5.18687718605841,5.185789297178,5.18453199812852,5.18307274859132,5.18142725175188,5.17963444207877,5.17764359796149,5.17551098713886,5.17323984725043,5.17084725985896,5.16831817930618,5.16569185671715,5.16300622279156,5.16014672587767,5.15721734791221,5.15427663586609,5.15127450601057,5.14824041444668,5.14518352175963,5.14209309064672,5.13899660350713,5.13590489061544,5.13282260652458,5.12975008192599,5.12670770222636,5.12370511273818,5.12073233021537,5.11780683687612,5.11493331411126,5.11210481617241,5.10933532768586,5.10662823337833,5.10397976651713,5.10139392966073,5.09887856206282,5.096432624253,5.09404987737613,5.09173627437123,5.08949389792815,5.08731423293779,5.08520653306243,5.08317233945326,5.08120838868317,5.07930849661842,5.07747278492755,5.07570047169468,5.07399552766404,5.07234706744988,5.07075833181788,5.06922849069642,5.06775690184792,5.06632653022627,5.06497206098333,5.06366389674685,5.06240303980574,5.06119332436354,5.06003210631767,5.05890932240265,5.05782658535208,5.05678310263769,5.05578867446447,5.05483406100456,5.05390490569019,5.05301458509459,5.05215411607338,5.05133141797029
5.06337888080389,5.06469519118746,5.066053705716,5.06746723295367,5.06892909239486,5.0704465367285,5.07202590093088,5.07365115959996,5.07533772110539,5.07706972139212,5.07887708870625,5.08075792219969,5.0826927095803,5.0846993029138,5.08676376636997,5.08890300328137,5.09110389852155,5.09337905983612,5.09572018707762,5.09813193649277,5.10061083709111,5.10315853958556,5.10578411938862,5.10847258651736,5.11121967875469,5.11403631171409,5.11690590217056,5.1198485695708,5.12282901452596,5.12586779763751,5.12893435291311,5.132057039604,5.13519532708523,5.13835522071528,5.14154455455439,5.14473172743901,5.14792543246419,5.15109516592164,5.15424898925434,5.15737602834026,5.16043976165851,5.16346377719295,5.16639160050424,5.1692611372707,5.17201617113269,5.1746662542582,5.1771988349698,5.17957515791371,5.18180658014274,5.18389843587374,5.18579266192036,5.18751802523033,5.18905213708944,5.19035542460201,5.19147253121582,5.19236715134551,5.19303636095589,5.19347853218259,5.19369089557365,5.19367584987473,5.1934188255657,5.19295376165594,5.19224661083496,5.19133941089849,5.19019487062454,5.18882722957727,5.18729817758691,5.18552628306341,5.18360977011543,5.18149451973461,5.17920648870338,5.17680205911046,5.17423850724145,5.17155482041087,5.16876383923514,5.16584546268639,5.1628522118569,5.15977849339204,5.15666004000768,5.15347902637775,5.15027877796272,5.1470485474882,5.14379822857169,5.1405392208278,5.13728710572118,5.13405501879633,5.13083441467982,5.12765343584934,5.12451718255857,5.1214157575241,5.11836614923484,5.11537570084113,5.11243494391793,5.10956134228194,5.1067600150944,5.10401976930957,5.10134969443674,5.09875593100332,5.09623711343571,5.09378636904649,5.09141225342435,5.08911512573901,5.08689469269249,5.08473453270407,5.08265634219238,5.08065383394296,5.07872051907897,5.07685827754082,5.075060955084,5.07332889807053,5.0716622828852,5.07005797208952,5.06851305531302,5.0670267833437,5.06560491903341,5.06422213349325,5.06291337172887,5.06165044611204,5.0604336845656,5.05927546400194,5.0581516090354,5.0570790338309,5.0560396336886,5.05504134226767,5.05408486558653,5.05317153137246,5.0522886184371,5.05143750491905,5.05061783949034
5.06265939413234,5.06397326506186,5.06534167313681,5.06675967485526,5.06823139098463,5.06976177937358,5.07135087118342,5.07299884163378,5.07469481163556,5.07645689034441,5.07829388725526,5.08019286223508,5.08216810524495,5.08419686467182,5.08631140028175,5.08848362534208,5.09074224175306,5.09306290867399,5.09546757565702,5.09793981441497,5.1004895013598,5.10311508824681,5.10581159896968,5.10859299108102,5.11143630669172,5.11435103270266,5.11733702348478,5.12038718865902,5.12349928579129,5.1266565616217,5.12986992140473,5.13311843821767,5.13641779453038,5.13973436267525,5.14307325537445,5.14644293490703,5.14979476769161,5.15315081653111,5.15648728161912,5.15979155312027,5.16305201380744,5.16623508854392,5.16936999646009,5.17238986534264,5.17534335704957,5.17816434630088,5.18085457855968,5.18339200198739,5.18579778332011,5.18803227843025,5.19009262589526,5.19188108271915,5.19352894649898,5.19494472934291,5.19614285122779,5.19709960449951,5.19781200726287,5.19827382038306,5.19850868869305,5.19850644855332,5.19823036100993,5.19774656168423,5.19698466442355,5.19600079499462,5.1947875544763,5.19333073922195,5.19168048384607,5.18978241294612,5.18771887907003,5.18546989727976,5.18305584308725,5.18048398567024,5.1777375439068,5.174880468046,5.17191299712442,5.16882267962705,5.16565297052514,5.16239018466012,5.15906938784011,5.15572466130317,5.15233045629865,5.14891985960926,5.14549820777394,5.14206848897088,5.13864583448362,5.1352508068922,5.13188381070429,5.12855450011611,5.12527633210941,5.12204190288563,5.11886357862019,5.11575214386793,5.11270144824071,5.10971566256549,5.10681230746371,5.1039787486533,5.10122396451599,5.0985513333592,5.09595684432556,5.0934394663361,5.09100520545398,5.08865375316788,5.08637860313927,5.08418311408047,5.08206606352566,5.08002471868004,5.07805661069604,5.07616571985545,5.0743399131214,5.07259334599262,5.07090672455917,5.06929055811571,5.06773328362941,5.0662392901472,5.06479676049627,5.06341714603142,5.06209266239177,5.06084203687617,5.05962630130744,5.05846275919264,5.05734853281291,5.05627929890563,5.05524458454249,5.05425739403865,5.05329860049904,5.05239032844176,5.05151490987812,5.05068082338247,5.04986765572572
5.06184634528012,5.06316720306412,5.0645374291861,5.06596234129179,5.06744332267898,5.06898214130344,5.07058711653668,5.07224072949448,5.07395279496979,5.07574747918714,5.07759718899324,5.07953722127518,5.08152782849372,5.0836066255288,5.08574631979711,5.08797544253651,5.09027060362007,5.09265567579782,5.09511039893283,5.09765426191346,5.10026841450531,5.10297530056657,5.10575475450164,5.10861389630226,5.11156334037526,5.11458391579573,5.11767795983195,5.12084499664601,5.12407941341123,5.12739351471769,5.13072551376041,5.1341465415466,5.13758861565609,5.14107739995361,5.14459574962771,5.14812391108285,5.15165661171212,5.15518421010127,5.15875179559093,5.1622384696768,5.16568375115351,5.1690755020703,5.172386071571,5.17563650749881,5.17876124450782,5.18177575567319,5.18466081873096,5.18737120639351,5.18995330578198,5.19233263815253,5.19450211729044,5.19647267037469,5.19823150074838,5.19973124705768,5.20100826046748,5.20205034921105,5.20281490614392,5.20334501146504,5.20358573094839,5.20358647822654,5.20331477536229,5.20277750525031,5.20199178909341,5.20090522874395,5.19961194377153,5.19804047885362,5.19624589880151,5.19421885768692,5.19201767921879,5.18964226141085,5.18704705753524,5.18430708109263,5.18137194994787,5.17833063661917,5.17517854754947,5.1718743752389,5.16855928789386,5.16502379975956,5.16148590717073,5.15798387062767,5.15441097918035,5.15080603079636,5.14719269084662,5.14358645000069,5.13998650154818,5.13641779022026,5.13289865643536,5.12941076376501,5.12598143083828,5.12260809339427,5.11929618918366,5.11605940656677,5.11289482459306,5.1097966799515,5.10679553796003,5.10385919407631,5.10101480382257,5.09826094953705,5.0955914739667,5.09300795714593,5.09051508653471,5.08810820889665,5.08578617248842,5.08354895079719,5.08139443879294,5.07931891408814,5.07731653306123,5.07539250733365,5.07354892298724,5.07178480750862,5.07008489260738,5.06845486517599,5.06688749470884,5.06538529902589,5.063946805366,5.06255403161951,5.06123438766668,5.05997815526498,5.05876384106651,5.05760563719803,5.05648953282213,5.0554315174526,5.05439718506199,5.05342178435857,5.0524758168405,5.05157239819193,5.05070337483053,5.04987757457455,5.04908416899561
5.06097547561434,5.06229551009594,5.06367032583787,5.06509977369028,5.06658676220074,5.06813693801972,5.06974313308902,5.07141747748482,5.07314868814965,5.07495653973546,5.07684057629508,5.07879367321599,5.08082516180501,5.0829258647845,5.08511638191378,5.08737731384483,5.08973052740626,5.09215939459333,5.09468247458534,5.09728445938715,5.09997718066218,5.1027487756826,5.10562808385735,5.10857353188035,5.11161933701874,5.11475262536024,5.11795978657779,5.12125179268888,5.12462833332167,5.12806133313202,5.13156908127972,5.13512456760713,5.1387521899701,5.14239738372636,5.14611002807391,5.14984273508066,5.15356634331047,5.15729354733771,5.16102500612172,5.16472666162665,5.16838046193739,5.17199171191896,5.17553457721508,5.17898622611117,5.18231657351531,5.1855378461944,5.1886263131585,5.19155668854142,5.19429787690547,5.19686181870707,5.19917069774208,5.20130881053499,5.20315955731269,5.20481144697489,5.20617214145116,5.20730475231931,5.20813697210304,5.20871854410328,5.20898408819185,5.20897322789889,5.20868203729515,5.20808738198631,5.20720739582318,5.20605235117265,5.20467287215616,5.20298832952163,5.20104920083545,5.1989215634791,5.19654570056693,5.19400706959744,5.19122487493472,5.18826780097131,5.18515034355499,5.18192782430777,5.17855373077446,5.17506405594429,5.17147787578067,5.16779802933011,5.16405765648657,5.16030120914878,5.15651491182596,5.15271003701123,5.14889291051559,5.14509347811856,5.14131148084766,5.13756113534056,5.13387295059498,5.13022227757547,5.12663470276979,5.12311664509968,5.11966287799647,5.11629398824728,5.11300206436139,5.10979675116394,5.10668130521904,5.10365983154363,5.10072592145248,5.09789048263757,5.09514911632558,5.09250115905884,5.08994893917098,5.08748559434563,5.0851120780166,5.08283335490268,5.08064466157594,5.07853246773103,5.07650439114013,5.07455669579142,5.07268929948314,5.07090496305343,5.06919078772344,5.06755411733211,5.06597963551863,5.06447072460256,5.06302352963727,5.06164492346802,5.06030599880085,5.05906067588255,5.05785133416585,5.05669845430625,5.05559501445726,5.05453059155636,5.05351773682083,5.0525422585898,5.05161240405705,5.05071808731106,5.04986676126201,5.0490420109676,5.04826036986089
5.06007525761588,5.06139665928409,5.06277225942517,5.0642046949813,5.06569687295943,5.06725159154929,5.0688717658812,5.07055121157912,5.0722965185223,5.07412931475677,5.0760287557066,5.07801006104346,5.0800618739009,5.08220313886956,5.08441862894997,5.08673231152595,5.08912296276515,5.09161253995727,5.09418480055276,5.09685914499658,5.09961792125881,5.10247325236069,5.10542909510337,5.10847650010403,5.11161807784682,5.11485642059843,5.1181872863354,5.12160712566915,5.12511311108708,5.1287010127168,5.13235809328968,5.13609035195526,5.13987583217129,5.14372147687924,5.14758999631832,5.15160079042858,5.15530465976382,5.15943621474719,5.16340341294274,5.16729566678735,5.17119738216224,5.17502117295668,5.17880180835323,5.1824675087679,5.18602680737583,5.18949136346242,5.19279538202306,5.19591728655718,5.19885034062402,5.20160392905636,5.20409672658555,5.20635928410835,5.20838257749465,5.21017793383794,5.21164463665843,5.21284662552772,5.21375890782171,5.21436754141841,5.21466627800747,5.2146420769453,5.21431571974823,5.21365220222642,5.21274105088471,5.21150212189504,5.20999927329523,5.20820960698143,5.20613814311829,5.20385134556351,5.20130030702091,5.19858333141899,5.19559058634418,5.19241374546686,5.18910775306937,5.18564911019738,5.18204780144891,5.1783509103127,5.17456843728606,5.17058298841914,5.16664141025252,5.16265368870755,5.15864188304983,5.1546234109584,5.15059464503877,5.1465841052381,5.14260815520487,5.13867177569929,5.13479465132517,5.1309813277197,5.12722706806017,5.12355722924157,5.11995687009733,5.11644808689033,5.113038459546,5.10971232670391,5.10649063082562,5.10337144146472,5.10034724578248,5.09743428627725,5.09461678111189,5.09190140511099,5.08929093740638,5.08677428567502,5.08435185663994,5.0820328101482,5.07980632647463,5.07766083460631,5.07560936285229,5.07364776048214,5.07175599761795,5.06995401386374,5.06823339061215,5.06658634247421,5.06500753058828,5.06349338252088,5.06204541493772,5.06066722998646,5.0593318755915,5.05808841714809,5.05688909016564,5.05573699204423,5.05464433822103,5.05358753528752,5.05259158597128,5.0516268715379,5.05070886677926,5.04983069305314,5.04898718382313,5.04817538621507,5.04740536867509
5.05915329891172,5.06047209808234,5.06184489643906,5.06328025521047,5.06477132856469,5.06633036481661,5.06795594527595,5.06963869219744,5.07141236519234,5.07324897580613,5.07517111548261,5.07716261796146,5.07924844045451,5.08140922581504,5.08366847631425,5.08600857468599,5.08845282980806,5.09098389429574,5.0936195200241,5.09634642871996,5.09918574313189,5.10211176360973,5.10515209415479,5.10829063675619,5.11154356735787,5.11488197318578,5.11833105007016,5.12188632491589,5.12554193345825,5.12927267100513,5.1330903658922,5.13699186323809,5.1409721162371,5.14498160318789,5.14894810195844,5.15328133251136,5.15736091480737,5.16154973559601,5.16575126937813,5.16992595966036,5.17404805843143,5.17813238867717,5.18214353116669,5.18606861008084,5.18989328833986,5.19357910469801,5.19711534803923,5.20045766160978,5.20363036812817,5.2065638641998,5.20920169981538,5.21170519399125,5.21389243707567,5.21578536100733,5.21737677819061,5.21869622170445,5.21968568781696,5.22031953521334,5.22063490957779,5.22060167905288,5.22023341116775,5.21955484193618,5.21855983537271,5.2172264875371,5.2156029461002,5.21367490590361,5.21143623662651,5.2090051835964,5.2063013156203,5.20335979617188,5.20014046770457,5.19677112341418,5.19322049737727,5.18951572137449,5.18566984756414,5.1816770288278,5.17759772621437,5.17349911254356,5.16926250429929,5.16502827496566,5.16078001145815,5.15652256850904,5.15228050019402,5.14804591342058,5.14385777591608,5.13972987546052,5.13565869359032,5.13166860740376,5.1277396428972,5.12390882695837,5.12016586383442,5.11651310883273,5.11297711364475,5.10952975082302,5.10619601708307,5.10297697123017,5.09986302125251,5.09686826008628,5.09397856109372,5.09119611506676,5.08852930479194,5.08596117546862,5.08349109592114,5.08113125030816,5.07887196852481,5.07670082636652,5.07462353781394,5.07264412729366,5.07074099535445,5.06893075555197,5.0671977492784,5.06554566898041,5.06395600133889,5.06244777656199,5.06100275519304,5.059627883223,5.05831465785355,5.0570540820795,5.05586753205361,5.05472416912454,5.05364665464886,5.05260931959675,5.05161464769365,5.05066609291255,5.04976566225197,5.04889514563351,5.04806967331512,5.04727472003963,5.04651882473021
5.05818167584666,5.05949040494523,5.06086510815784,5.0622900723621,5.06378509993318,5.06534347573727,5.0669600335044,5.06866455664733,5.07043285578914,5.07229405241829,5.07421761030949,5.07623514931028,5.07833186229765,5.08052752296812,5.08280740012022,5.08519253688206,5.08766761107838,5.09025341321357,5.09293570770245,5.09573016828813,5.09862626955215,5.10164073902286,5.10475574564466,5.10799123342481,5.1113436818153,5.11479937246039,5.11836905621107,5.12204079633659,5.12586412689843,5.12974873081215,5.13371821328555,5.13778732140208,5.14195936715603,5.1462124460755,5.15047018183115,5.15488769163406,5.15928082404048,5.16369640448502,5.16811930928939,5.1725488941586,5.17692226160984,5.18126993074798,5.18556381729787,5.18976387244434,5.19383249561281,5.19777023803366,5.20156635161621,5.2051570811785,5.20858007074276,5.21173295199587,5.21470655703871,5.21734923235296,5.21965927445043,5.22168518899198,5.2234468034379,5.22482887260415,5.2259088178894,5.22661376218605,5.2269284168835,5.22689799226107,5.22653125750561,5.22579220717496,5.22470692647015,5.22329075523999,5.2214929636654,5.21945392958787,5.21706928999178,5.21445843293362,5.211505038544,5.20832494519421,5.20489302805335,5.20128107921427,5.19747821705876,5.19348288490538,5.18938496973699,5.18511814809093,5.18079562803707,5.17640494683322,5.17192039589759,5.16742734231111,5.16292018377471,5.15840795988835,5.15391931810266,5.14946776730546,5.14505130676162,5.14071632736805,5.13644613440785,5.13225530899456,5.12815905761502,5.12415570873463,5.12026851276968,5.11647054594066,5.11279507959688,5.10923625251097,5.10578740070852,5.10247212338395,5.09927148550831,5.09618928025144,5.09323588679483,5.09038055852288,5.08765362253057,5.08503972906373,5.08252474618044,5.08013068412485,5.07783943018113,5.07564323179037,5.07354864308423,5.07154557348348,5.06964108806339,5.06781839765364,5.06608835944226,5.06442252741685,5.06283495239446,5.06133081348347,5.0598934711446,5.05852803836981,5.05722226941942,5.05596482035079,5.05479197957415,5.05366262849877,5.05259633985022,5.05157693391794,5.05060057459491,5.0496659455205,5.04877117991331,5.04792549751565,5.04711232963898,5.0463388036627,5.04559828624779
5.05712083676258,5.05842787336561,5.05978620082795,5.0612131798108,5.06270109660152,5.06425474396845,5.06587612611142,5.06756339084433,5.06935601592678,5.07121719819058,5.07316512925148,5.07518368866317,5.0773068776203,5.07951749953452,5.08183350958517,5.08424368624197,5.08676730316939,5.08939208390614,5.09212964700656,5.0949797793214,5.09795605464328,5.10103705379683,5.10424317670273,5.10756560656178,5.11101901846039,5.11458311016498,5.11823540970908,5.12204577911505,5.12606189567417,5.13007185970441,5.13422731116419,5.13847260389274,5.14282015865249,5.14737095953274,5.15186755107262,5.15646259133829,5.16113333063175,5.16580131334074,5.17047291178925,5.17514606644237,5.17984091636121,5.18447932557767,5.18906301893071,5.19354483944383,5.19791611220681,5.20215503697279,5.20619776392359,5.21011302338959,5.2137918999032,5.2171556415009,5.22029731099759,5.22322398715226,5.22575994839231,5.22795393134378,5.22982969404082,5.23134507684175,5.23248356584721,5.23325940871468,5.23359213616042,5.2335483769162,5.23315853255539,5.23237624880082,5.23115473725625,5.22965542489709,5.22773214306715,5.22553236489229,5.22298274524107,5.22011899116657,5.21694422335185,5.21352895048271,5.20986129531682,5.20598052520791,5.20189420189353,5.19760086545714,5.19319257059636,5.18867563297975,5.18406032436147,5.17936440447656,5.17460306616189,5.16983699778883,5.16505831963586,5.16028560297134,5.15552522842133,5.1508155581587,5.14618117877128,5.14161503689774,5.13715149991229,5.13276121253172,5.12848494561577,5.12430467432452,5.12025360864199,5.1163183491594,5.11250348416239,5.10881860266724,5.10526109741469,5.10184458788932,5.09855670970746,5.09539651826587,5.09236847205591,5.08945531113214,5.08667109454689,5.08401381651784,5.0814623043829,5.07901906158836,5.07670871760694,5.07449023043942,5.07238231824768,5.07036329899935,5.06845702864717,5.06663186710658,5.06489214918737,5.06322978373351,5.06164988739835,5.06015238938351,5.05872297905059,5.05736079343072,5.05606728313613,5.05484083956581,5.05365713573602,5.05255268581644,5.05149347321116,5.05049524133936,5.04953580614764,5.04862619626748,5.04774594314272,5.04691715373434,5.04612197514914,5.0453667881261,5.04464381859334
5.05598343540171,5.05727585002554,5.05863111949471,5.06004679795924,5.06152847130311,5.06308018986813,5.06469357100738,5.06636706488479,5.06817791756784,5.07005089399313,5.07199818202628,5.07403735542166,5.07617074018279,5.07840830751399,5.08074316966694,5.08319364323198,5.08574228653696,5.08841488689554,5.09120517198236,5.09411164084507,5.09715399515467,5.10031797944755,5.10360364432962,5.10702877102666,5.11057492796179,5.11427248639139,5.11806569855107,5.12203961912433,5.12614940792054,5.13040938793027,5.13472236278565,5.13915593234659,5.14378971037354,5.14841776120824,5.15317569072805,5.15801478107456,5.16299075805752,5.16787220977666,5.17282643734374,5.17782556297648,5.18283576702323,5.18777576020419,5.19267311449399,5.19745673502918,5.20214090078225,5.20661419007414,5.21091273622104,5.21525953544852,5.21910542625228,5.22280663931486,5.22624055339372,5.22935037464757,5.23212300664323,5.23449390925996,5.23657679548879,5.23821661719008,5.23943639903817,5.24024278973412,5.24061395693629,5.24061352119259,5.24016984219048,5.23933075864186,5.23800615106228,5.23638667349145,5.23434951101624,5.23195236078479,5.22919870982162,5.22610927974683,5.22266223571831,5.21899343769438,5.21505965206969,5.2108918342033,5.20648287858706,5.20186071695927,5.19717633167747,5.19233430441071,5.18738995968737,5.18239466303645,5.17734750812358,5.17224826018164,5.167176615018,5.16211313869539,5.15711019622566,5.15214897853185,5.14726864402857,5.14246508429287,5.13777422707236,5.13319104040962,5.12871038467042,5.124376058721,5.12014094764182,5.1160569811234,5.11210259157968,5.10828687226476,5.10463050295767,5.10110772401419,5.09773823391618,5.09448473231959,5.09138139213995,5.08842527595529,5.08557009800587,5.08287259138379,5.08028850252725,5.0778249218169,5.07547709566946,5.07324485665408,5.0711263559377,5.06910044237503,5.06717674534885,5.06536002357286,5.06361932064649,5.06195970594963,5.06040179732444,5.05890520094971,5.05749194638976,5.05614496286011,5.05485323049771,5.05364223216926,5.05248293533515,5.05139188379035,5.05034841608405,5.04936922774589,5.04842609759065,5.04753848302152,5.04668535884138,5.04587519411441,5.04510281898032,5.04436500814249,5.04366263333133
5.0548029243163,5.05608571777166,5.05742637961097,5.05883166686175,5.06030793404631,5.06184671800344,5.06345757202567,5.06514714863417,5.06687101729354,5.068820956887,5.07077237384305,5.072814588038,5.07496633616739,5.07721613665623,5.07957359629185,5.08204953393335,5.08463425473871,5.08734851880042,5.09017656381006,5.09314887746085,5.09624274784481,5.09947701630062,5.10284865260866,5.10635976059108,5.11001510252093,5.11380422376768,5.11777487336393,5.12182544942736,5.12602466831446,5.13052775916264,5.13515869779821,5.13978231110648,5.144555590949,5.1494054025085,5.1544544107129,5.15957584149216,5.1647337585184,5.17005613734484,5.17535493991371,5.18060028236852,5.1858829331229,5.19121291059077,5.19650876688276,5.20160645215804,5.20666433323626,5.21137613703079,5.21625597063421,5.22083677048962,5.22503176906464,5.22881175223142,5.23261453741208,5.23588456226218,5.23889421332195,5.24155968509025,5.2437419961673,5.24553977760142,5.24685980139166,5.24772350255754,5.24814881828917,5.24816397514964,5.24768088759725,5.24672527396066,5.24535152314638,5.24356474829318,5.24135266777134,5.23879008531596,5.23578467490135,5.23244489963553,5.22872795618548,5.22477580672497,5.22051880899773,5.21610987134152,5.2111690868944,5.20625861531505,5.2013183678469,5.19614682029519,5.19085936586185,5.18549879656196,5.18011737339071,5.17473157140089,5.1693275835045,5.16399259790211,5.15867687946838,5.15342853094457,5.14828419311382,5.14327756421569,5.13832877515192,5.13352163068426,5.12883955515059,5.12430141839518,5.11991064391915,5.1156707356052,5.11157574321738,5.1076216226145,5.10386750331551,5.10023336681198,5.09676804720817,5.09345736239604,5.09028139042474,5.08725110135726,5.08436525953625,5.08160763340951,5.07899539757153,5.07650236507276,5.07414062555661,5.07189230837663,5.06975710477395,5.06773625870096,5.06580770430032,5.0639926259491,5.0622643808664,5.06062162943158,5.05906141206668,5.05758555016998,5.05619156438484,5.05485663025394,5.05359302509099,5.05239255114972,5.05125658707995,5.05017644877869,5.04916408400668,5.04819758086279,5.04728705802082,5.04641613218052,5.04558703352534,5.04479706743285,5.04404944792688,5.04333271302705,5.04265227787925
5.053597999527,5.05485909368782,5.05618511659462,5.05757927214786,5.05903560424499,5.06056551140911,5.06218695863042,5.0638594564178,5.06563723391453,5.0675297123796,5.06946810578232,5.07151633891819,5.07367695403755,5.07593135043765,5.07831553630731,5.08079897454133,5.08342269806851,5.08616030333498,5.08903948981995,5.092050462465,5.0952007888886,5.09850894194842,5.10193811026989,5.10554577924445,5.10930287617361,5.11325227120743,5.1172760365428,5.12150770619444,5.12595025104147,5.13052581943738,5.13524680313973,5.14010319708464,5.14511299569144,5.15025835772226,5.15554193613302,5.1609499250457,5.16639286846584,5.17193257622713,5.17769974616818,5.18348184130368,5.18906480798838,5.19457965548516,5.20035327874877,5.20593554326238,5.21124415996845,5.21641961086399,5.22155481149749,5.22630364721338,5.23072845392918,5.23547491297709,5.23941615538731,5.2430213870135,5.24616546715979,5.24900528163596,5.25144087297461,5.25335537409718,5.25453187185001,5.25559768093062,5.25631134694692,5.25614669738419,5.25569701171076,5.25470345460834,5.25307345192552,5.2512606713626,5.24891113812905,5.24604677217954,5.24282154748863,5.23907099352537,5.2351188084076,5.23079172457109,5.22623455452722,5.22124824230387,5.21615935021368,5.21105752444658,5.20563338117074,5.20004425231284,5.19442078917722,5.18878932575052,5.18304017150785,5.17729855439667,5.17149112564929,5.16583039981584,5.1601712669744,5.15463987974089,5.14920979727586,5.14390550955788,5.13874133801081,5.13370446784464,5.12882971406464,5.12406659043616,5.11952063100874,5.1151181469486,5.11088322147524,5.10682855755597,5.10292490179303,5.09920743477573,5.09562770798048,5.0922569637553,5.08902451294602,5.08593511066462,5.08300891589745,5.08021608844389,5.07759179296779,5.07506807871645,5.07269518087502,5.07043517338869,5.06828363522322,5.06628551276508,5.06435595699203,5.06253502173594,5.06082497519168,5.05919201015876,5.05765625028937,5.05619427895326,5.05481880179121,5.05351411574573,5.05227081217057,5.05109113235316,5.04998052465501,5.0489262665947,5.04792595329006,5.04699223611322,5.04609601359279,5.04526056511701,5.04445691592122,5.04369056542714,5.04296850542728,5.04227587709033,5.04161530882554
5.05232580363854,5.05357024515247,5.05487898784426,5.05624726554287,5.05769173353601,5.0592134454967,5.06080065630814,5.06245032711431,5.06417180727441,5.06610948826635,5.06804194875401,5.07010723461648,5.07225655782101,5.07452409164637,5.07690614374135,5.07941978668411,5.08205891240696,5.08482653738959,5.08773934905077,5.09078193064725,5.09399101045672,5.09734128248929,5.10085603085868,5.10454782181233,5.10843762637755,5.112369810495,5.11674954745378,5.12104825859532,5.12556213611072,5.13039260649427,5.13530426444852,5.14039440409843,5.1456689016245,5.15110915265053,5.15659925134919,5.16233252371358,5.16814591267042,5.17405687040104,5.18003018478729,5.18604604187038,5.1921122958481,5.198149954135,5.20417147090481,5.21015889675566,5.21597334446851,5.22155720906112,5.22707889291089,5.23232686075397,5.23723530411176,5.24210112678137,5.24645147807417,5.25022545755769,5.25396644760273,5.25666913114,5.25962344980146,5.26145698680701,5.26347285983632,5.26403878450461,5.26454646147234,5.26453574625671,5.26396229738134,5.26300858748756,5.26115083278232,5.25930753777323,5.25661975849023,5.25348413445663,5.24980095483239,5.24595387781426,5.24177069001792,5.23711066842959,5.23218746751439,5.22683583068506,5.2215523428089,5.21576662357094,5.2099185609686,5.20397304369379,5.19793934956418,5.19172511650089,5.18587218670147,5.17960985472498,5.17348097033523,5.16747714254929,5.16152710760639,5.15569248568422,5.1500016159564,5.1444092108418,5.13899135856216,5.13372106873934,5.12861993456109,5.12373128909517,5.11894092325896,5.11439048859299,5.110040822875,5.10585432155009,5.10184670312026,5.09802095165144,5.0943984636878,5.09092222757598,5.08764371044497,5.08450686806818,5.08152714760425,5.07871162299964,5.07603453452144,5.07351784872623,5.07112260239967,5.06887918857875,5.06674657378486,5.06470984006949,5.06280993427449,5.06101256809506,5.05930541433563,5.05770045101629,5.05617541871962,5.05474415082274,5.05338514535214,5.05209934475862,5.05088286988891,5.04974579747473,5.04865085863026,5.04763623067539,5.04665036162537,5.04574163196841,5.04488738991209,5.04407150393794,5.04329555100085,5.04255634431432,5.04185961866315,5.04119314549281,5.04056100260579
5.05097343470784,5.05219518475888,5.05347479984972,5.05482923369702,5.05625521570108,5.05774841331416,5.05932416942775,5.06094128495307,5.06266071116446,5.06457418990391,5.06651261090367,5.06856014696115,5.07071221084384,5.07298643554221,5.0753821952135,5.07790665400377,5.08054235648921,5.08334522927904,5.0862780180276,5.08936760653447,5.09261806549371,5.09602298880272,5.09962303889647,5.10338102040273,5.10722488889211,5.11144369301226,5.11582678385914,5.12047214132393,5.12504764697477,5.12994708833244,5.13506843571714,5.14037922249687,5.14587101241215,5.15153865053859,5.15739749754403,5.16341111484945,5.16956274942193,5.17581060005504,5.18217068514729,5.18861747409133,5.19509938442935,5.20155981988432,5.20803322322572,5.21443217565526,5.22072441343178,5.22684731213765,5.23282363178186,5.2385051254709,5.24395275075437,5.24900338286865,5.2536971627273,5.2579806818388,5.26181237746365,5.26517562136715,5.2680309835184,5.27027028276976,5.27210760695214,5.27313964962283,5.27366443839179,5.2736815050847,5.2730447119444,5.2718826893573,5.27017505545253,5.26787780797485,5.26490512894071,5.26163516560525,5.25771163265908,5.25348021255471,5.24879804624024,5.24359023504932,5.23821930806127,5.23258313645557,5.22696356760334,5.22053743493492,5.21453173762266,5.20785538894737,5.20112890902504,5.19504847804377,5.18874934334775,5.18205476869453,5.1755616191706,5.16904747564245,5.16278713280611,5.15669872786146,5.15063406469653,5.14478611080023,5.13913607188667,5.13362076024602,5.1283298071537,5.12308318396415,5.11824403408747,5.11356114288934,5.10904526758554,5.1047900949496,5.10065139734363,5.09673660133611,5.0929912812256,5.08947942428051,5.08611407076902,5.08295672652873,5.07994120126603,5.07709343597669,5.07438797259646,5.0718591229887,5.06948005013883,5.06719445614756,5.0650806103675,5.06307244302403,5.06117871712672,5.05937699192943,5.05769778288331,5.05612041301068,5.05462589545718,5.05321366580733,5.0518829488618,5.05063713592413,5.04945164150131,5.04833217158057,5.04727636366867,5.04628136328273,5.04533536828907,5.0444476551855,5.04362067541395,5.04283805457635,5.04209149642325,5.04138964010632,5.04071798079599,5.04008042833483,5.03947628412985
5.04954663291054,5.05074420707016,5.05200496142459,5.05333332534047,5.05472876437564,5.05620111327565,5.05774971952838,5.05938046924896,5.0610614844885,5.06295457037956,5.06488109237208,5.06693141309278,5.06908001748179,5.0713374533418,5.07373079142737,5.07624931226299,5.07890811242962,5.08172256172684,5.08467789325938,5.08779620359361,5.09110257851462,5.09457034062107,5.09822278921202,5.1020603421377,5.10611741919516,5.11026052340844,5.11482294044994,5.11938959952025,5.1244477043599,5.12956023804591,5.13488787263984,5.14044119599079,5.14620353594342,5.15216812959673,5.15831970279711,5.16464583217254,5.17115775172154,5.17780086604695,5.18456684673758,5.19146273521873,5.19837563214342,5.20533580160122,5.21226416481559,5.21915560494993,5.22591953667749,5.23253615914839,5.23897358341499,5.2451385049585,5.25100020034774,5.25651812351937,5.26164271867465,5.26629901426322,5.27049278685573,5.27415238270173,5.27723861872239,5.27972539910041,5.28158606354298,5.28286920345125,5.28352671435551,5.28348678375915,5.28279451162615,5.28155301628895,5.2794565628732,5.27694554052834,5.27370999295934,5.27022758288655,5.26557853499049,5.26124215769457,5.25621378566231,5.25062421353915,5.24485487211649,5.23885278193783,5.2325005110901,5.22591125473964,5.21920312006866,5.21247448466078,5.20513112416383,5.19832962314155,5.19160106922081,5.18462095209207,5.17763413596852,5.17082791138457,5.16428581834087,5.15765075859798,5.15139123427348,5.14521782513922,5.13914041375585,5.1333361023819,5.12809816722441,5.12273076141203,5.11736037157703,5.11249110281043,5.10786960179226,5.10355025729984,5.09922240456464,5.09520290368023,5.09144653035016,5.08779724850247,5.084400393377,5.08120433968228,5.07817771366157,5.07530249070344,5.07257143813895,5.07003753864138,5.06764945290964,5.06541137361382,5.06327829238522,5.0612491207648,5.05939766011641,5.05766466319818,5.05599724344395,5.05443964904503,5.05295638881814,5.05158978971868,5.05028336615938,5.04907868753041,5.04793747345727,5.04683143703314,5.04582388018998,5.04485680817648,5.04395754126115,5.04310102572201,5.04229954807676,5.04154536936942,5.04083568461737,5.04017065725403,5.0395248153767,5.03892257133779,5.03835018279721
5.04809047480395,5.04925978926001,5.05048919500414,5.05178493403905,5.05315455183,5.05460012544956,5.0561217787497,5.05773465804928,5.05943879526851,5.06122558022542,5.06314234155319,5.06518322395751,5.06731425993256,5.06956983671339,5.07195857736304,5.07446989139963,5.0771428429546,5.07996371761392,5.08294066723601,5.08609566215167,5.08942526050696,5.09294988894759,5.09666025820769,5.10059012956787,5.10471877630446,5.10912227830699,5.11366321841548,5.11848790607285,5.12349765062104,5.1287894371031,5.13432979506047,5.1401069030617,5.14611342642287,5.15235678327077,5.15883605095817,5.16553380894111,5.17241721392979,5.17946660731712,5.18667407213521,5.19400179646065,5.20142461295424,5.2088928536396,5.21636977282118,5.22379780154349,5.23113152596732,5.23830901949156,5.24526982105766,5.25197603970345,5.25836657376273,5.2643835284133,5.26997650206009,5.2750750797816,5.27964492047494,5.28362791588725,5.2869994741299,5.28973790791599,5.29180087408866,5.29317258535289,5.29384637503533,5.29380250685967,5.29303977454543,5.29156141311671,5.28943540667799,5.28663934423052,5.28324514335604,5.27923276459673,5.27469282143155,5.26961884916957,5.26411093163537,5.2581453581096,5.25184458221298,5.24518730256984,5.2382888817915,5.23111958882884,5.22392368775216,5.21644236034313,5.20890452434845,5.20151434107956,5.19401889179206,5.1867250483866,5.17941129726756,5.17195369940541,5.1651898090695,5.15822791909822,5.15152332695304,5.14525292928908,5.1387599498364,5.13308893302773,5.12677966311979,5.1213404688152,5.11611918797673,5.11126686619003,5.10636766971944,5.1018820103311,5.09749945683762,5.09346514275883,5.08956355124038,5.08593750055151,5.0824157081468,5.07925813862693,5.07617805762252,5.07340265204652,5.07069183507393,5.06806946236154,5.06570388593357,5.06344285853754,5.06135932312128,5.05933903638176,5.05752964064861,5.05576742186407,5.05416401027355,5.05264264960427,5.05122084217104,5.04987680967448,5.04862396219475,5.04742372594175,5.04631244048364,5.04528629905921,5.04430186800149,5.04337802495188,5.04251363825911,5.04169291935193,5.04091398536593,5.04019582698438,5.03954102484358,5.03890058998424,5.03829547517803,5.03772304257748,5.037182862714
5.04660627216501,5.04773836074717,5.04893390238966,5.05019810489005,5.05153949849903,5.05294974540957,5.05443554512643,5.05602717331213,5.05769598700674,5.05945453515707,5.0614200380522,5.0633719027095,5.06547222440087,5.06771251997576,5.07007258072569,5.07258569571399,5.07525601495808,5.07806391858343,5.08105922263205,5.08422320138302,5.08758934824282,5.09113720223136,5.09493000586737,5.09890073563598,5.1031553888621,5.10762365010467,5.11223192409384,5.11729622217761,5.1225460112372,5.12799300412488,5.13372798532954,5.13973459999326,5.14601010396139,5.15254578592101,5.15933274065792,5.16637773377618,5.1736480810097,5.18112717394466,5.18878137294691,5.19659871069876,5.20453522427386,5.21252892585818,5.22056310229201,5.22857871966398,5.2365167121962,5.24429495280376,5.25186410117009,5.25917079416251,5.26613950687952,5.27270561852789,5.27880342191718,5.28438301042699,5.28939728496077,5.29377288638952,5.29747588601444,5.30045674859494,5.30270775994351,5.30419723715964,5.30490877999778,5.30484081473241,5.30400546429734,5.30240202736592,5.30005027150143,5.29700096418555,5.29324773721883,5.28887354791131,5.28392104647223,5.27837083927715,5.27235559523617,5.26586677569657,5.25903389881701,5.25184175785061,5.24437689282789,5.23668996228528,5.22884726886674,5.22091740510743,5.21290612875684,5.20488491759271,5.19691703377521,5.18899551257339,5.18120154020954,5.17358928592044,5.16612775444883,5.15884080547569,5.15172661867469,5.14493129812786,5.13830366547863,5.13210471806426,5.12604493800541,5.12042630174178,5.11483873238866,5.10959298011673,5.10474567042953,5.10015400577665,5.09566797471307,5.09142404003199,5.08740882609967,5.0838137909017,5.08040725635292,5.07699022840248,5.07405931046146,5.07113886548794,5.06846802645453,5.06581632366445,5.06358447035165,5.06145916738329,5.05920548393581,5.0574985001189,5.05560303410726,5.05378557416899,5.05220965800338,5.05080478635391,5.04946708791654,5.04809224550999,5.0468738706925,5.04572662979944,5.04466472182726,5.04365136067576,5.04273505011465,5.04185206438102,5.04102489847006,5.04024450150038,5.03950327603954,5.0388283123734,5.03820818245511,5.03761193164804,5.03703893249063,5.03649700081901,5.03598307180662
5.04507584856231,5.04616841046182,5.04732999975199,5.04856158589809,5.0498578747867,5.05123087025413,5.05268948390724,5.05423810534812,5.05586010302903,5.05761618186873,5.05946054426767,5.0614239172756,5.06350651987007,5.06571784409175,5.06805519547615,5.07056362616673,5.07320602310566,5.07602378261163,5.07900280661343,5.08218633204653,5.08557061736151,5.08915075119114,5.09297139519889,5.09702372566244,5.10129168980836,5.10580901776347,5.11063436234812,5.11558207441651,5.12102953204344,5.12668649180742,5.13263618925657,5.13888881751476,5.14545185828587,5.1523100333241,5.15945651808803,5.16688123890527,5.17457319156338,5.18252804807216,5.19069185191609,5.19902920591366,5.20754076205647,5.2161500326311,5.2248039532033,5.23346189695787,5.24205731211826,5.25051278437322,5.25876778491684,5.26671546430376,5.27431767182824,5.28151023464872,5.28819970992411,5.294315251769,5.29980921224803,5.30460337970873,5.30866314819671,5.31193780234565,5.31438678479526,5.31602062814788,5.31679162173867,5.31670247407743,5.3157806945325,5.31401832898707,5.31143679646167,5.30808562822314,5.3039779401451,5.29917159550309,5.29372371984144,5.28767162640092,5.28110411577872,5.2740449220315,5.26658321156065,5.25877100992448,5.25068466952468,5.24237386253218,5.23388896774072,5.22533029623285,5.2167107786762,5.20811119014091,5.19956848118447,5.19113081396945,5.18283713411858,5.17472014689939,5.16681057635936,5.15912522806755,5.15169563850834,5.14454465424927,5.13778179114517,5.13114277858941,5.12488921624067,5.1189185513841,5.113252640215,5.10787866001405,5.10292178410299,5.09808961861687,5.0935118965468,5.08922826304562,5.08530251708056,5.08152509327493,5.07797573887193,5.07466473202197,5.07168884899858,5.06885009086141,5.06616405928041,5.06364433139827,5.06135959933665,5.05913342154108,5.05706799178919,5.05525818245518,5.05337775992855,5.05186607106714,5.05028824075712,5.04886358175276,5.04747135120097,5.04634782645595,5.04507602595328,5.04409531545011,5.04298062029163,5.04202248850363,5.04110178722857,5.04029117123687,5.03949623842956,5.03876671491088,5.03812316314788,5.03747915123938,5.03683967038847,5.03626802925122,5.03575536618596,5.03526278197318,5.03477691573858
5.04346042500217,5.0445211760901,5.04563830111052,5.04681799437216,5.04807085891493,5.04940733223948,5.05082079220509,5.05231635908618,5.05392444983049,5.05559788803778,5.05737772775716,5.05934521664948,5.06139134110598,5.06356342222581,5.06587840368787,5.06833881443548,5.0709596445692,5.07375345919129,5.07672395035501,5.07991719405754,5.08328023453283,5.08689775031569,5.09073737414497,5.09481618799011,5.09915517861488,5.10373439262569,5.10868759326754,5.11382246603058,5.11930927484674,5.12515426972837,5.13130863130348,5.13780496951085,5.14463261460279,5.15180315132763,5.15930714788481,5.16712844648965,5.17527600584821,5.18370635979248,5.19240313723793,5.201331947356,5.21043186608911,5.21969830606107,5.22903509974727,5.23840088944725,5.24772121462935,5.25692697909832,5.26591408253103,5.27460196878228,5.2829229405307,5.29079477332349,5.29813126079089,5.30484434666677,5.31087841006223,5.31612939665479,5.32059454080895,5.32419171605854,5.32687195923717,5.32866300570406,5.32950102693382,5.32939071945487,5.32835918615637,5.32640253078022,5.32354601030478,5.31984782146728,5.31533497429028,5.31006348660267,5.30408843422252,5.29748205818609,5.29029467947375,5.28260318287105,5.2744698792876,5.26597052872131,5.257190181374,5.24817625835855,5.23902944881779,5.22978519777476,5.22051531450142,5.21128851889225,5.20214066426268,5.19312260667082,5.18427669778198,5.17565324844703,5.16728568905796,5.15917954025875,5.1513602023283,5.14386189165439,5.13667887838016,5.12984117278112,5.12332533562689,5.11714162841822,5.11128741814856,5.10576230021003,5.10059398955477,5.09559656031917,5.09108832768208,5.0867851410838,5.08276671008692,5.07899949119781,5.07547907230168,5.07222459860274,5.06918035126613,5.06627122013952,5.06368336782945,5.06135716480901,5.0589646175484,5.05681542690992,5.0549054419509,5.05300211938642,5.05130740215754,5.0496994846585,5.04815011391604,5.04683161909314,5.04550142021108,5.0443088073681,5.04317545897176,5.04215326102303,5.04123323556478,5.04033783537784,5.03935810891149,5.03867712851681,5.0378982023422,5.03729359782611,5.0366500415369,5.03602442639695,5.03543965818108,5.03491151292194,5.03443933633713,5.03393029781317,5.03353059276673
5.04173737746825,5.04274227238972,5.04380868336116,5.04494228719552,5.04615517815739,5.0474371882708,5.04879882412901,5.0502515916583,5.05180140241409,5.05344312716098,5.05517958668268,5.05706452730711,5.05906802119432,5.0611978442796,5.0634771020326,5.06589741495135,5.0684938824983,5.07124600173315,5.07422198415757,5.07735914261685,5.08075868611404,5.08435545203745,5.08821380050998,5.09232715728437,5.09671186021408,5.10139600972008,5.10630477379426,5.1116626605236,5.11729996517549,5.12327944309021,5.12963440114023,5.13635041338617,5.14344030727307,5.15091619540106,5.1587690817949,5.16701115463871,5.17561403266666,5.18454690363689,5.19380099523587,5.20333860104096,5.21311588233685,5.22308716277617,5.23316944480318,5.24331424003633,5.25345374666254,5.26347166982638,5.27330466268298,5.28282185860139,5.29196015377554,5.30059723085113,5.30865841304573,5.31604149438282,5.322668720671,5.32848654938599,5.33339993851225,5.3373583110857,5.34031448224679,5.34225816371674,5.34316913192019,5.34302679382913,5.3418590637049,5.33969154739749,5.33653526572885,5.33244613756749,5.32748122275806,5.32168107180217,5.31511528263692,5.3078588689062,5.29997190351944,5.2915625891463,5.2826851428586,5.27343805285851,5.26389107122118,5.25412181958773,5.24421695226443,5.23423193657049,5.22424609264997,5.21431381457758,5.20450838865837,5.19488003022736,5.18545195286737,5.17629591167513,5.16741163977077,5.15883669631396,5.15063314524428,5.14277187665537,5.13526672551908,5.12813229077051,5.12137600255843,5.11498850202221,5.10895601332349,5.10329330882445,5.09797846196507,5.09300736981002,5.08835377874233,5.08400433578934,5.07994709738727,5.07617011555917,5.07267479230799,5.06936971261632,5.06637546175659,5.06358140593824,5.06096253545022,5.05852613237023,5.05630480492796,5.05423966708159,5.0523064968192,5.05054857391453,5.04889049192119,5.04737939829852,5.04594275641423,5.04466270867533,5.04344420337343,5.04229020813286,5.04128362840201,5.04027384579341,5.03935981186649,5.03850178559592,5.0376344934889,5.0370656054687,5.03627482922935,5.03565718501256,5.03506688895709,5.03455274575132,5.03403379917819,5.03356028805257,5.03309026398831,5.03259433867783,5.03224789478892
5.03991076103835,5.04086821405792,5.04188787456738,5.04297605814057,5.04413008902637,5.04535827503599,5.04667053574411,5.04807218782048,5.04955691838011,5.05113858121336,5.05284537726594,5.05467676869812,5.05661217508998,5.05870567017653,5.060915551786,5.06330606504067,5.06585151419831,5.0685882571056,5.07149931167882,5.07464681366212,5.07799670747695,5.08160955859005,5.08545097651731,5.08956902056384,5.09399769671556,5.09853976763991,5.10363280048401,5.10914604506492,5.11491655046566,5.12106326824665,5.12760581760292,5.13455837067446,5.14193128924611,5.14972677505039,5.15796467419102,5.16663512237453,5.17571297399503,5.18519386631618,5.19506259412756,5.20526983631053,5.21578352685458,5.22650136150677,5.2374230490295,5.24843258471236,5.25946132768784,5.27039705751039,5.28114175832691,5.29161438821471,5.30164146214219,5.31117702341709,5.32002157082803,5.32817972897997,5.33550059884453,5.34190809074222,5.34730989374647,5.35167227452214,5.35492801359525,5.35703282542172,5.35802638014008,5.35784914401496,5.35653009079109,5.35412025586323,5.350624008911,5.34608890994175,5.34059619678057,5.33418649855718,5.3269550391766,5.31897903471694,5.31033988905433,5.30113056432703,5.29142905249177,5.28134729753989,5.27095050373224,5.26033661262459,5.24958379845662,5.23878950202393,5.22802310564178,5.21733471119223,5.20682252168625,5.19651898739092,5.18646838902215,5.176735575565,5.16730820868097,5.15828285800066,5.14962777696733,5.14136916268074,5.13353690824064,5.12610828489428,5.11909166487931,5.11249474065132,5.10629899230351,5.10049358106793,5.09507271629967,5.09000850280416,5.08529702193375,5.080915923823,5.07684603074469,5.07307699959276,5.0695773102065,5.06633842773044,5.06335835975806,5.06059133309972,5.05803980927501,5.05568751145303,5.05351318673528,5.05150209513311,5.04960574668133,5.04799075847069,5.04636853972288,5.04488657794168,5.04356749229949,5.04231914562933,5.04116269737815,5.04009729037919,5.03911392312518,5.03819486362108,5.03736963627976,5.03657965400865,5.03585693790157,5.03518016756376,5.03457634322357,5.03398237009975,5.03342676850113,5.03302333737618,5.03249782085426,5.0320488452238,5.03162328986931,5.03125034768652,5.03090275956688
5.03807524731636,5.03898485786997,5.03995310782419,5.04098267408271,5.04207907704483,5.04325412614094,5.04451169717998,5.04584496297112,5.0472662009828,5.0487906236234,5.05044077898391,5.05222543318263,5.05409397830334,5.05610646557462,5.0582631921815,5.060589956755,5.06308832167857,5.06577294753088,5.0686481086433,5.07174077834536,5.0750639737672,5.07864149213629,5.08246683694884,5.08659704740905,5.09105608746959,5.09572411236641,5.10082980543994,5.10636238359703,5.11224409646358,5.11853785738655,5.12525404323543,5.13242696831262,5.14007272535807,5.14819252958889,5.15680330458567,5.1658964829375,5.17547028365869,5.18553813343849,5.19603631143788,5.20694958733545,5.21822216341634,5.22979484646603,5.24160771887808,5.25356324945384,5.26558163400857,5.27754576660147,5.28930825721683,5.30082371646117,5.31186104046468,5.32236806429706,5.33216844666373,5.34116114567724,5.34924114805059,5.35633662963661,5.36227901676118,5.36709821032609,5.37067901928858,5.37298537497854,5.37405381010406,5.37383507815731,5.37234293576453,5.36963463360857,5.36573511355665,5.36069976054781,5.3546161740051,5.34754491616033,5.33957614077784,5.33079503335388,5.32131909853691,5.31121676727268,5.30060007289386,5.28957073585028,5.27823756654278,5.26670488391772,5.25503718789057,5.24337143989392,5.23175660774467,5.22026877435417,5.20897852949558,5.19794650356317,5.1872330139808,5.17688680344535,5.16693445252228,5.15739419332467,5.14828748822129,5.13964730001437,5.13146543928186,5.12375672773984,5.11649359469503,5.10969549084266,5.10333976640163,5.09740529024258,5.09189314060082,5.08676135167909,5.08201071123532,5.07760987681393,5.0735420779839,5.06978892310782,5.06632591149843,5.0631360251151,5.06019946287177,5.05749325329467,5.05500879466194,5.05272221454731,5.05062464699065,5.04869088933789,5.04691119175776,5.04528365253782,5.04377768330723,5.0423983553411,5.04113170299742,5.03996429935991,5.03888583933393,5.03789319612033,5.0369810114396,5.03614287899835,5.03535906357698,5.03464638375553,5.03398538973565,5.0333722578906,5.03280475648456,5.03227967993145,5.03179549993674,5.03134516220496,5.03092796826102,5.03054605687923,5.03018550466181,5.02985452141602,5.0295422022078
5.03625471790994,5.03710536168451,5.03801046282169,5.03897830666995,5.04002017994946,5.04113364335316,5.04231700057655,5.04357515117104,5.04493558078149,5.04640052228743,5.04790591313268,5.04951566158038,5.05145302823688,5.0534019588389,5.05550680356625,5.05774925471756,5.06018702210738,5.06279080988537,5.06562081303321,5.068640279374,5.07191711322484,5.07544424779422,5.0792528280808,5.08334230981443,5.08775786977064,5.09248372083304,5.09741357412327,5.10317560067692,5.10912214574783,5.11555078740933,5.12242359566832,5.12979886652368,5.13769371102713,5.14611802234492,5.15509103139198,5.16461675578837,5.1747216869255,5.18536762458218,5.19653464538917,5.20820220765475,5.22030693097673,5.23282053538997,5.24561818310761,5.25861675800555,5.2717265614874,5.28485312027073,5.29780463449181,5.31045994071993,5.32267197489664,5.33427665345122,5.3451503433021,5.3550912174029,5.36404737366097,5.37187445326572,5.37849837391973,5.38381595882202,5.38776007698097,5.39029560972247,5.39141596797237,5.3911307647388,5.38943256772048,5.38638701253777,5.3820406603276,5.37644860968645,5.36969188343407,5.36187710797539,5.35307136059797,5.34338044008767,5.33293060893913,5.32182086260566,5.31019453284771,5.29812574865982,5.28577172876889,5.27321575699944,5.26055857441082,5.24791027475739,5.23534591949447,5.22297699387421,5.2108671821208,5.19906336952563,5.1876420530416,5.17663538961677,5.16608423448474,5.15603146403702,5.14648023429671,5.13743181801955,5.12890506756043,5.12091190374436,5.11342249223178,5.10643462919935,5.0999328370893,5.09389110689807,5.08830370123587,5.0831261660734,5.07835885522035,5.07396046690498,5.06991835857531,5.06620817497649,5.06279589981951,5.0596688293971,5.05680814027376,5.05418609522786,5.0517843485882,5.04958622237278,5.04757646576473,5.04573402652995,5.04405205799017,5.04251331577871,5.04110411108916,5.03981676008238,5.03863220976099,5.03754884886914,5.03656136520505,5.03565367618656,5.0348235843737,5.03405906822015,5.033356236294,5.03271187426219,5.03211862192252,5.03157424900182,5.03107150809735,5.03060445452062,5.03017913584966,5.02978580691838,5.02942401208553,5.02908951217195,5.02878157691924,5.02849189732674,5.02822602080247
5.03438724935424,5.03517133399716,5.03601862808293,5.03692671248124,5.03789668885733,5.03892851137347,5.04004245922912,5.04122790433621,5.04251491340478,5.04387831795161,5.04536800329535,5.04704253676476,5.04873680286346,5.05058811793961,5.05258302961868,5.05475254415671,5.05708401375167,5.05962289823668,5.06234639552719,5.06531957761042,5.06849624168649,5.07196152068658,5.07570364740272,5.07979517376027,5.08406178065333,5.08889772860883,5.09406874537106,5.09954025126959,5.10557338490759,5.11209088783683,5.11911631920096,5.12668105823984,5.13482360443476,5.14355381045685,5.15289710280499,5.16288878717333,5.17351853926591,5.18477748341295,5.19665920137728,5.20912837293589,5.22215143533468,5.23565441100035,5.24953189558289,5.26370176057564,5.27804528631308,5.29243321776859,5.30667248018982,5.32063513938582,5.33414287453641,5.34701941184834,5.359088789014,5.3701333992397,5.38006391572878,5.38876475797555,5.39608535495397,5.40192987054326,5.40628062632205,5.40905168766521,5.41022947531044,5.40986941411195,5.40794042261141,5.40450293997404,5.39965165893832,5.39342158450786,5.38589138838509,5.37720923874166,5.36744530435338,5.35675754067371,5.34523693470068,5.33303712140202,5.32027485752355,5.30707028678625,5.29357027073793,5.27986236519302,5.26611703698675,5.25239595681917,5.23881567706891,5.22549557842503,5.21248678999414,5.19984650494733,5.18767690020586,5.17598673738907,5.16482372555216,5.15420973685183,5.14420347685923,5.13474643832367,5.12587137916408,5.11760630228868,5.10988699618595,5.10272142468668,5.09608675402006,5.08995203551364,5.08431088890769,5.07910786621478,5.07434169522441,5.06997465104965,5.06597295646716,5.06232116199071,5.05898901890103,5.05594592989163,5.05317264242029,5.05064724922332,5.04834522733493,5.04625127827762,5.0443484526233,5.04261346790916,5.04103777298873,5.03960350250865,5.0382961281624,5.03710870653438,5.03602529449256,5.03503937697978,5.03414103940229,5.03332153724651,5.03257549025069,5.03189290348934,5.03127107859699,5.03070351050194,5.03018194459534,5.02970620325031,5.0292715849609,5.02887172384883,5.02850672728324,5.02817315816353,5.02786647549229,5.02758558784728,5.02732789536753,5.02708982488853,5.02687011965913
5.03243785249735,5.0331673913934,5.03394681699188,5.03477623645984,5.03566552481536,5.0366324716212,5.03766106759774,5.03877803973159,5.03994655246175,5.04118549356038,5.04271739352543,5.04424568852453,5.04583344092294,5.04758098737164,5.04948158078109,5.05154846293872,5.05378182556505,5.05621027741342,5.0588462310629,5.06170526734686,5.06482090014217,5.06819635201176,5.07185704586998,5.07582579247308,5.08010506566173,5.08477878535101,5.08996089432708,5.09558347038635,5.10162373731853,5.10818791548825,5.11530556593835,5.12299833000931,5.13133948169268,5.14033614793393,5.15002930404948,5.16044243545991,5.17158087115213,5.18345653164438,5.19606876991137,5.2093942895351,5.22338804236822,5.23794988123097,5.25301634339749,5.26849197282113,5.28419468740985,5.30002478465949,5.31577849001718,5.33121988112218,5.34619258654597,5.36051785190318,5.37394243776548,5.38626379885561,5.39729802265411,5.40699826328188,5.41511744954139,5.42155962944181,5.42636437723699,5.42938957910702,5.43063428353917,5.43016608649005,5.42796283923413,5.42406072598112,5.41859664828542,5.41161535091588,5.40323750167801,5.39358424788318,5.38277614183519,5.37094947290201,5.35823660804243,5.34480587942067,5.33074692868359,5.316271668124,5.30148221443474,5.28653161233033,5.27157680241314,5.25670607405017,5.24203165190819,5.22765858649696,5.2136693590768,5.20015068365684,5.18716848763765,5.17475464563331,5.16296300916499,5.15179837285549,5.14129049850155,5.13145466242803,5.12225407288427,5.11371024630128,5.10578085485981,5.098463575065,5.0917220373184,5.08552556439725,5.07985736564226,5.0746625289925,5.06992810926371,5.06561812600847,5.0616924338564,5.05812850419006,5.05489597685164,5.05195921959415,5.04929893430322,5.0468967890738,5.04471946075079,5.04274600207123,5.04096787344722,5.03935522903801,5.03789782264873,5.0365823088799,5.03538924195376,5.03431447820282,5.03333764182791,5.03245612728232,5.03165859728015,5.03093415471487,5.03028113774843,5.02968679576095,5.02914794607155,5.02866260239328,5.02821880143117,5.02781621764687,5.02745252693486,5.02712077636385,5.02681964903034,5.02654776032327,5.0262974824425,5.02607138826673,5.02586767200512,5.02567955587987,5.02550913057573
5.03041129265451,5.03106396678433,5.03175999649391,5.03251704827136,5.03333526949998,5.03421585444415,5.0351626638495,5.03617591514314,5.0372288088485,5.03847564448207,5.03980672151915,5.04118462423544,5.04271385047872,5.04437956959663,5.04618588974172,5.04812823553657,5.05026120770244,5.05255418850814,5.05507761467717,5.05780950159252,5.06081052081912,5.06405820038643,5.06760219679302,5.07150220532182,5.07581363270309,5.08019630174827,5.0855425433196,5.09089426259106,5.09693371018856,5.10356508485787,5.11077130916818,5.11861957921283,5.12714928982645,5.13641665599093,5.1464415867854,5.15727518887615,5.16894643888502,5.18147805219227,5.19485681814106,5.2090756760534,5.2240826536042,5.23981451701363,5.25622785074439,5.27310976586746,5.29038165157161,5.30776376568023,5.32520059923771,5.34236973316804,5.35904599585577,5.37497123989065,5.38994214014745,5.40372133697568,5.41602400885317,5.42679709348209,5.43582798473472,5.44298416546891,5.44825760014665,5.45156414802017,5.45286447313449,5.45221729688541,5.44967006074798,5.44525534056948,5.43909270650936,5.4312850528973,5.42193658231707,5.41117892403345,5.39919481865491,5.38605759786598,5.37199197138592,5.35714270842573,5.34167647390794,5.32578771390016,5.30959349256225,5.29327323692427,5.27696828851035,5.26079421465676,5.24490406056654,5.22941261190063,5.21438679768291,5.19991854480977,5.18605266660153,5.17289004475506,5.16042904801455,5.14868315580499,5.13769095682786,5.12745304551631,5.11792730073533,5.10913549043584,5.10101399236,5.09356842680514,5.0867448990672,5.08051698745632,5.07485422160839,5.06969794890666,5.06502976130484,5.06080763932132,5.0569840653455,5.05353308841463,5.05042962670636,5.04763419152004,5.04511592733616,5.04285342708272,5.04082074347097,5.03899071166238,5.03735152656082,5.03588043454145,5.03456088883247,5.03337846806805,5.03231360433667,5.03136360012956,5.03050524867669,5.02973837994776,5.02905163799326,5.02843118001732,5.02787726014525,5.02738089916437,5.02693321761328,5.02653424034291,5.02617368223747,5.02585085587569,5.02556278427099,5.02530286148211,5.02506902718986,5.02486207663802,5.02467562478262,5.02450775557276,5.02435917101437,5.02422561773287,5.02410630561606
5.02828385614322,5.02885780717902,5.02948876875314,5.0301641446182,5.03089744789786,5.03168686820555,5.03253976627734,5.03346911113784,5.03447604906213,5.03569474043698,5.03670183384765,5.03805832928963,5.03947172580925,5.04101298836666,5.04268000243579,5.04450914366525,5.04648809207476,5.04867337066937,5.05103429693578,5.05364321612684,5.05647765092992,5.05963062155672,5.06302786255209,5.066787516128,5.0708954531171,5.07540891408334,5.0804537549101,5.08582195195154,5.09179891260753,5.09838050173619,5.10559367445961,5.1134987550272,5.12215498976911,5.13162084312831,5.14194110849978,5.15317837743694,5.16537640425481,5.17854724365076,5.19272071146388,5.20788626072902,5.2239918243821,5.24104886286664,5.2588864662417,5.27737150845968,5.29638376287623,5.31565149593992,5.33499131789128,5.354098423933,5.37270674562405,5.39055132561659,5.40730247527412,5.42275465133126,5.43653380953301,5.44854784700444,5.45860053427366,5.46655103501427,5.47230903986996,5.4759017509955,5.47724530743292,5.47639304673875,5.47344867225336,5.46843481908057,5.46146498484177,5.45271125017922,5.44222378183098,5.43020241518949,5.4168308430359,5.40224734723244,5.38667714542695,5.37025986323004,5.35322382593678,5.33573673191818,5.31794677049567,5.30008800392843,5.28229394537849,5.26470629570169,5.24749681385954,5.23074365694055,5.21457604384737,5.19909062202477,5.18432561391683,5.17033112075692,5.15717525516488,5.14485024822984,5.13336742913891,5.12272701121358,5.11288874672541,5.10386293263612,5.09557693931037,5.08802959979803,5.08116329930246,5.07493444509403,5.06931296183869,5.06423226946334,5.05965736900671,5.05555188396108,5.05187251105433,5.04857251529084,5.04562328772933,5.04298758306421,5.0406348639029,5.03853281087147,5.03666751447908,5.03500182502666,5.03352503134504,5.03220791236984,5.0310381274494,5.03000044429116,5.02907365494839,5.02825700998447,5.02752835291466,5.02688233610514,5.02631279783864,5.02580467633315,5.02535689768663,5.02496023202191,5.02460928285215,5.02430092646454,5.02402903792749,5.02378716135928,5.02357722722787,5.02339295565483,5.0232306964196,5.02308968207936,5.02296768493952,5.02286077190882,5.02276920033335,5.02269151827498,5.02262417775161
5.02610596062586,5.02661047370258,5.02715574004347,5.02774560607587,5.02839056363302,5.0290926778209,5.02984621795783,5.03067443618442,5.03158497093019,5.03256165034775,5.03360966628311,5.03479564702285,5.03608310746317,5.03750593080858,5.03903509319942,5.04072428863171,5.04256343115865,5.04459224142832,5.04681513880265,5.04925684651437,5.05194426979793,5.0548947715335,5.05814684006785,5.06176265425698,5.06572283548775,5.07009213735161,5.07489480067436,5.0802250481663,5.08616749054109,5.09269422744676,5.09988619189,5.10783181004629,5.11658931801394,5.12623106912045,5.13681994598612,5.14841561899019,5.16110910010305,5.17491067786893,5.18986618516336,5.20597446008169,5.22328865667604,5.24170989424006,5.26109391155193,5.28134699856878,5.30229313946437,5.32368621679777,5.34515392619135,5.36654767371031,5.38737993051375,5.40737814469299,5.4262163699551,5.44352363853338,5.45901057756631,5.47239021435809,5.48361600300911,5.49243343799087,5.49873308540781,5.5026309612925,5.50399268141632,5.50288562306989,5.49945989839502,5.49371807743858,5.48580217507574,5.47591705988983,5.46416055549166,5.45074566731729,5.43583481970639,5.4196463598254,5.40236953509987,5.38419781678049,5.3653682808464,5.3460753352353,5.32653272469927,5.30698257652308,5.28756037734844,5.26840573617895,5.2497518630208,5.2316490570887,5.21426840427346,5.1976671583714,5.18194448580048,5.16710574397856,5.15323253429185,5.14030311708479,5.12832523290025,5.11729639132643,5.10716338849774,5.09792886580356,5.08951130471894,5.08189649137837,5.07503036960117,5.06883829332123,5.06328696738063,5.05832538480686,5.05388989825921,5.04994051357358,5.04642713704153,5.04330706764306,5.04054014285911,5.03809102978969,5.0359292627175,5.03402152842501,5.03234311869915,5.03085599827714,5.02955494307958,5.02840796057481,5.02739987870057,5.02651963640534,5.02574441526199,5.02506744607819,5.02447691957602,5.02396115884419,5.02351265493083,5.02312118405163,5.02278436212765,5.02249338223175,5.0222414165008,5.0220261044223,5.02184377698214,5.02168841332815,5.0215578096428,5.02144821114927,5.02135858778659,5.02128567265242,5.02122795044108,5.02118177384014,5.02115053672114,5.0211247518327,5.02111159309339
5.0239440705465,5.02436885349294,5.02483092324876,5.02534015412751,5.02589087320167,5.02649379549552,5.02715556539921,5.02787383815339,5.02865002994744,5.02953576445253,5.0304899776629,5.03152445179468,5.03267405276379,5.03394436323235,5.03535361242838,5.03686006567089,5.03854160031468,5.04038875300976,5.04245963685938,5.0447017675885,5.04721845952311,5.0499757026444,5.05304079611334,5.05648490190376,5.06021205854959,5.06436422497578,5.06901660826343,5.07418505762253,5.07993883798683,5.08634078145323,5.0934408263386,5.10133427776427,5.11010520803361,5.1198341599991,5.13061419363741,5.14250837226346,5.15563429428068,5.17004757746009,5.18578738133153,5.20293899340486,5.22148754784603,5.24134885960541,5.26246163730881,5.28474220002202,5.30787614533974,5.33167509201005,5.35570914808176,5.37962308334869,5.40312287296294,5.42565999812589,5.44685597497535,5.46629071777738,5.48378997974106,5.49876703330661,5.51126772574541,5.52102678129997,5.52795946164342,5.53210787264387,5.5334325821059,5.53198652996859,5.52792115429022,5.52134179960268,5.5123781701085,5.50121137374368,5.48803138677561,5.47301505624879,5.45636734373276,5.43831732331349,5.41907770250623,5.39892751762309,5.37811488302294,5.35684839883738,5.33536333830562,5.31388620724314,5.29261264953187,5.27176622601376,5.25150155569682,5.23196102356036,5.21324046155447,5.19547220353809,5.17873390404533,5.16302053164278,5.1484051451127,5.13487269090074,5.12241730833843,5.11102161711142,5.10063259803822,5.09123369703422,5.08273941075128,5.07511165299739,5.0682831341698,5.06219070863983,5.05677648862932,5.05197574291133,5.04772481595394,5.04397226221326,5.04067000467946,5.0377742087137,5.03522984259187,5.03301024030858,5.0310701929231,5.02937380575863,5.02790830936106,5.02662433605784,5.02551574467313,5.02455696913773,5.02372837199878,5.02301571067448,5.02240247262343,5.02187955377196,5.02143222812758,5.0210532548887,5.02073600071568,5.02046763643298,5.02024426468726,5.02006351938618,5.0199157156844,5.01979734778432,5.01970658537629,5.01963654346406,5.0195876994785,5.01955638454483,5.01953890098442,5.01953428916386,5.01954273928054,5.0195595084897,5.01958350554096,5.01961427766304,5.01965190072543
5.02183673548596,5.0221815341559,5.02256035457173,5.02297208856193,5.02343408512474,5.02393836522723,5.02448782913626,5.0250804329205,5.02575983888052,5.02652788976447,5.02733874838991,5.02822941023967,5.02922803600036,5.03033172568873,5.03158050172692,5.03295528360765,5.03443549237076,5.03609421284065,5.03794067109089,5.0400183443115,5.04228712460316,5.04484326733799,5.04766938192341,5.05081876834048,5.05428401140979,5.05831424809998,5.06269661425894,5.06765012937378,5.0731887173359,5.07939651681916,5.08634278109702,5.09411704744453,5.10282847581663,5.11256269825445,5.12345696241743,5.13558604365717,5.1490933535054,5.16407739662123,5.1805872945564,5.19873580199114,5.21851495682761,5.23992959967164,5.26296655141321,5.28739900911331,5.31300988383834,5.33948604227082,5.36643728872986,5.39346697995525,5.41988883102791,5.44533854626974,5.46935485687115,5.49136015053186,5.51101962747616,5.52785642998738,5.54175327516924,5.55254278256492,5.56010981216167,5.5644413325055,5.56568609777907,5.56382372685171,5.5590197827434,5.55146997116057,5.54128938141927,5.52866068195558,5.51383288254924,5.49696393268116,5.47834663028845,5.45822857693424,5.43683843280735,5.41450143852253,5.39146349146158,5.36793227315494,5.34425039957814,5.32068716537454,5.2974242190556,5.27468596822281,5.25266211261117,5.23154152221594,5.2114316267419,5.19241497894406,5.17459752989945,5.15796895722782,5.14261088364289,5.12847265812857,5.11555965124489,5.10383697657767,5.09323275324377,5.0837218550909,5.07518821864653,5.06760740900414,5.06089162689201,5.054948361154,5.04971426366654,5.04512467072641,5.0411157762875,5.03761753260155,5.03458054073989,5.0319459529992,5.02966274071657,5.02769912388744,5.02601372796726,5.02456389974594,5.02332964558042,5.02227506986085,5.02138382404438,5.02062679504318,5.01999455894461,5.01946706090821,5.01902517915451,5.01866816775742,5.01837777762587,5.0181436136015,5.01796219355857,5.01782594533631,5.01772601675806,5.0176585441721,5.01761776046415,5.01760151641678,5.01760614058017,5.01762753152946,5.01766274682417,5.01771118564041,5.01777056446736,5.01783840744997,5.01791162527492,5.01799077859059,5.01807665222161,5.01816507140917,5.01825440270879
5.0197577279272,5.02001122346565,5.02029890379916,5.02062005961945,5.02097429133497,5.02136448148125,5.02179710120084,5.02228257831745,5.02282484655113,5.02345697529678,5.02414299792058,5.02486761027172,5.0256870312203,5.02667468493033,5.0277100601681,5.02888941522745,5.03018238101223,5.03164152376969,5.03325614932704,5.03508686824139,5.03714029846822,5.03938951184984,5.041960776913,5.04487490025906,5.04815633008208,5.05181124751649,5.05593192908445,5.06060825435855,5.06585517885266,5.07176922531629,5.07845336303313,5.08598284707667,5.09451195242771,5.10415529546774,5.11502884228915,5.12729292720285,5.14103854134094,5.15647884257106,5.17367732511897,5.19276666531402,5.21382211000854,5.23690983219911,5.26195541030631,5.28878953608037,5.31720097245875,5.34680433930528,5.37719822583187,5.40771898280657,5.43773129071079,5.46668014984467,5.49392421703508,5.51888748966004,5.54101663742706,5.55999646794869,5.57539194543396,5.58731756053929,5.59551771324952,5.60003483213711,5.60109297172098,5.59869277962115,5.59300325069707,5.58427286585221,5.57263208200743,5.5583193461194,5.54160563562694,5.52268721860203,5.50189160252497,5.47944243484307,5.45562361806301,5.43076957065525,5.4051810608706,5.37916196649311,5.35307218451452,5.32710455364419,5.30162211050241,5.27683678497519,5.25291132697561,5.23008664011411,5.20846881803418,5.18812324682006,5.16921347245168,5.15164966851284,5.13555820252967,5.12084727735221,5.10752584275708,5.09553520311394,5.08477212915895,5.0752193080986,5.0667512532836,5.05928200357198,5.05273789969982,5.04703111436359,5.0420599565243,5.03776187148673,5.03405828435903,5.03087344337918,5.02813780614746,5.02582217157678,5.02384757078872,5.02218289266821,5.02078333392249,5.01961190907011,5.01864325712252,5.0178336329691,5.01718174852145,5.01664873732831,5.01622353140325,5.015898712949,5.01564312435292,5.01545779370867,5.01533504311055,5.0152543693699,5.01521804993602,5.01521712209635,5.01524160835068,5.01529376671193,5.0153671913498,5.01545423616126,5.01555635304981,5.01567251842374,5.01579501040893,5.01592526405565,5.01606067540075,5.01620051995203,5.01634399456606,5.01648678941778,5.01663282155589,5.01677789070576,5.01692217030036
5.01762034513123,5.0177842086297,5.01797239038046,5.01819002520492,5.01842997027302,5.01872265708322,5.01902603957198,5.01938508837913,5.01978878334067,5.02028667251238,5.02080373068106,5.02138520999166,5.02202211414918,5.02277668662542,5.0237130388593,5.02464266609151,5.02573840069305,5.02695670569157,5.02833312170129,5.02987647283774,5.03166199753132,5.03364085823777,5.03589159321706,5.0385179781763,5.04149552402101,5.04471422464202,5.04840001140461,5.05267593800678,5.05760705399511,5.06316508953332,5.06951160025723,5.07675471323694,5.08499764047753,5.09441044088492,5.10512658315501,5.11734912807918,5.13123181002372,5.14698719212528,5.16477853169529,5.18478553541841,5.20715469201652,5.23193767832526,5.25913056889967,5.28863439478456,5.32020336297123,5.35348548090304,5.38786199738476,5.42252038099329,5.45683057792025,5.48993799144835,5.52104910324062,5.54942289815899,5.5744395476345,5.5958405680041,5.61297669663479,5.62604650895664,5.63485608681409,5.639498007709,5.64017385100015,5.63703383684927,5.63024823182537,5.62011461972273,5.60682862259133,5.59064890318658,5.57179616128412,5.55059285646188,5.52728102273325,5.50212790448765,5.47552465908836,5.4478725603773,5.4194613564142,5.39058509239302,5.36173496150538,5.33314549740568,5.30515374799077,5.27808587876321,5.25209725947793,5.22737855229779,5.20414700201268,5.18240796215077,5.16233680828518,5.1438359959098,5.1270142806261,5.11176049940809,5.09806816638931,5.08586741035771,5.07503093410188,5.06551057772485,5.05717614842691,5.04992066844409,5.04364949314592,5.03825568385663,5.03363545919624,5.02969795456115,5.02636241522975,5.02355696604352,5.02119977721931,5.01925363250795,5.01763409748219,5.01631688771314,5.0152431648198,5.01438091107347,5.0137094332086,5.01317648540238,5.0127845239407,5.01250004411167,5.01230496225492,5.01219300257712,5.01214265095029,5.01214661782399,5.01219971033479,5.01228278876258,5.01240067670064,5.01254641278746,5.01270670538644,5.01288287086318,5.01307635347908,5.0132753121752,5.01348180236573,5.01369473904897,5.01390870885542,5.01412513754913,5.01434187441747,5.01455646814799,5.01477010937094,5.01498183389061,5.01519071776432,5.01539485113744,5.01559721239952
5.01537053350211,5.01544634633335,5.01553040384167,5.01564628804234,5.01578574581309,5.0159484567111,5.01613178925627,5.01635398928488,5.01661593945317,5.0169647462648,5.01729966934935,5.01775055164688,5.01826540113862,5.0188533723077,5.01940270056357,5.02016103662675,5.02101063125896,5.02198034928383,5.02311488925951,5.02436841437916,5.02583037908563,5.02752804717149,5.02942245390148,5.0316968691772,5.03421392953888,5.03706202451539,5.04028950034364,5.04413087850765,5.04858822402678,5.05371769399379,5.05960181487511,5.06638630676715,5.07422729475684,5.08326837286375,5.0936915283527,5.10571738652588,5.11960406426776,5.13552722042355,5.15380760321649,5.1745682503698,5.19816818830707,5.22470378084503,5.25418849742054,5.28658734642067,5.32179792729046,5.35929979102593,5.39828968108626,5.43804202910406,5.47754071086348,5.51557828525692,5.55119033532413,5.58366218711778,5.61212406096463,5.63606140529963,5.65517847380108,5.669329583781,5.67866166087111,5.68326272093147,5.68334901946542,5.67928234735276,5.67122113173425,5.65944656485231,5.64429859720939,5.62597280142415,5.60466798850461,5.58080477814036,5.55466401994253,5.52657325892546,5.49688803426411,5.46600475514418,5.43428973330534,5.40227254717289,5.3702652411763,5.33874668262253,5.30801587941904,5.27835803991879,5.25007347492503,5.22335288694502,5.19837949664059,5.17519062193698,5.15389730502196,5.13444405856532,5.11690088807522,5.10114196738485,5.08714217887914,5.07480757847577,5.06397900085532,5.05459010078488,5.0464933130722,5.03954662307689,5.03362966993495,5.02862930262111,5.02443683539055,5.02093842758842,5.01805083605287,5.01569696058447,5.01377223602986,5.01224745798546,5.01102594955653,5.01008733886135,5.00937673872637,5.00885303264172,5.00849952977795,5.00826938827189,5.00815526223891,5.00813159331692,5.00818224217628,5.00829625325645,5.00845714361068,5.00865839434583,5.00889499779604,5.00915379351444,5.00942980942223,5.00972206992517,5.01002509569656,5.01033363096247,5.01064606129374,5.01095873310134,5.01127132758987,5.01158556029796,5.01189335808888,5.01219765615257,5.0124959910866,5.01278933808316,5.01307594778804,5.01335704588476,5.01363036111636,5.01389590194751,5.01415616434366
5.01302724770154,5.01300050230337,5.01299552983583,5.01300010791055,5.013020315098,5.01305588871414,5.01311597921952,5.01319318107856,5.01333358484663,5.01350256166418,5.01370152726999,5.01396798815751,5.01426226385661,5.01451446938025,5.01500641360829,5.01556690275886,5.01614606762806,5.01684858727253,5.01767390486334,5.01868205989943,5.01978889280598,5.02112401631331,5.02267901219985,5.02446716195037,5.02662800212851,5.02917857766521,5.03190815392054,5.03523407447191,5.0391527756225,5.04367844224828,5.04897523846136,5.05516411041262,5.0623941367326,5.0708842905416,5.08081599650553,5.09244307638265,5.10602295493415,5.12187340997929,5.14033498943536,5.16171604414954,5.18633286034501,5.2145384179583,5.24645059859615,5.28210864717746,5.32137072473397,5.36376615199081,5.40827974193521,5.45431968578134,5.49992808509778,5.54401695811664,5.58541018259807,5.62254552837952,5.65479849539763,5.68159934511725,5.70270433113081,5.71784096063877,5.72756766723427,5.73186254525746,5.73113385842301,5.72586707412813,5.7162502216473,5.7025281196954,5.68517901376455,5.66435083965774,5.64038731536456,5.61363828494627,5.58437693148411,5.552879365452,5.51960600172357,5.48510963708361,5.44976992815474,5.4140621272614,5.37860123006324,5.34375029718195,5.30986689459889,5.27746219018102,5.2466627701026,5.21782698718673,5.19094795173519,5.16622386166327,5.14369494244695,5.12328981583421,5.1050697689686,5.08887204953741,5.07465552213806,5.06229791841466,5.05160889905251,5.04245574106743,5.03469348488719,5.02816889112196,5.02272865228028,5.01822896119175,5.0145726587791,5.01161262481773,5.00925267380731,5.00741442196233,5.00598153133245,5.00492621500596,5.00415245167244,5.00363136140634,5.0033136564735,5.00315942791046,5.00314442856197,5.00323269293651,5.0034144664234,5.00366609488206,5.00396686312737,5.00431844246039,5.00470207546748,5.00510496565856,5.00552647471297,5.00596242746469,5.00640182500463,5.00684409894336,5.00728600071178,5.00772279785397,5.00815784338187,5.00858612543627,5.00900792357324,5.00941657134684,5.00981608826629,5.01020718283453,5.01058764001303,5.01095706992308,5.011316754335,5.01166296016732,5.01200091680457,5.0123273929236,5.01264345705138
5.01065637141923,5.01053723208019,5.01042980388502,5.0103217720599,5.01023740097252,5.01014647454243,5.01007534604863,5.01003016042489,5.01001472749457,5.01003146847391,5.0100701217,5.0101321952007,5.01022567938932,5.01045733258801,5.01057270947376,5.01088574792349,5.01125337486047,5.01169110625341,5.01221285806767,5.01287332402947,5.01364297335481,5.01458407073596,5.01572139876325,5.01712329157475,5.01840715365171,5.02084260818909,5.02292761012529,5.02569525388586,5.02897493343273,5.03284961616418,5.03745157859062,5.04292409753559,5.04943297139555,5.05717717890892,5.0663377282476,5.077303854208,5.09031741883256,5.10577959807037,5.12408122344073,5.14580451396049,5.17123918482967,5.20099576699464,5.23531689116912,5.27446822343228,5.31827460289146,5.36622366588005,5.41764218366417,5.47072237076805,5.52435687493176,5.57598914049804,5.62404741645044,5.66705932717438,5.70359915776723,5.73348296191239,5.75646808773048,5.7726472587302,5.78233530223097,5.78610602802971,5.78418825828422,5.77724448016215,5.76565971479276,5.74975185969601,5.72992992358525,5.70639769078494,5.67948675820534,5.64941754706493,5.61654069226735,5.5812361555665,5.54405149046327,5.50527443712486,5.46577750526506,5.4259866250027,5.38643765056285,5.34789259976945,5.3105485896601,5.275073919325,5.2415478370436,5.21031400778259,5.18148167291049,5.15515773147349,5.13138999901261,5.11006503126051,5.09122872480709,5.07473833376666,5.06041050119671,5.04813928813176,5.03772603734394,5.02896375251813,5.02168654218288,5.0157408588624,5.01093289611661,5.00706491706905,5.00405384666469,5.00173468884901,4.9999880710674,4.99873927747379,4.99787434332421,4.9973458059602,4.99706630366501,4.9970103712258,4.99711434852867,4.9973597847343,4.99771489115486,4.99814021811466,4.99863330901026,4.99917836791496,4.99974751967784,5.00034156030832,5.00095189720416,5.00156499252786,5.00217972514263,5.00279274977946,5.00339471440646,5.00399023516357,5.00457625923737,5.00514581324195,5.0057018243234,5.00624386188516,5.00676899792927,5.00727834143399,5.0077719156003,5.00824840731498,5.00871060681424,5.00915455766716,5.00958327440962,5.00999726635554,5.01039699647641,5.01078357563412,5.01115514593363
5.00836356170632,5.00814629175114,5.00793526867506,5.00772832001293,5.00751749804815,5.00731380108776,5.00710918830516,5.00693090946228,5.00678213482152,5.00661583969136,5.00649178658948,5.00636596465776,5.00627495025915,5.00623453605637,5.0060997522644,5.00617782777827,5.0062800475865,5.00644420631849,5.00665012453366,5.00696020475352,5.00741181532172,5.00793941554886,5.00867248304334,5.0094817240222,5.01051886829963,5.01214440957518,5.01366821224441,5.01575130563568,5.01829770501632,5.02141922889817,5.02520873181001,5.02978609769356,5.03533810930928,5.04208994575009,5.050287991937,5.06024830438827,5.07234536633782,5.08703898327853,5.10484274099665,5.12633084324209,5.15219864482228,5.1831017342471,5.21962316821438,5.26224139912461,5.31105697770758,5.36575086289978,5.42553544547185,5.48796452707429,5.55108768760516,5.61214776341009,5.66860977150003,5.71847781657827,5.76007815447144,5.7931223141209,5.81787440766247,5.83454957753417,5.84376486614402,5.84625679062844,5.8426628746051,5.83367412117662,5.81986305163604,5.80153034421245,5.7789433075576,5.7523999972914,5.72214013825927,5.68846249745575,5.65167544482522,5.61201891473577,5.57019531816531,5.5268382920474,5.48239502401526,5.43786127178222,5.39383308247773,5.35100680621078,5.30981632186727,5.27086562114413,5.23434287635384,5.20059293879949,5.16968684201399,5.14169740303116,5.11670722194928,5.09452822631891,5.07518744710183,5.05847481032925,5.04417563039766,5.03215139609726,5.022179477866,5.01401971880193,5.00742680342366,5.00221720769859,4.99816169338085,4.99508276197274,4.99283616205749,4.99126293761179,4.99024085134711,4.98965739859799,4.98942880960321,4.98949191553022,4.98974979540287,4.99020228605815,4.99077634785325,4.99144005083328,4.99218850961918,4.99297990687869,4.99380122012767,4.99464155029133,4.9954967695006,4.99634771086105,4.99718699498176,4.99801504579696,4.99882644541469,4.99962398748721,5.00039814492385,5.00114834874802,5.00187669363401,5.002581996932,5.00326238762108,5.00391940105061,5.00455009641509,5.00516005042047,5.00574562547307,5.00630886391513,5.00685104748439,5.00736983827888,5.0078715735084,5.00835240825416,5.00881546776837,5.00925956882639,5.00968567202696
5.00613933456912,5.00583628353047,5.00551846068487,5.00520271786823,5.00487941542063,5.00454133073585,5.00420891577152,5.00388092281575,5.00357359885354,5.00323890815335,5.00294064600599,5.00262282527072,5.00233258038764,5.00202202536769,5.00171559193183,5.00153591164809,5.00132611565973,5.00117349615673,5.00108012551735,5.00099859296283,5.00101532727372,5.00113881940767,5.0013867575877,5.00178299320046,5.00234320049625,5.00309268712025,5.00409114003755,5.00544655892972,5.0071702924688,5.0094022515923,5.01217354418768,5.01571917695765,5.02012826307909,5.02565263252966,5.03255088225545,5.04116241392209,5.05190681507463,5.06528036114441,5.08189547973685,5.10253435627463,5.12810949314885,5.1595508434936,5.19788936082679,5.24397241851053,5.29846811333329,5.36120315252024,5.43078506771837,5.50499721914557,5.5808965119904,5.6539378676175,5.72096573830595,5.77880293851115,5.82612445932122,5.86234778667616,5.88808420051718,5.90450537000917,5.91245614200908,5.91308749910295,5.90732695890613,5.89585626306842,5.87928692220956,5.8580058683337,5.83241623719292,5.80268482993441,5.76889496295118,5.73125228712469,5.68996065418054,5.64563303135231,5.59856811425083,5.54962112266114,5.4997659409093,5.44970747998454,5.40047201585897,5.35271183962702,5.30719497316824,5.26441061217206,5.22465730950214,5.18821478088827,5.15517715491947,5.12548983811808,5.09937982751887,5.07638949119537,5.05664645902851,5.03988064441342,5.02585125374498,5.01428546593018,5.00495659008327,4.9975768900614,4.99187505370768,4.98756556929684,4.98447898710482,4.98234460156328,4.98101976225243,4.98029644852781,4.98009207970153,4.98026802625404,4.98073010782964,4.98144459704788,4.98229720686678,4.98327991213856,4.98435539679411,4.98547352023558,4.986626716374,4.9877919556129,4.98895586595004,4.9901104616485,4.99124288521657,4.99234819772109,4.99343052381646,4.99448031168013,4.99549236358123,4.99647094600661,4.99741522198301,4.99832257507714,4.99919680660852,5.0000313329549,5.00083601495855,5.00160592491155,5.00234204440953,5.00305187930218,5.00372803563509,5.00437653648578,5.00499878477754,5.00559448419201,5.00616478235006,5.00671197822189,5.00723575581474,5.0077386560902,5.00822184210356
5.00391592383233,5.00350456917956,5.00307982514586,5.00264953685126,5.00219996324285,5.00173656805227,5.00125530850657,5.00077739561732,5.00033572863934,4.99982257123582,4.99933869380533,4.99882149624021,4.9983217399068,4.99781561641064,4.99712212767739,4.99686320089591,4.9963241441843,4.99581488892628,4.99534751163467,4.99493452748306,4.99453142941091,4.99424826753353,4.9939304094322,4.99385624071908,4.99380600081991,4.99382328657631,4.99403714880678,4.99458662752428,4.99544176118217,4.99663262060679,4.99831821217448,5.00060525393937,5.00369707919087,5.00775200131747,5.01307237221108,5.01993791249916,5.02881836108191,5.04029486976425,5.05508492050344,5.07413413250179,5.09853030105557,5.12967319861828,5.16909715362038,5.21807331524191,5.27837879184246,5.35000477414834,5.43197401073896,5.52175957398241,5.61437979900292,5.70338353214965,5.78374935207498,5.85131272184547,5.90444151953408,5.94314333006103,5.9691109182345,5.98401972432632,5.98953744937113,5.98738384877119,5.97838380689266,5.96378685396622,5.94402804693901,5.91974113165223,5.89098182157566,5.85773492603088,5.82006663655656,5.77819044505815,5.73221585275888,5.68237471816989,5.62951422564709,5.57421431917233,5.51780936595202,5.46135771457184,5.40591557367098,5.35266486014771,5.30225082024439,5.25531884633156,5.21201491199479,5.17273327384006,5.13744090484742,5.10621099034425,5.07892005437147,5.0553320180369,5.03533965576907,5.01869192400354,5.00511321017172,4.99428867586066,4.98586436311379,4.97952243089798,4.97496468156526,4.97183757783872,4.96992573675241,4.9688829236353,4.96862708570931,4.9688955327034,4.96959903845268,4.97062465182057,4.97186017523497,4.97326684035667,4.97476579608794,4.97632791282488,4.977919023143,4.97950793600329,4.98108891424833,4.98264481296788,4.98415441077753,4.98562580223698,4.98705493241085,4.98842547191204,4.98974461204108,4.99101252022929,4.99222529059075,4.99338777419732,4.99450005852494,4.99556439950268,4.99657895338802,4.99754429140887,4.99847131680787,4.99935248315836,5.00019407026046,5.00099920403701,5.00176594030654,5.00249916755901,5.00319867851846,5.00386728921628,5.0045067970222,5.00512059227615,5.00570364474,5.00626224662789,5.00679671397363
5.00161959972178,5.00111324173327,5.00058730969842,5.00004002217271,4.99948253999605,4.99887974971397,4.99827908183992,4.99765430637624,4.99703729611047,4.99637514398559,4.9956886323541,4.99501032670584,4.99426765985272,4.99355511651166,4.99272259996901,4.99202814715358,4.9912489231338,4.99043647342082,4.98960889663391,4.98880827592294,4.98797346412113,4.98718773450416,4.98643726102923,4.98575457435786,4.984689108206,4.98432330497039,4.98390336221763,4.98357566223465,4.983453866249,4.98359014023372,4.98406642858188,4.98497103405396,4.98651606906342,4.98886737470835,4.9922270330714,4.99693521165325,5.00347819157433,5.01242109563235,5.02451222490493,5.04083053731949,5.06277047526471,5.09197711079534,5.13075507668433,5.1816699095957,5.24702994024555,5.3289694387757,5.42695660697289,5.53733211009637,5.65292805561793,5.76415244237319,5.861516413795,5.94046631097037,5.99878850088262,6.03880942226025,6.06272015427733,6.07414054517095,6.07536776702439,6.06901708282971,6.05606902966599,6.03764895012335,6.01463263915535,5.98673853714324,5.95453314365272,5.91777404503755,5.8764338646378,5.83009414118474,5.77899334238209,5.72324598716907,5.66343470726289,5.6007586700139,5.53644480711236,5.47242400725309,5.40982363153212,5.35026672529501,5.29428862187063,5.24280300441443,5.19572519529977,5.15356593772369,5.11619649020262,5.0833012216058,5.05497320482843,5.03095290136132,5.01090655067116,4.99462298496482,4.98177197711872,4.971978858336,4.96482097485061,4.95988097701185,4.95677674266407,4.95505210138078,4.95452731180485,4.95480211049721,4.95575341859206,4.95714796966326,4.95887488899185,4.96081918705296,4.96289547807805,4.96504762103333,4.96721484869894,4.96938446523682,4.97152299250762,4.97360014653781,4.97561463324617,4.9775742856642,4.97944262757783,4.98123557521831,4.98295090924057,4.98458428351732,4.98614321072315,4.98762843773189,4.98904025282489,4.99038330219143,4.99166488865386,4.99288142361956,4.99403537524875,4.9951315345909,4.99617602097343,4.99717045370578,4.99811549667274,4.99901172459862,4.9998670863423,5.000683005872,5.00146055989577,5.00220132058964,5.00290670725053,5.00358104652394,5.0042238859246,5.00483955382737,5.00542424845146
4.99936618927022,4.99875471010661,4.99813318382265,4.99747320944712,4.99679240751812,4.99607241405497,4.99533541010857,4.99456748309314,4.99379842424971,4.99296017666153,4.99210453856982,4.99122225283497,4.99028647350125,4.98931443674798,4.98827442412322,4.98713099813162,4.98627398040504,4.98508807089243,4.98387883469152,4.9826791627038,4.98148262093057,4.98020392525182,4.97895978818068,4.97769100429274,4.97622153160217,4.97492581777345,4.97361071755552,4.97238206854187,4.97121282819522,4.9701842272413,4.96930817044957,4.96873636527469,4.96855558835492,4.96891270779541,4.97007304827831,4.97225194350158,4.97585910354894,4.98152759050446,4.99000756264721,5.00227543156918,5.01997082461032,5.04525349037483,5.08115048911372,5.13149462324748,5.20068834619971,5.29314460887537,5.41095196023893,5.5501623438191,5.69955154636375,5.84193771661929,5.96163356379054,6.05242498147537,6.11422819260909,6.15139959575662,6.17066812761152,6.17445776949808,6.17055348332497,6.15848468778335,6.1404158731083,6.11778154614671,6.0904669645313,6.05910939474871,6.02349797918262,5.98321774849594,5.93823784239612,5.88781281582217,5.83128834384081,5.76909514683076,5.70122356451693,5.62950627921364,5.55594264984387,5.48273665375767,5.41157343868677,5.34470010076661,5.28251562752286,5.22606707896328,5.17530474591192,5.13021228986187,5.09066128294754,5.0562697232133,5.02703100035292,5.0026326160274,4.98282567841596,4.96725302021355,4.95556418693679,4.94724320634596,4.94176356740578,4.93856303833675,4.93724217318004,4.93727711823464,4.9383617140481,4.94017639510443,4.94251558839026,4.94515107698177,4.94800999394109,4.95095316242113,4.95392003495821,4.95687527518218,4.95975894029284,4.96254741759544,4.96524572923712,4.96782535445532,4.97030317844532,4.97264462462246,4.97486878976944,4.97698300592897,4.97898797342274,4.98088543658299,4.9826769713906,4.98437995783075,4.98599026184114,4.98751415734754,4.98895237447475,4.99031580625442,4.99160901703952,4.99283439134279,4.99399124809903,4.9950938938139,4.99613346126702,4.99712601125461,4.99806760478559,4.99896214905936,4.99981318926938,5.00062215379235,5.00139243797458,5.00212623941109,5.00282746262448,5.00349415595931,5.00412887689721
4.99717287315692,4.9964710788927,4.9957386873194,4.99497826438163,4.99417129528999,4.99334016038167,4.99246203925387,4.99155370028743,4.9906276811967,4.98961347561348,4.98858299915731,4.98749320317979,4.9863559255935,4.98515033908895,4.98392311992168,4.98247874856265,4.98107652794605,4.97973834276992,4.97825637124925,4.97664381340525,4.97499396555814,4.97324723614763,4.97150065985788,4.96951270709236,4.96746987194292,4.96543147070974,4.96336372334381,4.96122400579962,4.95896858775036,4.95669816401903,4.95445066845977,4.95228487566441,4.95025173494274,4.94844925488812,4.94706299381698,4.94635142884551,4.94655046249229,4.94812165367187,4.9518605148466,4.95878611260569,4.97055422984996,4.98931725157627,5.01867188829465,5.06405799893161,5.13265129374407,5.23325930746974,5.37448043418436,5.55571150605522,5.75737961202453,5.94835333006461,6.09764873144659,6.19845089008456,6.25713784542653,6.28418298854417,6.29393312600765,6.28999292592359,6.27485588497234,6.25505631749914,6.23099427924786,6.20289637669717,6.17154294939649,6.1365568316179,6.09788443546128,6.05484810611815,6.00671343007464,5.95262664386319,5.8909927870189,5.82160898999577,5.74448867615603,5.66163380284562,5.57624111186162,5.49128294556634,5.41014116245795,5.33467822007799,5.26578470329702,5.20436805978252,5.14964006043966,5.101779027914,5.06021505055558,5.02458756159264,4.99459003936883,4.97006567301971,4.95076043359403,4.93639984480876,4.92622873845386,4.91984759362809,4.91653063154949,4.91560467794797,4.91642902978039,4.91857087630049,4.92155911252508,4.92510312299569,4.92900574450684,4.93300612064761,4.93708681695963,4.94111950683104,4.94502358911374,4.94879658132136,4.95242421986749,4.9558628160311,4.95912661610396,4.96221790189579,4.9651113264903,4.9678581397743,4.97044437299411,4.97287291273279,4.97516009934957,4.97731637823594,4.97934965854211,4.98126042062125,4.98305582049387,4.98475268193778,4.98635356275195,4.98785901247681,4.98928644962775,4.99063282974163,4.99190295708783,4.99310754253291,4.99424818340893,4.99532779248818,4.99635149453008,4.99732309277774,4.99824547782883,4.99912162572779,4.99995735309925,5.00074809472211,5.00150322716954,5.00222176616223,5.00290549084036
4.99499309166729,4.99419308953799,4.99336300157111,4.99249224663891,4.99156973579405,4.99062021409451,4.98959300583536,4.98856349776209,4.98747776057884,4.98630502857078,4.98509822943331,4.9838149047516,4.98245312498222,4.98103692550151,4.97957569183206,4.97806357950833,4.97621468856139,4.97451418131217,4.97264737181177,4.97067803147456,4.96859482458853,4.96638637919134,4.96419611304738,4.96159642322838,4.9590339334128,4.95609298669119,4.95313120166445,4.95000614520727,4.94670293704681,4.9432292227753,4.93954623052334,4.93569402002341,4.93174063736612,4.92768541916272,4.92354679914666,4.91957661194403,4.91591230455357,4.91288088930432,4.91112722601595,4.91121625545162,4.91454913260751,4.92361579686287,4.94185514857563,4.97503037660984,5.03407392136649,5.13486681179638,5.29991137682471,5.54010506168355,5.8373366832447,6.1072468453022,6.28695212520802,6.38951706084223,6.4297946077755,6.44078742507696,6.43054772874516,6.4105141136363,6.38624125817771,6.35780054794458,6.32655490630713,6.29368678685204,6.25788420970458,6.22022053488861,6.17781451304806,6.13198014981714,6.08129536439975,6.0252691822959,5.95946179066744,5.88254936769948,5.79460784180933,5.69748421969471,5.59668453331897,5.49762766943551,5.40426888802211,5.31915350097393,5.24310045422377,5.17639751591623,5.1182062250644,5.06776801571653,5.02430940865463,4.98748053008125,4.95696038816141,4.93252747697894,4.91404132604576,4.90120244183152,4.89326016447261,4.88959035038149,4.88902749720658,4.89097365941488,4.89445836107971,4.89906383388967,4.90428147470642,4.90975910164921,4.91539803428949,4.92091498007247,4.92627452434446,4.93144111352779,4.93633424731438,4.94096024157553,4.94531228554828,4.94938639069559,4.95321522769878,4.95680224585296,4.96014870838006,4.96327756511734,4.96621271251384,4.96895445139708,4.97151954814054,4.97392388342336,4.97617441431574,4.9782858084402,4.98026537979692,4.98212794608515,4.98387985516916,4.98552570079576,4.98707993538959,4.98854130862707,4.9899220230478,4.99122360528969,4.99245481098792,4.99362118009534,4.99472421066611,4.99576821799815,4.9967599706892,4.99770188425718,4.99859489287108,4.99944317771518,5.00024948340252,5.00101779903958,5.00174878050195
4.99284785215196,4.99196426567365,4.9910272748254,4.9900603885016,4.98901641692871,4.9879483814456,4.98680542105771,4.98563299580665,4.98439931595539,4.98305775382897,4.98169129715705,4.98021419721528,4.97867715854307,4.97701554203307,4.97531363612813,4.9734587666824,4.97143626136707,4.96939251351332,4.96720486600778,4.96484445025225,4.96234775805132,4.95961778607091,4.95660220983937,4.95394776975951,4.95063535979634,4.94672662274973,4.94302026944352,4.93892999515059,4.93449300996686,4.92976623363271,4.92466094669309,4.9191099411863,4.91316593222276,4.9067628773818,4.89986653041337,4.89259463419481,4.88484574188596,4.87671711572499,4.86860696076843,4.86088523459261,4.85416083679428,4.8500627122517,4.85166417697648,4.86450938213883,4.90042532316717,4.98149569169726,5.15274373164777,5.47633088561951,5.96381732568679,6.39467213678097,6.59573368192963,6.63751331064629,6.63281519152775,6.61022025304611,6.57687781417577,6.53845891163851,6.49925529548584,6.45960962050781,6.42010746453199,6.38105710191839,6.34077860833743,6.29852779243207,6.25625546881218,6.21197489612626,6.16310184462435,6.10792608647087,6.04257288597665,5.95936395002167,5.85819988109116,5.74033686883933,5.61738500202542,5.499170880381,5.3906873270231,5.29463907272184,5.21132201517652,5.14033041276394,5.07955687372114,5.02731118983673,4.98273268552722,4.94493720040417,4.91381300214948,4.8896655372001,4.87223015408743,4.86163421770911,4.85662550823155,4.85647089299273,4.85946992711434,4.86490324503047,4.87160522037465,4.8790344448171,4.88677702680301,4.89442794973367,4.90186216831726,4.90898728019749,4.91570099551285,4.92198795888061,4.9278515444767,4.93332258237403,4.93840815260461,4.94312583359649,4.94750274492041,4.95156626810704,4.95534535979553,4.95885716229064,4.96211515125927,4.96514563889146,4.96797567234183,4.97061764710441,4.97308145317309,4.97539244053493,4.97754577727552,4.97956417787275,4.98146326155933,4.98324303282943,4.98491352372649,4.98648996079754,4.98797459743611,4.98937193883594,4.99069334344542,4.99193958688595,4.99311945888505,4.99423763888365,4.99529519658282,4.99629492098626,4.99724851766195,4.99815270846086,4.99900651901122,4.99982542886048,5.00060177722125
4.9907800658787,4.98980711361329,4.98877619061008,4.98770137620394,4.98655263806331,4.98536060872421,4.98410949974906,4.9827973801005,4.98141108903695,4.97992323368933,4.97838260536517,4.97674224514274,4.97498264608535,4.97312586594832,4.97115021012528,4.96905428301983,4.96679976542182,4.96444902456947,4.96190808010227,4.95918238428661,4.9562512957233,4.95311671641692,4.94977063592332,4.94608909116844,4.94237425102383,4.93795644370166,4.93334368773611,4.92831437978168,4.9228771929998,4.91690018559815,4.91038319770353,4.90320842660593,4.89532835286621,4.8866451791515,4.87696789715743,4.86624674660322,4.85439161126013,4.84114690811681,4.82630964402422,4.81000245212842,4.79203893158917,4.77290907164117,4.7538045401906,4.73661304396031,4.72947281186928,4.75420710482743,4.86726236543111,5.2497152478411,6.19000000446758,6.9919089656942,7.0370476007016,6.93764854199543,6.39366168954379,4.1805881389407,0,0,0,0,0,3.30682542619406,4.3657109221041,4.99584405326607,5.57520896437089,6.06581733981641,6.24024931553911,6.20256976718369,6.14393441179164,6.05961049767884,5.93445864706302,5.78273819957608,5.63135234110388,5.49135379209672,5.36808970217023,5.26120916763228,5.17173521175541,5.09628657021313,5.03304484240621,4.97963722664303,4.93415884738448,4.89538573585336,4.86361509636007,4.839479589667,4.8236051680365,4.81595707889262,4.81519427723199,4.81979894658468,4.82766498248973,4.8375083160205,4.84811026475822,4.85889977811567,4.86944395447767,4.87944883260703,4.88885920047179,4.8976011841511,4.90565757349929,4.91314623179165,4.91999176959616,4.92626450707435,4.93205371651448,4.93739701298944,4.94229164064696,4.94680967844926,4.9509880874724,4.9548300210177,4.95840143114296,4.96172158088589,4.96478461369257,4.96763950882076,4.9703102441092,4.97278493650457,4.97509867588659,4.97726928825766,4.97929064519153,4.98119090849422,4.98298159682368,4.98465623300792,4.98623117506259,4.98772060310653,4.98911831201546,4.99043734745095,4.99168838588836,4.99286760945303,4.99398324852909,4.99504274793569,4.99604666454235,4.99699674342614,4.9979019404037,4.99876254047856,4.99957783441687
4.98871573515403,4.98764801564367,4.98652880076862,4.98534675852355,4.9840959383384,4.98279217818001,4.98142147480141,4.9799769687562,4.97844283385776,4.97679255539066,4.97509762158422,4.97331124282034,4.97134445128607,4.96927078806254,4.96708183959614,4.9647455431448,4.96222788525549,4.95958910773139,4.95674084700122,4.95367493253791,4.95036827470673,4.94679246607433,4.94299517040802,4.93868092936073,4.934631629057,4.92950683387818,4.92413035401679,4.91824074883683,4.91178772219744,4.90467610838448,4.89683307438415,4.88809362503275,4.87832475370681,4.86745813538597,4.85513901131142,4.84120974161202,4.82536772680355,4.80705404419029,4.78587062450855,4.76137245963007,4.73215736299659,4.69700067439792,4.6552689814285,4.60418186361235,4.54052622707009,4.46653050777598,4.39554877558323,4.45817933322901,6.383183628528,0,0,0,0,0,0,0,0,0,0,0,0,0,0,0,0,0,0,0,4.1261970708884,5.14373524528335,5.60087306146486,5.48222188543312,5.33190810297418,5.20756916464098,5.11008353057038,5.03626032208412,4.97632659586959,4.92490649446485,4.88110250397852,4.8423323030784,4.80861470566627,4.78324749211189,4.76809922901316,4.76438372340836,4.76948252510904,4.7803550475749,4.79427835519581,4.80931636248654,4.82434274307519,4.83875124859331,4.85220282131736,4.86460693187145,4.87597812534832,4.88631610393025,4.89578513367933,4.90431116683691,4.91204725687646,4.91915135889868,4.92560293645248,4.93147914623154,4.93687945599499,4.94183783917755,4.94637892241629,4.95057385749127,4.95444445774004,4.95801122936641,4.96132482843575,4.96439743458412,4.96724354951876,4.96989476186929,4.97237036317832,4.97467907657611,4.97683942713057,4.97886081790769,4.98075966485649,4.98254225248447,4.98421519508067,4.98578831884012,4.98726508251043,4.98866394416116,4.98998527857649,4.99122833816517,4.99240873783205,4.99352947088133,4.99458492383394,4.99558767432933,4.99654519738841,4.99744663839702,4.99830612572245
4.98663617728907,4.98548912031877,4.98428042160263,4.9830081476228,4.98165739768932,4.9802477215275,4.97876109912962,4.97719572995107,4.97554230540074,4.97375794243396,4.9719266055193,4.96993084025858,4.96780910564339,4.96557356621556,4.96313404849974,4.96060284771398,4.95783216263884,4.95491300041898,4.95176136857796,4.94837079085782,4.94470597501445,4.94073295121053,4.93647009922044,4.931635334301,4.92667812046356,4.92114610676809,4.9150975509196,4.90848995431106,4.90115239772008,4.89300432078711,4.88398223221732,4.87388379024468,4.86251090353123,4.84968608961488,4.83507967759349,4.81828647103081,4.79896748234955,4.77637822037384,4.74956165807339,4.71760113302236,4.67875008285781,4.63029863659634,4.56847473632241,4.48714468722263,4.37373991204456,4.2044424154933,3.92779178893543,3.3335799624788,1.31570757440739,0,0,0,0,0,0,0,0,0,0,0,0,0,0,0,0,0,0,0,0,0,0,1.00379224790492,3.17498798924149,4.20187241388234,4.78812517330426,4.92152327322681,4.91944258099737,4.87122766414265,4.82878913426089,4.78560215786147,4.74563534125,4.71484572344324,4.70004302722111,4.70270469986543,4.71743677140034,4.73730722529885,4.75943811942837,4.78106540473683,4.80119575886327,4.81971370184103,4.83637092235685,4.85124700229468,4.86463312446246,4.87656521165301,4.88718647455126,4.8968294082754,4.90546318060827,4.91320537423705,4.92030018908693,4.92670203441669,4.93252704893878,4.93790625781816,4.94274637165354,4.94721748562019,4.95139069965829,4.95515118760597,4.95863435690168,4.96191874433749,4.96492558102196,4.96769933688913,4.9703362162013,4.97273927721945,4.97500044000134,4.97715323293438,4.97912344264629,4.98098891841649,4.98276376556387,4.98438710613168,4.98593364728619,4.98741999423635,4.98876875512843,4.99006069683153,4.99131698825306,4.99246640776802,4.99355471790503,4.99463108946353,4.9956099356048,4.99653710898346,4.99746244883137
4.98467459549697,4.98344442430863,4.98216013759408,4.98079240210877,4.97935775273312,4.97783187181478,4.97624324869221,4.97457814441298,4.97280124678366,4.9709514599958,4.96884662085558,4.96673796081347,4.9644690730855,4.96204162324353,4.95944384315838,4.95666919507944,4.95370242905128,4.95052310649211,4.9471062779359,4.94343047233823,4.93945341230862,4.93514721804242,4.93046330940296,4.92525227836628,4.91970072501818,4.91364788814325,4.90696584024718,4.89965959825556,4.8915599335501,4.88253366049369,4.87247385528115,4.86118510630345,4.84841868025961,4.83394789867013,4.81742638842674,4.79831433852535,4.77610287743182,4.75006428140911,4.71900785786652,4.68147781085708,4.63547396726436,4.57752987486352,4.50253663404485,4.40320830890013,4.26435485064313,4.0590035474085,3.73461803428199,3.22285444872529,2.6688645942082,2.9704755319715,0,0,0,0,0,0,0,0,0,0,0,0,0,0,0,0,0,0,0,0,0,0,0,0,0.253622642086832,1.34422105283932,2.31145069184489,3.10110451128711,3.70198901245804,4.06167434796581,4.29334313215903,4.38522722581144,4.49882302536791,4.54666323833604,4.60708926932137,4.67166144528075,4.69611345522194,4.73296530235751,4.76867884127007,4.78078044893522,4.80278349606568,4.8276614100373,4.83181805023328,4.84272362282528,4.86671302258515,4.86900948026469,4.87713410450152,4.89278733055379,4.89157835010382,4.89799910172881,4.91194020392547,4.90888155962684,4.91312437889205,4.92634487045656,4.9206506771277,4.92610537539641,4.93721642911121,4.93296606216738,4.93497936571509,4.94603646450218,4.94079717432292,4.94175591215659,4.95141142804312,4.94836143800291,4.94834449032456,4.9568342387025,4.95238848896404,4.95178974244001,4.9606944453033,4.95686974646764,4.95560039525281,4.96221518955837,4.96017487846223,4.95762773635826,4.96443503644258,4.9629112045846,4.961210263261,4.96655355481615,4.96625592238594
4.98282146929455,4.98151278190661,4.98014996352794,4.97869595192451,4.97717471568002,4.97556558120291,4.97386798831627,4.97209746594109,4.9701960235327,4.96818009061579,4.96599895337774,4.9637372757228,4.96133073878902,4.95872275260545,4.95593750201816,4.95297781465516,4.94980839906061,4.94637959920778,4.94273980070766,4.93875399754169,4.93449390988047,4.92982116390546,4.92483596821431,4.91937606808486,4.91337132414004,4.90687696140981,4.89967384828218,4.89171628996844,4.88292108303548,4.87312269787429,4.86216578869472,4.84990175195765,4.83601940900069,4.82022219077613,4.80221566939937,4.78141311036367,4.75716671117148,4.72874966183519,4.69489068187249,4.65400104877713,4.6041719193627,4.5420249339276,4.46296188302156,4.36012259309949,4.22397089638795,4.04046406887383,3.79812512431255,3.51977161755987,3.34073993626033,3.47986488931837,3.84010939035761,4.23521358566743,4.58062203337694,0,0,0,0,0,0,0,0,0,0,0,0,0,0,0,0,0,0,0,0,0,0,0,0,0.062127064322571,0.339845511831958,0.753704661946302,1.15328044414427,1.77663748395658,2.12634779951748,2.52740805358121,2.82075560306824,3.03554298873859,3.25041562019137,3.40542713083917,3.51764950176166,3.64775150092128,3.74200802610013,3.80721680321888,3.89944002272115,3.95811958637309,4.00303542518947,4.06329356570833,4.11096064039301,4.14276037419393,4.18562779129146,4.2213525519465,4.24648516162494,4.2775044420472,4.30471059014128,4.32540866442741,4.35014942064465,4.37234272526282,4.38827108835172,4.40764195429577,4.42618211345527,4.43965592011372,4.45440848843507,4.46952393566748,4.48156907168774,4.49390269442723,4.50694698695019,4.51650301997752,4.52779833267661,4.53897578748581,4.54764526612026,4.55611905445201,4.5664578144949,4.57362831953356,4.58076395971842,4.58956847715383,4.59602820285583,4.60204944107274,4.6098650409825,4.61619096922543,4.6210757875642
4.98100939676092,4.97963406329383,4.97819066994194,4.97666485806634,4.97505415127405,4.97335580032337,4.97156526515115,4.96969148250141,4.96767969232534,4.96554203010293,4.96326116107108,4.96082755193132,4.95836730768151,4.95554253967956,4.95260682145775,4.94946712328326,4.94611150909339,4.94248525442779,4.938615793221,4.93441599627745,4.92988496161637,4.92495619321277,4.91964517528784,4.91391885351175,4.90745646739039,4.90050500007773,4.89289253006642,4.88444729885181,4.87513836686187,4.86477436612053,4.85317627628069,4.84020121240509,4.82554841835722,4.80889773000478,4.78989716106029,4.7680265241751,4.74263265518885,4.71298658472218,4.6779791500028,4.63617594025501,4.58576188031802,4.52450728389673,4.44868154507784,4.35429153667427,4.23688397140972,4.09454871679798,3.93598219656157,3.79257270037269,3.72801291801573,3.82227715720345,4.02902803633444,4.29431183113958,4.55353234273019,4.77645624486747,4.97437065104308,5.14065868639014,0,0,0,0,0,0,0,0,0,0,0,0,0,0,0,0,0,0,0,0,0,0.330795597265475,2.03269977637043,2.5955410191433,2.80668715732935,3.26241501015796,3.36287592692173,3.44909216566755,3.50372236594691,3.55802783656693,3.61093538289174,3.6332853893112,3.64308298056147,3.68777197009568,3.71358272074762,3.72196058089226,3.75945976730359,3.79012010913301,3.80169121304788,3.83456743277603,3.86511390698421,3.87858668282508,3.90627068271202,3.93572764975356,3.95028293849409,3.97393885532495,4.00298626889463,4.01763186509851,4.03546070097572,4.06178104925698,4.07694746041948,4.09191912320544,4.11372910016411,4.12869006325232,4.14273190786499,4.16312550958017,4.17595883480267,4.1891434570776,4.20774610422081,4.2184099783039,4.22802031759153,4.24573944658929,4.25656529481053,4.26355729007491,4.27979566691207,4.28987944126326,4.29619389087054,4.31046406771446,4.32053268532409,4.3256147015548,4.33801957184566,4.34681146955133,4.35235226584058
4.97922045230435,4.97778006740498,4.97626597171109,4.97467030438905,4.97297187968882,4.97119820978777,4.969326227013,4.96735574341287,4.96524851140401,4.9629945770185,4.96061087374081,4.95813404198108,4.95542353893019,4.95251952971852,4.94947213746377,4.94616768149182,4.94266487283696,4.93885194271224,4.9348013180302,4.93039538340728,4.92565090003133,4.92047895575464,4.91494072013163,4.90904518803403,4.90223391340251,4.89495142063898,4.88698561924912,4.87817779132738,4.86844511034588,4.85766082841544,4.8456275417801,4.83215114273112,4.81700828128029,4.79986054434195,4.78037339271598,4.75810395931134,4.73244343481927,4.70270728981205,4.66805432203893,4.62729433338151,4.57918338034581,4.52188705607701,4.45395930167099,4.37358710768742,4.28115549599501,4.17854284083008,4.07964036777904,4.00474270851976,3.99148371073137,4.05304916825022,4.19089854485466,4.37320194289939,4.57228524411586,4.75531892889032,4.92741836512801,5.07962423137351,5.20972857322638,5.32806816149784,5.43787578091919,5.5387687263735,5.6267209068796,4.67093098234788,0,0,0,0,0,0,0,0,0,2.28531822965311,3.98942485718714,4.76164646800914,5.05724351719431,5.02259622751959,4.9232485271305,4.82019886131534,4.74479222858555,4.70490202756233,4.67123198191566,4.64420832735884,4.63513007229102,4.6421100249448,4.6653517424162,4.69406032707335,4.71551113638981,4.73488824542975,4.75877144919445,4.76878936251578,4.77062377786721,4.78100110048788,4.78093434097333,4.76506205542365,4.76282159982411,4.75653861023891,4.73209764680357,4.7199770303851,4.70954397117259,4.68197966944174,4.66573166868908,4.65561712173801,4.63035285644544,4.61437608596479,4.60362490632014,4.58580101934902,4.57060961845342,4.55952382397562,4.54716092211934,4.53491573412531,4.52484279435395,4.5173734870046,4.50769636218261,4.49920856415443,4.49471511559238,4.48868938274981,4.48136188215148,4.47953772785754,4.47537143076364,4.46956421710941,4.46905641234037,4.46681246105354,4.46228435493112,4.46244900428377,4.46143243588985,4.45830707655349,4.4594922951004,4.45996560004475,4.45725089321163
4.97747494196723,4.97597308690946,4.97439764443619,4.9727351043159,4.97096909660235,4.96912776235283,4.96716732596052,4.96511402796822,4.96291724348015,4.96058276368454,4.95811503801032,4.95550286942214,4.95264613935979,4.9496762321146,4.94649866781035,4.94306781468512,4.93941230190842,4.9354721116445,4.93125184903396,4.92670186156119,4.92176602934898,4.91645713247491,4.91073994898414,4.90449390055175,4.89757964317763,4.89008158106431,4.88188414710789,4.87286202103397,4.86289345174915,4.85186193443667,4.83960053769296,4.82591986856123,4.81060868140571,4.79337548394496,4.77390140547257,4.75182423898797,4.72663153169008,4.69775072037665,4.66461494612283,4.62638708514592,4.58218170480881,4.53135899587984,4.47304286516313,4.40802120939695,4.33769329965715,4.26710378954103,4.20629368080777,4.16927811552165,4.17188044195714,4.22490574509244,4.32551486286836,4.45551352277436,4.60764363705263,4.75875262168081,4.90193059333093,5.03426584022178,5.15716695039507,5.266491100153,5.36611251488161,5.45821310830457,5.54179552011154,5.6154443842732,5.6818738973407,5.74382402025438,5.80051078769713,5.85214006030302,5.89541717253456,5.90060082864504,5.84116277878917,5.74266728148505,5.62987324387197,5.51103532918643,5.39146545077361,5.2712687858971,5.15805873364666,5.05434369810272,4.96047396282192,4.87996546672646,4.81453540496941,4.76826080810951,4.7343819564077,4.71039350789392,4.6989924221994,4.69985989932985,4.71125524835628,4.72877231838275,4.74852810085186,4.768737099882,4.78813514176921,4.80601822931738,4.82261914081605,4.83761015557744,4.85107798646414,4.86360018417965,4.87476857493484,4.88482876088619,4.89374659066304,4.90198131337791,4.90953887212645,4.91535786402603,4.92120593337361,4.92691530562257,4.92983728298077,4.93348123389413,4.93764358237453,4.93758115236867,4.93888850981455,4.941995240791,4.93944618989781,4.93817972468115,4.93978552804144,4.93536481845687,4.9321496032395,4.93194629758401,4.92471086887928,4.91846210891889,4.91759887602052,4.9107971064318,4.9016815400986,4.89894146101397,4.89260516453074,4.8818696801771,4.87915057701549,4.87279475008611,4.86192139464124,4.85684738106736,4.85148308050427,4.84138090278112,4.83502520334073
4.9758032468455,4.9742511479864,4.97261371860155,4.97089418311888,4.96906354244863,4.9671468725288,4.96511826246839,4.96299778740451,4.96072254993505,4.95831414683001,4.95574682924973,4.95302323789906,4.95012892797305,4.94703374113109,4.9437595620733,4.94021854483658,4.93645666167869,4.93239914924313,4.92805490655817,4.92337611868117,4.91831551047703,4.91282260008049,4.90702085361266,4.9004994835563,4.8934210772836,4.88583314336208,4.87750836547901,4.86835335888972,4.85826701177228,4.84716456876796,4.83487085975698,4.82121560857072,4.80603603303348,4.78906450853975,4.77001272075748,4.74858607850903,4.72444764485472,4.69722323473995,4.66634906461925,4.63144930191815,4.59240702794215,4.5486101388549,4.50059915287687,4.44938997636162,4.39755674318581,4.35010359389589,4.31336843091958,4.29672666834287,4.30843436641365,4.35326908259959,4.43035691473665,4.53264456691062,4.64928324373806,4.77104346201366,4.89158762522633,5.00635467356672,5.11376924488109,5.21430149897314,5.30542507831993,5.38823294756436,5.46273700473413,5.53113946516174,5.59238999018168,5.64454719979255,5.69291651280587,5.73012805770461,5.7492422023593,5.74421381886668,5.7008675612912,5.63171042120929,5.54638475205395,5.45049267697563,5.35251765153697,5.25420549862494,5.15939525725485,5.07114776517707,4.99193372895308,4.92198101497068,4.8649709377429,4.82020901848466,4.78714636777868,4.76413433569067,4.75082482115612,4.74712082462298,4.7513133441907,4.76112472662084,4.77413803647841,4.78859626255202,4.80335896492289,4.81781715376589,4.8314917328486,4.84428423136519,4.85612244069901,4.86700295784701,4.87696224134089,4.88608421597313,4.89443995273981,4.90210520011259,4.90911786672707,4.91554391461303,4.92145154019035,4.92689042056563,4.93191973005416,4.93656872299862,4.94086467456546,4.94489706044284,4.94867006662307,4.95213811521771,4.95539778761553,4.95850133960263,4.96137919788894,4.96403129203033,4.96653614053547,4.96892930555231,4.97109927224231,4.97303880206494,4.97496758707156,4.97673054703808,4.97818131310077,4.97975164700055,4.98118700476201,4.98208842673691,4.98331529620539,4.98455789346851,4.98487077906384,4.98566361273204,4.98689888905468,4.98654646559234,4.98709576513917
4.97419321664814,4.97259582344032,4.97090646562818,4.96913860102774,4.96724911284617,4.96528087959541,4.96319808730398,4.96100376328522,4.95866845170468,4.95618459304584,4.9535513718793,4.95074182863417,4.94778155250676,4.94460903020051,4.94125022953234,4.93763336576234,4.9337729823911,4.92963466224987,4.92518459302767,4.92044193731515,4.91526098506654,4.90977717456431,4.90384258940209,4.89722350705785,4.89025149386899,4.88253978800915,4.87416475601508,4.86499437775744,4.85494872461002,4.84391314537234,4.83176110095808,4.81833701624106,4.8034696176215,4.78699693603032,4.76869497880619,4.74832888249738,4.7256948072293,4.70052372801866,4.67245923107022,4.64146956405947,4.60749991271809,4.57088351607804,4.53216011047693,4.49299086775518,4.45567505483915,4.4240343868793,4.40282097961687,4.39809306371658,4.41375558771023,4.45361174205375,4.51605314588043,4.59614953538455,4.68923449388166,4.78944396632259,4.890151703121,4.98897697604723,5.08305099916168,5.17132399871142,5.25336470410441,5.32834002667937,5.39615786527262,5.45739592960352,5.51085893667223,5.55656719002707,5.59361467288287,5.61899027795596,5.62881003582311,5.62012262127787,5.58833064075394,5.53699242855991,5.47129547831934,5.39569987081372,5.31635630177947,5.2351916743376,5.15653548782853,5.08222399815095,5.01407970124574,4.95428194180589,4.90372412881749,4.86264896151295,4.83108007507935,4.80824641866964,4.79370847721887,4.78674119875935,4.78646815337943,4.79077699036883,4.79875697405768,4.80863274092508,4.81950075471432,4.83075039335062,4.84180996084974,4.85250859563368,4.86261699488912,4.87211525585455,4.88099053249642,4.88920748169606,4.89683487762575,4.90391198761682,4.91043520054377,4.91648681730863,4.92209850108981,4.92728719300934,4.93210030722579,4.93658499226334,4.94074888395009,4.94462459058739,4.948253750295,4.95163196677869,4.95478545215338,4.9577569480041,4.96053574070983,4.96313748653426,4.96559252863923,4.96789745333076,4.97006213221961,4.97210120497363,4.97402764104615,4.97584957930993,4.97757737237998,4.97920622730919,4.98074409942207,4.98222626351628,4.9836270914198,4.98494609625597,4.98623121570321,4.98744543704219,4.98858878686472,4.98970562637273,4.99077550457345
4.97271828790322,4.97107336995459,4.9693413003465,4.96752536379857,4.9655900510302,4.9635737447237,4.96143943092952,4.95918040990301,4.95680404162809,4.95425824524703,4.95158026512595,4.94870759630758,4.94569293591359,4.94245248989436,4.93902460627571,4.93534548643983,4.93142563810551,4.92722814068486,4.92272498846216,4.91791466402599,4.91271398702253,4.9072463995328,4.90098267535459,4.89433093548175,4.88735450025963,4.87970292010969,4.87137784800493,4.8623319894045,4.85242719877551,4.8415952639344,4.82975193854008,4.81674874623957,4.80245823256324,4.78678609983862,4.76952248239879,4.75049603092502,4.72958835641145,4.7067582458077,4.68178468618106,4.65484760076713,4.62596710488338,4.59579671112507,4.56527472609486,4.53563927304816,4.50932897249637,4.48882892293115,4.47761819651287,4.47965336994807,4.49760135288486,4.53270511932257,4.58414009181334,4.64994650266589,4.72602602289674,4.80840411143678,4.89319891548192,4.97774570461448,5.05965317082807,5.1371118559328,5.20986710283418,5.27666236432361,5.33739013235196,5.39136178276538,5.43825826446722,5.47739758566558,5.50895959889697,5.52645636278838,5.53236159489778,5.52308442819999,5.497952882227,5.45837766360185,5.40706531697763,5.3474184206689,5.28290871522404,5.21658644346699,5.15098552301147,5.088436334989,5.03047992673889,4.97855990841005,4.93379069415626,4.89659899431749,4.86706196974924,4.84482459460087,4.82950897838586,4.82045250327622,4.81693441295998,4.81774244138709,4.82177878339458,4.8279616736137,4.83563510682846,4.84403292056512,4.85274220502266,4.86142225852114,4.86989627688189,4.87806747666942,4.88580487406001,4.89313735117252,4.90002035114619,4.90646947447937,4.91249242920629,4.91811323680497,4.92336608579551,4.92825088149635,4.93282907214385,4.93710202821325,4.94109297444405,4.94483248670506,4.94832890218147,4.95160632342742,4.95468042374369,4.95756619378762,4.96027929856909,4.96283492206269,4.9652406935631,4.96750889780015,4.96965033524898,4.97167044532714,4.97358101879105,4.97539263476908,4.97710757630736,4.97873151717006,4.9802752803594,4.9817416587337,4.98313519849248,4.98446293862004,4.9857266566238,4.98692956426634,4.98807864590705,4.98917478135887,4.99022019008386
4.97133646560083,4.96965691229153,4.9678832051626,4.96602462025462,4.96405158516516,4.96197905848938,4.95978538802491,4.95749496654493,4.95508980933872,4.95249966348726,4.94976265842578,4.94685031327302,4.94378603353963,4.94051234440927,4.93703463809681,4.9333203926866,4.92935776113582,4.9251300995747,4.92059750798046,4.91576917399599,4.91052447299144,4.90496069176636,4.89889930667333,4.89268331614892,4.88550814094093,4.87792308247811,4.86970345935343,4.86077833607749,4.85110067481562,4.84057804043123,4.82912232493977,4.81667607369759,4.80307299761072,4.78825849835633,4.77215666521587,4.75462985464597,4.73565942102492,4.71518095000617,4.69328247997582,4.67009341676006,4.64607729102991,4.62164308574453,4.59787423665081,4.57584622704315,4.55743557162694,4.54488730368085,4.54059508530133,4.54655359385787,4.56493287861908,4.59630578585746,4.64017464239187,4.69485807361895,4.75816418401774,4.82699154645706,4.89864011557242,4.97102462257182,5.04170622979336,5.10936536047475,5.17342286854911,5.23233021383727,5.28610568876954,5.33357432996886,5.37441383946793,5.40775123676631,5.43247028972849,5.44763072196973,5.45191864908949,5.44390850551318,5.42392733905826,5.39262057083892,5.35193601538299,5.30423164071389,5.25185859974155,5.19737247072902,5.14279181868392,5.09010604183329,5.0407454154369,4.99582889828639,4.95651663901435,4.92292189882051,4.8955999730658,4.87439950662033,4.85889676242153,4.84864737081524,4.84299537402628,4.84115232441554,4.84236144447256,4.84581882017724,4.8508380003535,4.85685407532003,4.86351431251021,4.87041001145186,4.87738423638934,4.8842561819126,4.89092983427235,4.89734575216889,4.9034457707751,4.90926241861322,4.91473271837812,4.91991035720073,4.92476823711841,4.9293578697874,4.93365455911722,4.93769623118119,4.94149891987245,4.94506496978505,4.94842203540911,4.95158382675125,4.9545543010978,4.95735710508165,4.96000285529864,4.96249581481608,4.96485050208991,4.96708058075038,4.96918406676378,4.97117598334527,4.9730675560337,4.97485758107119,4.97655695024068,4.97817276279212,4.97970781357167,4.98116648102829,4.98256024373149,4.98388409938633,4.98514458377375,4.98635104951632,4.98750194631181,4.98859792322132,4.98965012777346
4.97003799716947,4.96832914260908,4.96652137688009,4.96463403851758,4.96262667054632,4.96050214174027,4.95830502973226,4.95603825692076,4.95366761427151,4.95088554481867,4.9481644229601,4.94522029145941,4.94212808874864,4.93881916497214,4.93531638622398,4.93158141440565,4.92760272256215,4.92336736926582,4.91883434261581,4.91399665001105,4.90880016844613,4.90331637279903,4.89726176193748,4.89089028581316,4.88393234058221,4.87648718989603,4.86848119049534,4.85983967153008,4.85049150633175,4.84039562030905,4.82947369796988,4.81766414977443,4.80489118987043,4.79110925936444,4.77625008170116,4.76032226720914,4.74331685765417,4.72521304157002,4.70626919534841,4.68669691114771,4.66681215233176,4.64731754174832,4.62891957309972,4.61286706131141,4.60062310758661,4.59346966058731,4.59355877716053,4.6020337246079,4.62016729685332,4.64830100725667,4.68615931364035,4.73236849503183,4.78558311889125,4.84377869326373,4.90471641532616,4.96667017728192,5.02778050669805,5.08673526117719,5.14274860827059,5.1945357339889,5.24179497042289,5.28339246966484,5.31898296270749,5.34777524381748,5.3688646187704,5.38139859020966,5.38480636602737,5.37847741520061,5.36240243139696,5.33750251992477,5.30487987379369,5.26632148301109,5.22374351071821,5.17870859663892,5.13330984680962,5.08898800956092,5.04675716034986,5.00806777149749,4.97357247418842,4.94385032089702,4.91883612673661,4.89886075905485,4.88350032070359,4.87259065822929,4.86566248162055,4.86198368025919,4.86114667933599,4.86244427475668,4.86529922724037,4.86937954972303,4.87424931408916,4.87956673042169,4.88515156444085,4.89081219560264,4.89645805382333,4.90197500454699,4.90734226605532,4.91250360979258,4.91743475981859,4.92214781963774,4.92661579204193,4.93085546190705,4.93486678185591,4.93866013566874,4.94224610634018,4.94563246080914,4.94883230545171,4.95185635294108,4.95471664585686,4.95741984613994,4.95997594601166,4.96239620195871,4.96468907963794,4.96686000332228,4.96891851368607,4.9708732097271,4.97272716758269,4.97448944791921,4.97616570167263,4.97775833668991,4.97927720082539,4.98072463384486,4.98210083649602,4.98341562338576,4.98467128999351,4.98586957732119,4.98701495877116,4.98811145206576,4.98915969966105
4.96886512952795,4.96712786372795,4.96529621809503,4.96338193634614,4.96135389311817,4.95921297248351,4.95715033246441,4.95460084583286,4.95223008768366,4.94946186838596,4.94670170155226,4.94374854177874,4.9406391842011,4.93732284005103,4.93381264177482,4.93007839491803,4.92610645696946,4.92188352704891,4.91737869184891,4.91257237056433,4.90741717685675,4.90195455673044,4.89593592029365,4.88972991637355,4.88296224005892,4.87574843261949,4.867981590174,4.85964732410496,4.85070280889662,4.84107573687777,4.8307285651454,4.81962678830161,4.80775217944741,4.79505683672851,4.78149423001118,4.76712594092836,4.75202259546574,4.73627620503902,4.72000875344808,4.70363994640398,4.68740190730864,4.67193989070255,4.65813366092029,4.64664348379273,4.63884825049155,4.63568484541384,4.63862105087362,4.64834371351431,4.66578959062573,4.69105703349227,4.72393612562366,4.76372624743528,4.80929272908425,4.85862124664743,4.91069382824844,4.96390738150549,5.01672672262361,5.06800620834811,5.1168841295081,5.16217591956256,5.2035795169018,5.24005215689035,5.2710718745457,5.29598045776866,5.31416514555183,5.32509339964208,5.32815317350102,5.32333463337023,5.31049902869697,5.29048644730994,5.26424338182401,5.23300393713961,5.19816302146606,5.16099562004203,5.12315088379337,5.0856662606665,5.04973573328291,5.01639603869418,4.98622379935883,4.9596031788287,4.93694786540413,4.91828118400575,4.90349158050892,4.89243289008634,4.88474237959807,4.87993587100815,4.8775715801229,4.87725146044947,4.87850001128509,4.88096681106481,4.88431456450997,4.88829714894713,4.89263933925998,4.89722585991129,4.90192886561006,4.90661789847908,4.91127028102183,4.91580859987385,4.92021232121276,4.92444795404781,4.92851441690018,4.93240725463275,4.93612672111135,4.93965576841583,4.94302523777921,4.94622307041924,4.94925490631747,4.95213947486854,4.9548749944105,4.95746830466213,4.95993578069953,4.96227777873268,4.96449799098248,4.96661307713469,4.96862316993389,4.9705322897532,4.97235152172488,4.97408286790737,4.97573223524416,4.97730060606657,4.97880126524391,4.98023134844881,4.98159725177439,4.98290271138645,4.98414887888274,4.9853414734015,4.98648388645244,4.98757604523523,4.98862169959908
4.96778258393382,4.96602340958386,4.96416943056228,4.96223573669088,4.96018724430422,4.95804222767568,4.95579697642828,4.95341820980312,4.95088258736806,4.9482307248874,4.9454427979279,4.94248372234342,4.93936693946453,4.93605259544276,4.93254969888165,4.92883119461572,4.9248810597481,4.92069490710991,4.91623718642326,4.91148918451077,4.9065104994616,4.90101001871377,4.89574837264686,4.88921851038596,4.88267804956612,4.87567185119337,4.86818673021549,4.8602023010306,4.85166442909101,4.84256419261871,4.832854332255,4.82250022886623,4.81152465304732,4.79990419053368,4.78766818428411,4.77484927312472,4.76154418568762,4.7479282968116,4.73412450811026,4.72049937118245,4.70743597476457,4.6953570148786,4.68505218453086,4.67716493920072,4.67266466044289,4.67224398108773,4.67694493756413,4.68722827141894,4.7038033006678,4.72676127175107,4.75577052139182,4.79013797156124,4.82911905696546,4.87155812836852,4.9163279829493,4.96219901784718,5.00776003747664,5.05243484547482,5.0948895524634,5.13462201023328,5.17077055756592,5.20263806721911,5.2297414724043,5.25148777118318,5.26738732501437,5.27706170517201,5.280077227344,5.27661725602037,5.26645819543788,5.25050519323045,5.22929882027067,5.20384480049099,5.17509904396626,5.14446897145511,5.11276303844424,5.08105506720754,5.05053856998392,5.02170620911502,4.9952877093348,4.97169287066504,4.95128442026684,4.93411523094305,4.92011809005773,4.90916916824383,4.90106645424064,4.89550630418689,4.89214033143677,4.89059880853213,4.89062617640918,4.89185532780548,4.89394036707898,4.89677382644402,4.90005395250386,4.90369486605305,4.90753120451515,4.91147034444003,4.91543592560962,4.91937725762814,4.92325943965546,4.92704037726815,4.93071854307752,4.9342640098261,4.93767808896305,4.94095216861069,4.94408748333617,4.94708475005819,4.94994239925406,4.95267118076624,4.95527451342859,4.95775180934259,4.96011355662811,4.96236528238837,4.96451112439567,4.96655486273428,4.96850452755689,4.97036129064925,4.9721318334504,4.97382380822836,4.97543729801424,4.97697789652845,4.97845138064873,4.97985888690704,4.98120362657458,4.98249265800793,4.98372440353805,4.98490309853992,4.98603517992267,4.98711883876446,4.9881567179228
4.96672606287796,4.96495162443924,4.96308071300181,4.96113456670797,4.95907145113928,4.95692143764688,4.95466491706991,4.952267338864,4.94975128068661,4.94708884061798,4.944299446632,4.94134557163962,4.93823863804252,4.93494227369702,4.9314650110265,4.92777863289642,4.92387590995036,4.91974124889281,4.91536202892628,4.91070201085396,4.90572200423363,4.90056787974475,4.89485723040402,4.88896876488173,4.88262905502503,4.87593929324738,4.86879194966532,4.86119343383936,4.85311734828642,4.84456968934998,4.83551200702895,4.82594140126201,4.81588066263037,4.80532764779684,4.79434798699155,4.78301080931237,4.77139084581626,4.75966778949255,4.74808575013185,4.73683570481363,4.72639970273158,4.7171498557294,4.70966243870404,4.70449074119138,4.70238319328526,4.70384865171943,4.70969886023982,4.72025642383776,4.73585881854908,4.75656203215846,4.78214930019993,4.81220186718284,4.84597882333868,4.8826053905065,4.92131502558357,4.96085898395757,5.00040477007085,5.03921145008988,5.07630150450409,5.11094769823071,5.14249650173285,5.17043858976232,5.19422813772003,5.21327142320488,5.22737460314308,5.23612635005193,5.2392295322857,5.23685410610215,5.22906981320977,5.21623034245968,5.19898197458112,5.1781639506147,5.15455684658745,5.12896413844496,5.10251106801266,5.07578369469983,5.04973922349283,5.02487077582619,5.00179990662829,4.9810398246123,4.96264683570959,4.94688860207025,4.93379196358338,4.92319662851809,4.91500952249163,4.90905702550255,4.90501964187566,4.90263131131989,4.90168940278185,4.90189712288618,4.90302967428833,4.90487969322105,4.9072681833549,4.91005302430116,4.91311513563398,4.91636776264667,4.91970621817541,4.92310408694939,4.9264941293416,4.92984446616515,4.93313716073841,4.93634554594699,4.93945734282121,4.94246395310589,4.94536832503939,4.94816563435855,4.95084427892546,4.95341303991637,4.95587750580606,4.95823511776361,4.9604896258903,4.96264577310322,4.96470775980791,4.96667798967821,4.96856158182449,4.9703623952471,4.97208516199895,4.97373189334846,4.97530796522053,4.97681593202102,4.97825876431632,4.97963980608448,4.98096299592086,4.98223111274372,4.98344666367693,4.98461202563589,4.98573016363025,4.9868032928109,4.98783376764934
4.96574299002261,4.96396010730278,4.9620892948725,4.96012493295432,4.95804301447136,4.95594692437255,4.95365736746443,4.95121254604222,4.9487253055429,4.94608499735915,4.943315610876,4.94037189995404,4.93728682045613,4.93401840682646,4.93057605794723,4.92693592121289,4.92308822806573,4.91902629352631,4.91472585712058,4.91018712135298,4.90533662629211,4.90042197068861,4.89485023082041,4.88904841836935,4.88301228523175,4.87659277674805,4.86981396213746,4.86263508131933,4.85505368200689,4.84706902623403,4.83868618627485,4.82991501824067,4.82074137146666,4.81123663287202,4.80147002925485,4.79147089622848,4.78142590689731,4.77141074047407,4.76174896843234,4.75261540097929,4.74435809956671,4.73736756101279,4.73209611444105,4.72901559586658,4.72867067945277,4.7314681728595,4.73794219340272,4.748343892732,4.76291024823355,4.78166443096808,4.80439994659228,4.83077040945028,4.86023125367212,4.89207406808086,4.9255191036061,4.95989969962666,4.99424548958292,5.02803289137321,5.06027317650582,5.09067251286487,5.11827070333367,5.14281463734085,5.16372442523154,5.1805564846779,5.19306356898577,5.20102727287761,5.20425523114144,5.20273436386064,5.19680911568596,5.18662740797034,5.17261172467829,5.15551426077691,5.13604328705036,5.11480778203995,5.0925470783449,5.07000634851909,5.04767644539898,5.02623912316627,5.00618323270964,4.98777722756702,4.97133801112674,4.95699086741259,4.94479405477615,4.93475383043097,4.92672718785645,4.92059100162533,4.9161200825495,4.91316890315835,4.91154289124781,4.91097075986942,4.91131032778831,4.91238075644788,4.91401006157022,4.91606919690759,4.91847123452253,4.92110688467319,4.92388832609479,4.92677804352235,4.92971090366222,4.93265334523059,4.93557343870682,4.93845819020358,4.94128028649861,4.94403355589688,4.94671110849941,4.94930018082854,4.95180874795732,4.95421991362234,4.95654358365405,4.95877747913282,4.96092131033286,4.96298181786322,4.96495756870353,4.96685260480456,4.96866993779169,4.9704131351845,4.97208340336916,4.97368491959663,4.97521947351378,4.97669083369955,4.97810249590783,4.97945653473364,4.98075593243262,4.98200294542575,4.98320061270899,4.98435077218583,4.98545497951154,4.98651632389376,4.98753634998174
4.96488919344964,4.96309596213915,4.96121895866799,4.95923970905638,4.95718835297186,4.95498328034796,4.95276389057976,4.95038096351568,4.94788649275007,4.94525803745288,4.94249964045799,4.93959107545401,4.9365373368783,4.93331109896396,4.92992218824856,4.92634456945626,4.92257568028689,4.91860045720798,4.91441302773697,4.90999932244619,4.90535140400998,4.90040729765772,4.89515377274714,4.88967751933267,4.88390391343282,4.87782210952164,4.87140041281135,4.86464597658295,4.85756418948992,4.85015015243766,4.84241593221144,4.83438360414692,4.82609939404259,4.81756674266763,4.80889795978955,4.80017472192705,4.7914896915524,4.78304593265242,4.77499831381675,4.76763780314579,4.76119155607772,4.75604704446926,4.75250445951493,4.75100036725978,4.75193103926221,4.75557126137523,4.76235377477424,4.77245906321393,4.78603874196378,4.80307001849832,4.82337663518128,4.84662182385492,4.87235039858143,4.90011367561799,4.9293161372378,4.95918523730057,4.98913911879731,5.01855801156434,5.04672681421349,5.07326424573583,5.09748045682635,5.11900013513696,5.13739994516136,5.15229301335101,5.16345541204805,5.17081737052627,5.17412420448327,5.17338183298847,5.1689428153907,5.16084770898592,5.14953720321957,5.13557388722858,5.11943903834028,5.10168266865479,5.0829439040357,5.06389022390847,5.04481448848086,5.02635007588116,5.00887059136083,4.99267975459657,4.97800834488938,4.96500692901471,4.95378471590922,4.94434818169756,4.93658467681591,4.93044028549286,4.92577262957468,4.92248015772081,4.92033765926143,4.91918464630619,4.91891816295508,4.91934769981266,4.92034431938793,4.92179110707573,4.92361442217648,4.92570445199085,4.92798825788771,4.93040636220934,4.93292074302832,4.93548153836798,4.93805711439424,4.94063421994117,4.94317853410848,4.94568517182132,4.94813877606327,4.95052946202574,4.95285565731145,4.95510814965452,4.95729030782288,4.95939939779073,4.96143037516872,4.96338908547469,4.96527708611557,4.9670921703653,4.96883864754128,4.97051741010205,4.97213050113538,4.97368241323817,4.97517320237711,4.97660567108814,4.9779827094831,4.979306108177,4.98057863337512,4.98180144438479,4.98297775206047,4.98410860355075,4.98519635314365,4.98624421620366,4.98725198200574
4.96403243593049,4.96223682597458,4.96035263271119,4.95838945848066,4.95634685197961,4.95413721339753,4.95192075880054,4.94955468702654,4.94708567778356,4.94448672345855,4.94176140705961,4.93888748798256,4.93587236585431,4.93269499687571,4.92936464567026,4.92585431771661,4.9221704120855,4.9182976635023,4.91423267550558,4.90993529162211,4.90546611527972,4.90065783565545,4.8956425004304,4.89040090535454,4.88490781816844,4.87913492247334,4.87308657196871,4.86676389829676,4.8601853252923,4.85333108925128,4.84624664818896,4.83894623849067,4.83146967602029,4.8238763982781,4.81623999717582,4.80864468739808,4.80120312934645,4.79412283359383,4.78750673693272,4.78163421766263,4.77667291257871,4.77299993432103,4.77082498848367,4.77048052841194,4.77230405720913,4.7765217034667,4.78342498143385,4.79314371571456,4.805744134726,4.82117663600364,4.83928738042198,4.85986381941579,4.88259846074825,4.90690663831759,4.9324259314379,4.95846270822629,4.98466421066732,5.0103569206765,5.0350401280482,5.0582891959265,5.07954037321889,5.09845694111217,5.11471287060793,5.12801807803514,5.1380833791126,5.14484038842129,5.14818223312893,5.14809849758837,5.14477470085751,5.13841800242531,5.12932211105112,5.11779673547449,5.10443571348897,5.08967991351782,5.07390409074103,5.0576616490736,5.04141594824387,5.02549893714073,5.01028196793885,4.99603459203505,4.98295613585069,4.97125653389901,4.96097976647056,4.95216013568629,4.94479031924162,4.9387872640024,4.93407009955839,4.93053814919485,4.92807465820131,4.92651584211053,4.92576623439487,4.92568659538628,4.92617203849977,4.92712741114659,4.92845171990321,4.93005879020769,4.93190291587357,4.93390536047996,4.93604379920275,4.93825510991387,4.94051594822187,4.94280046343585,4.94508322553435,4.94734806855999,4.94958399948498,4.95178463704677,4.95393325276837,4.95603734534407,4.95807639494243,4.96005950285902,4.96198013201791,4.96383887577763,4.96563560076859,4.96737069309835,4.96904378360267,4.97065743581333,4.97221424845795,4.97371489746927,4.9751592437407,4.97655154175876,4.97789166382928,4.97918246085202,4.98042466388496,4.98162281608348,4.9827758829334,4.98388697922252,4.98495754082464,4.98598873693676,4.98698290545896
4.96326107859075,4.9614741051192,4.95959803035216,4.95764151034542,4.9555969701752,4.95347292036642,4.95123232753927,4.9488885534966,4.94644761361794,4.94386433743845,4.94117183306987,4.93835713303277,4.93540305667317,4.93229670312924,4.92904441522662,4.92562527915438,4.92203902163341,4.91827718573265,4.91432303782082,4.91019441398425,4.90585189859128,4.90128376519567,4.89652245756494,4.89152471786077,4.88625936534702,4.88086425189017,4.87518621006176,4.86929500921783,4.86319362362474,4.8569112860477,4.85043161154319,4.84382778503712,4.83713406135062,4.83039203631144,4.82367351451996,4.81712907237104,4.81079988134248,4.80487412904774,4.79946889924206,4.79484952482431,4.79111853812104,4.78858867068071,4.78747186309224,4.7880195176193,4.79048954323092,4.7950295916438,4.80186146730878,4.81107034414577,4.82268287934661,4.83668633025459,4.85299798372445,4.87127789733238,4.89128617440446,4.91270707036371,4.93501722723356,4.95785694877121,4.98079024699999,5.00329752583533,5.02494149659764,5.04531747617196,5.06405983797782,5.08073437515533,5.09514298783517,5.10700649680906,5.11609879775694,5.12231061183801,5.12564550994791,5.12606411445484,5.12366630289236,5.11874664885672,5.11140909560299,5.10201095925443,5.09093199522688,5.07856728590678,5.06534156979202,5.05156047200483,5.03763427718557,5.02391426853887,5.01067899454926,4.99812668659105,4.98655947277675,4.97605067594004,4.96666900445487,4.95850315599717,4.95157190242823,4.94582197073921,4.94116424661542,4.93753446565313,4.93484934326384,4.93301563328944,4.93190870943099,4.9314316596675,4.9315119669294,4.93204568232948,4.93295823616072,4.93416944428838,4.93561559944936,4.9372597286289,4.93905050735744,4.94094362617152,4.94290951652502,4.94491874328122,4.94695690720485,4.948997617516,4.95103110028491,4.95304425827063,4.95502669518962,4.95697446942974,4.95887649592646,4.96073610383267,4.96254487615745,4.96430024929221,4.96600678285139,4.96766098281397,4.96925921016969,4.97080731964693,4.97230506586846,4.97375031406068,4.9751474190952,4.97649571062745,4.97779631434185,4.97905242267942,4.98026471219995,4.98143402044657,4.98256212909473,4.98365219812423,4.98470253757286,4.98571652736417,4.98669569908495
4.96269916336139,4.96090613362876,4.95904370530381,4.95710807664347,4.95507797239253,4.95294632771927,4.95075035214709,4.94843841747486,4.94602987023289,4.94349998433156,4.9408564345168,4.93807616902704,4.93519005598919,4.93214293121165,4.92896612592567,4.92563145427135,4.92216183675226,4.91851471473432,4.91471079819277,4.9107202367876,4.90659050241723,4.9021768366755,4.89773287164077,4.8929831147724,4.88818573805626,4.88297393890985,4.87767196071419,4.8722004040476,4.86656949660416,4.86079792537487,4.85491074494255,4.84894851109429,4.84297197316644,4.83700098309254,4.83113980901228,4.82548194529517,4.82012010979702,4.81520569722199,4.8108358871886,4.80722958420889,4.80450818083553,4.80291765584309,4.80262077744389,4.80380274537927,4.80668627627695,4.81137478402004,4.8180214447705,4.82674150884611,4.83749243841212,4.85023027803115,4.8648380729772,4.88114204551995,4.89884317478664,4.9177173443122,4.93741360169685,4.95744379859224,4.97762125065697,4.99730967088579,5.01636810718307,5.03426986538284,5.05080137958076,5.06553002806874,5.07831512888831,5.08891867957945,5.09714733076583,5.10289181086589,5.10622862897361,5.10702973585541,5.10540846519017,5.10162078448846,5.09574052963705,5.08806963684446,5.07892349495139,5.06859568183635,5.05742752794472,5.04569466677232,5.03379905637237,5.02198136359596,5.01045497777869,4.99947163318195,4.98922213082238,4.97978463671165,4.97128711478345,4.96381248302977,4.95733797364645,4.95185562786909,4.94733505750306,4.94370580146971,4.9409179473068,4.93889123073046,4.93753550038031,4.93676471433022,4.93651987534489,4.93670790256991,4.93726560852075,4.93813218933839,4.93925455375357,4.94057617893782,4.94205624253947,4.94366672881673,4.9453636114054,4.94712530710826,4.94893389142389,4.95076177255117,4.95260223052744,4.95443481958714,4.95625489537732,4.958050736149,4.95981906756849,4.96155580594022,4.96325430201662,4.96490891868168,4.96652193065792,4.96809227460438,4.96961600702567,4.9710951003884,4.97252983443641,4.97391861599446,4.97526456438241,4.9765671604664,4.97782696790097,4.97904516117612,4.98022438524203,4.98136271210141,4.98246243953012,4.98352745703991,4.98455532901928,4.98554815674992,4.9865098281115
4.96222326125037,4.96044240852236,4.95859862186677,4.95667253764026,4.95466928841104,4.95256879165182,4.95038476270517,4.94810983203173,4.94572635743814,4.94324149308683,4.94065311344764,4.9379400831097,4.93511005281526,4.93214882437283,4.92906223698264,4.92583243225342,4.92246261040368,4.91894232724539,4.91526926688389,4.91147790946055,4.90741660912892,4.90333759782733,4.89898756577503,4.89454064493493,4.88992392283803,4.88511993727467,4.88019440312945,4.87513640824132,4.8699583662639,4.86469635164921,4.85937231836567,4.85402283486035,4.84868211377474,4.84342759339695,4.83834685287242,4.83350336790291,4.8289873480174,4.82492972602152,4.82144550165651,4.81869937454992,4.81678806135515,4.81592199621801,4.81624900665317,4.8178889810348,4.82103787720663,4.82579376840271,4.83222518123397,4.84039709493657,4.85029810664479,4.86188781893053,4.87502300491295,4.88955651374145,4.90532746303597,4.92205793186903,4.93939495866651,4.95709617447847,4.97480741932973,4.99219023454131,5.00896683594447,5.02475491943204,5.03937849115241,5.05245796995202,5.06379954896238,5.07334357744299,5.08081286506872,5.08618279092653,5.08942338357593,5.09052349816622,5.08954246488048,5.08663221501236,5.08197478877178,5.07572944130574,5.06816589102009,5.05949698389315,5.05011350856343,5.04017965311615,5.02997764429156,5.01977665025585,5.00976793999279,5.00015407646273,4.99106859025493,4.98263370275781,4.97499027894572,4.96814637162513,4.96213877309039,4.95697595749277,4.95263693566825,4.9491008820911,4.94627683535131,4.94413920967521,4.94261532905291,4.94162751329413,4.94112686360972,4.9410407752916,4.94131513502186,4.94189830649956,4.942733413392,4.94377870128384,4.94498711556363,4.94634255016235,4.94779878903514,4.9493371233373,4.9509310775617,4.95256554962761,4.95422078089335,4.95588660015176,4.95755443550833,4.95920783002794,4.96084968390859,4.96246580678965,4.96405558378967,4.96561323144575,4.96713661646032,4.96862549985667,4.97007505170285,4.97148580370417,4.97285819169548,4.97419318846856,4.97548814832339,4.9767447916958,4.9779634509213,4.97914328937879,4.98028691017529,4.98139453915914,4.98246730432537,4.98350591800214,4.98451113609553,4.98548394154983,4.98642635245871
4.9617607031318,4.95999984544881,4.95816980693414,4.95626728456429,4.95428432350268,4.95220705005276,4.95005667208271,4.94780980390277,4.94548408780931,4.94304452756332,4.9405132455543,4.93786272673409,4.93510548737451,4.93221785526925,4.92922615224385,4.92610020815296,4.92284751264745,4.91946355556472,4.91594466861268,4.91228924241802,4.90851858281208,4.90461575552976,4.90054277879148,4.8963278186655,4.89201912958107,4.88754577719822,4.88296496755493,4.87828382095541,4.87354099231312,4.86873657456511,4.86391280647385,4.8591030439136,4.85437902521773,4.84977277001364,4.84535828523509,4.84121053828283,4.837431906531,4.83411371141003,4.8313504485394,4.82930747408309,4.82805314345521,4.82775607595463,4.82856266468493,4.83054050420544,4.83384459656677,4.83854427006298,4.84469275646866,4.85233919363481,4.86143767078143,4.87197099365355,4.88383917575812,4.89690826918594,4.91092210043127,4.92577060167087,4.94111104636378,4.95675240887542,4.97241584631021,4.9877455599212,5.00258922175196,5.0165581870112,5.02947677995293,5.04113933818025,5.05131332931364,5.05986411105602,5.06666316276415,5.07163776979997,5.07477555747434,5.07609887526763,5.07562056245057,5.07345878957693,5.06980409390536,5.06472269057442,5.0584805622872,5.05130301109308,5.04334920778165,5.03492317319915,5.02618973879327,5.01738879811362,5.00868411211315,5.00028044733093,4.99223671324248,4.98474011700327,4.9778555488938,4.97162391436358,4.96609012573369,4.96127871575416,4.95716910091135,4.95373924834881,4.95095897808032,4.9487680295064,4.94712409753503,4.94599151056993,4.94529876821299,4.94499693181358,4.94505010057417,4.94539405737722,4.94598943341303,4.94679297015065,4.94777302946342,4.9488988614697,4.95014391032304,4.95147313624335,4.95287321652415,4.95433188105192,4.95581642837216,4.95732835539615,4.95885254790896,4.96037362133547,4.96188982609285,4.96339277843849,4.96487973397659,4.96634110011495,4.96777682135585,4.96918494808607,4.97056270368469,4.9719080393952,4.97321957370098,4.97449756111063,4.97574177172152,4.9769525306934,4.9781275104714,4.97927062158234,4.98037986560628,4.98145577556352,4.98250083364877,4.98351391926352,4.98449580196095,4.98544748888217,4.98637094266756
4.96129513928295,4.95954778112934,4.95773906954001,4.95586086847923,4.95390179420918,4.95186765475187,4.94974525646728,4.94753559893752,4.94525235630721,4.94286587246512,4.94039592137459,4.93781426408343,4.93513456859342,4.93234058425521,4.92943753607777,4.92641880607662,4.92329348428072,4.92003400557695,4.91666395310499,4.91316126482651,4.90957147350378,4.90580359794324,4.90195509538915,4.89796270749076,4.89400996631406,4.8898471277105,4.88560799797834,4.88130555552438,4.87695849682574,4.87259218834707,4.86825618221885,4.86396159846981,4.85978145734362,4.85574607478373,4.85194287637684,4.8484147807037,4.84526160689826,4.84257782088055,4.840431119721,4.83896055068032,4.83823054507424,4.83840193070326,4.83955071077503,4.84174673678169,4.84511085815048,4.84969759794738,4.85553389725981,4.86267583539732,4.87108061032077,4.88069103252956,4.89139748283399,4.90309849840614,4.91565171688059,4.92883473334723,4.94248470709836,4.95635783821979,4.97021331870403,4.98381493454017,4.99693046085588,5.00934434588831,5.02082558489974,5.03122095419987,5.0403037223127,5.04800813630558,5.05423942701503,5.05888995590514,5.06192551570501,5.06341742016053,5.06333663884892,5.06178672254917,5.05892599450339,5.05483740818116,5.04970277198026,5.04371153747049,5.03705256128385,5.02987159712782,5.02238819117783,5.01480292923169,5.00726628961531,4.99987988001933,4.99281078299425,4.98615449683289,4.97996335994435,4.97431634003322,4.96925458422447,4.96479005008123,4.96092369781683,4.95764362443364,4.95492674810413,4.95274111538576,4.95105478317733,4.94981540001565,4.94898863718988,4.94852954473094,4.94839860391744,4.94854440779472,4.94893628406164,4.94954258728944,4.95032271769845,4.95124731027251,4.95230613918241,4.95345316719206,4.95468207097477,4.9559742919676,4.95730781119462,4.95867408511468,4.9600602890605,4.96145811356718,4.96285581567156,4.96425307456059,4.96563859160975,4.96701123443575,4.96836421114429,4.96969372717473,4.97099964571862,4.97228007026067,4.97353326348154,4.97475737066593,4.97595078692469,4.97711577689811,4.97824944108541,4.97935497484166,4.98043065549865,4.98147480661284,4.98249095221181,4.98347778987052,4.98443524885618,4.98536575265454,4.98627093933415
4.96080779459049,4.95908224498194,4.95730490630483,4.95544696081185,4.95351074271295,4.95151460412088,4.94943857857002,4.9472812065923,4.94504069259481,4.94271519433182,4.9402996853587,4.93779255386152,4.93519686612247,4.93248242880791,4.92968374372383,4.92680026806315,4.92377679392647,4.92067964603071,4.91745352713168,4.91411171912085,4.91087086289031,4.907134375022,4.90350743527624,4.89985174308151,4.89610597756813,4.89220601065642,4.88828969637804,4.88433815442654,4.88037773253637,4.87642268744199,4.87252666612357,4.86870360707099,4.86501760660397,4.86149208074773,4.85821900641673,4.85523697381712,4.85262860755851,4.85047450938564,4.84884328285865,4.84783559717702,4.84756144667823,4.84804362379389,4.84943771458267,4.85176988045722,4.85514009518437,4.85958875175489,4.8651296552172,4.87176630604812,4.87947837729052,4.88822355997053,4.89791545013095,4.90843182711701,4.91967146853012,4.93147915926855,4.94359473806849,4.9559438332567,4.96822841799068,4.98031097227097,4.99196312873108,5.00300375291282,5.01321434769744,5.02252641993398,5.03070765518666,5.03766780894493,5.04334711071438,5.0476806199745,5.05061989607198,5.05220539017224,5.05244197181727,5.05139710408167,5.0491833101053,5.04592325861138,5.04170386889575,5.03672195918261,5.03112801674323,5.0250387866364,5.01864943612141,5.01210979001845,5.00556150459906,4.99910597224974,4.99287436472822,4.98697467046702,4.98143270557012,4.97633500884701,4.97171925445116,4.96760126915906,4.96399065653758,4.96088221028221,4.95827445890675,4.95613475651289,4.95443331244618,4.95313812907118,4.95221853350353,4.95164388872026,4.95136893408828,4.95135820168889,4.95158891647379,4.95202349584082,4.95263419503493,4.95339294964437,4.95427451238426,4.95526239694033,4.95633497968121,4.95747483708752,4.95866888408257,4.95990001418997,4.96116145902313,4.96244198975522,4.96373107712641,4.96502577252862,4.9663161839807,4.96760031452441,4.96887142308833,4.97012635353009,4.97136492275589,4.97258060187094,4.97377369607478,4.97494428755135,4.97608958107752,4.97720768954851,4.97830101344839,4.97936787343285,4.98040761906265,4.98141998760608,4.98240635558107,4.98336712990668,4.98430063461918,4.98520975800793,4.9860935697991
4.96038608284386,4.95870052381362,4.95694370625799,4.95512124685495,4.95323177246943,4.95126573699518,4.94923441521233,4.94712434995496,4.94493824987134,4.94266943064335,4.94033007776365,4.93790467167679,4.93538769855254,4.93278391208631,4.93008138883169,4.92729898394555,4.92440672988997,4.92143530431523,4.91836167500214,4.91521937847831,4.91210428573923,4.90858649291032,4.90522569711994,4.90175094899898,4.89825576738851,4.89468359198407,4.89108495749592,4.88746105874116,4.88386378763024,4.88029422282831,4.87679681073239,4.87339508665998,4.87015452273251,4.86709144297866,4.86428276098804,4.86176741991966,4.8596269754911,4.85792897849733,4.8567200651533,4.8561131412918,4.85614522134846,4.85688123377572,4.85846259543388,4.86088137865212,4.86420041395058,4.86845958407158,4.87366803503649,4.87983204434567,4.88692459938291,4.89488967584967,4.9036758125293,4.91316970407487,4.92325250336788,4.93378131582207,4.94461762188323,4.95559688906811,4.96654356014882,4.97730209655226,4.98766260575014,4.99752488700502,5.0066494007132,5.01497138011416,5.02234016182796,5.0286522635428,5.03386186594773,5.03789776463116,5.04072155056356,5.04235924268802,5.04285160275542,5.0422097769735,5.04054106918728,5.0379542392218,5.03451320612094,5.03037926477041,5.02567487154415,5.02052911236871,5.01507160245999,5.00944321646372,5.00376807132746,4.99814229387738,4.99265719922021,4.98742642560055,4.98248098655624,4.97789616868202,4.97370261395865,4.96992257800086,4.96657022145022,4.96366215447906,4.96117822547447,4.95910435095881,4.95742108486172,4.95610458157206,4.95513068591599,4.95447067011796,4.95408757935192,4.95395623950676,4.95405314246578,4.95434416696574,4.95480497288698,4.95541653752763,4.95615187824624,4.95699819315832,4.95792961037026,4.95893396144589,4.96000011229723,4.96110733473903,4.96225351273623,4.96342391961265,4.96461074682456,4.96580630709664,4.96700559252688,4.96820440079811,4.96939596695272,4.97057875061769,4.97174836250487,4.97290297584999,4.97403731305336,4.97515350518015,4.97624885059016,4.97732138810032,4.97837185547734,4.97939916745232,4.98040280050581,4.98138337004445,4.98233954305465,4.98327141651783,4.9841803700539,4.985065833017,4.98592677386339
4.96013976743456,4.95846110796391,4.95675110803717,4.95495217525559,4.95309950456304,4.95118088797549,4.94919460424714,4.94714005006323,4.94501349872839,4.94280656158586,4.94052952977999,4.93816018953107,4.93573577975685,4.93324312696215,4.93063601145015,4.92797402403258,4.92521538468208,4.92238169715139,4.91945935304159,4.91646551594781,4.91344401967567,4.9103168636801,4.90710565762391,4.90386613449016,4.90059074744092,4.89728425144245,4.89396880618936,4.89065837408265,4.88737056647208,4.88414678771666,4.88101496829716,4.87799814128592,4.87514514783983,4.87248364965941,4.87008530124532,4.86798096326752,4.86623122116213,4.8649091998016,4.86406319817684,4.86375522063397,4.86406454373473,4.86500279359466,4.86668313884975,4.86912150857897,4.87235336957076,4.87641618536741,4.88131038104892,4.88703562969869,4.89356105358452,4.90084329057544,4.90880837774204,4.91735778750056,4.92642495475377,4.93586722959792,4.94556579913137,4.95539417715579,4.96514697394464,4.97475995487016,4.98400098266314,4.99281192650639,5.00099891639395,5.00847253031122,5.01512474603728,5.02086313704587,5.02562284308374,5.02938391042549,5.03209962012567,5.03377130246573,5.03445251426255,5.03414327148949,5.03292097489388,5.03088436491515,5.02810542945254,5.02467983905839,5.02074830173134,5.01641046180216,5.01174601663273,5.00692046855743,5.00200295775246,4.99708842145769,4.99227387686169,4.98763703509565,4.98324178314008,4.97912248774503,4.9753260658559,4.97186582455449,4.96878559476281,4.96607315006742,4.96372495762361,4.96173734266853,4.96009833110168,4.95879017582515,4.95778771017015,4.95706860987622,4.95660833458284,4.95638594253115,4.95637271350957,4.95654561923814,4.95688643231358,4.95737419502025,4.9579851095903,4.95870111194468,4.95950657654379,4.96039197109609,4.96133979906243,4.96233665066724,4.96337340725218,4.96444057437362,4.96553118185137,4.96663557331865,4.96775086095965,4.9688682923956,4.96998526087295,4.97109735593011,4.97220115632773,4.97329347514454,4.97437220414721,4.97543519877726,4.97648231013876,4.97750928925329,4.97851733049666,4.97950554041075,4.98047381077746,4.981419953477,4.98234602669559,4.98324939229793,4.98413152171945,4.98499242764027,4.98583221721459
4.9599498841089,4.95840591249186,4.95662794958413,4.95486995378802,4.95305724797366,4.95117935566342,4.94924244416713,4.94723734919406,4.94516677965662,4.94302806565933,4.9408240052783,4.9385463974167,4.93619327030965,4.9337736524194,4.93129697339607,4.92872224830241,4.92610087610179,4.92341860369973,4.92064697196019,4.91775732611794,4.91480014964827,4.91197124707211,4.90896556709547,4.90594457158439,4.90291280588227,4.89985949633612,4.89681752993322,4.8938030114609,4.89083887969112,4.88793813077121,4.88513670865503,4.88246749004926,4.87997281037977,4.8776706360767,4.87562415782501,4.87387786039664,4.87246956583256,4.87146862737859,4.87091716221666,4.87085385596527,4.87133962692947,4.87243993271293,4.87417967111787,4.87660763833178,4.87973907363355,4.88360087875627,4.88819255666994,4.89350260281465,4.89949353898775,4.90612851152735,4.91336083767799,4.92110176952578,4.9292738626415,4.93776413725653,4.94646365067244,4.95524393854438,4.96399392365643,4.97257532197618,4.98086129438621,4.98874919041326,4.99610636574325,5.00282169789449,5.008844856497,5.01407265769656,5.01845075953504,5.02196789838487,5.02457040244072,5.02625865470346,5.02706998634569,5.02702906854358,5.02617501488668,5.02460023410118,5.02237524666341,5.01955255549264,5.01627178147112,5.01260445119836,5.00863915247864,5.0044870297593,5.00023396202826,4.99596606008435,4.99174373056558,4.98765226123962,4.98374437520246,4.98006193723766,4.97662996283298,4.97349457250373,4.97066743771678,4.96814829626601,4.96594760619815,4.96406646897035,4.96249131507741,4.96120702852133,4.96019818217764,4.95944617881818,4.95893439853303,4.95864178341697,4.95854283982346,4.95862131894501,4.95886295462947,4.95924252501779,4.95974392550718,4.96035056982921,4.96104980225248,4.96182581827296,4.96266714510564,4.9635642856446,4.96450216286049,4.96547680143853,4.96647847545027,4.96749833264529,4.96853276090663,4.96957551548341,4.97062100569243,4.97166471530064,4.97270650872284,4.97374130434813,4.97476477321407,4.97577583430161,4.97677544332906,4.97775864125986,4.9787259111296,4.97967611140145,4.98060813000197,4.98152161149462,4.98241632907672,4.98329201134137,4.98414831199541,4.98498486570996,4.98580253106695
4.95980428688314,4.95818449843384,4.95653493504441,4.95481587958927,4.95304553313755,4.95121902603234,4.9493315306081,4.94738716995984,4.94537987840317,4.94329878285508,4.9411630883943,4.93896551252007,4.93670558479261,4.93438258183602,4.93199581916095,4.92955480100504,4.92704794753825,4.92447628021076,4.9218893546269,4.91920190711048,4.91647017151575,4.91387557531778,4.91095043285887,4.90812562073943,4.90530258969438,4.90249460995131,4.89969928969577,4.89695256450399,4.89424722025306,4.89164026471459,4.88913751233921,4.88677307916561,4.88458766149273,4.88260090614331,4.88086779124829,4.8794263055157,4.87830882777096,4.87756780311537,4.87724123119478,4.87737243884132,4.87802592793182,4.87922246250177,4.88100047441366,4.88339179587179,4.88640390216934,4.89005923801764,4.89434718775617,4.89925810600064,4.90477075353185,4.91085098847776,4.91743116682214,4.92443856577537,4.93183259423321,4.93946028750752,4.94728685334363,4.95516840542652,4.96301946829215,4.97073474939471,4.97816494431483,4.98524990264399,4.99187839565047,4.99795192363023,5.00341031063316,5.00818998767471,5.0122250535391,5.01549018893049,5.01797277495857,5.01965820368292,5.02057067621558,5.02074658041801,5.02019847361242,5.01900718545914,5.01723210271812,5.01493248276827,5.01219889621595,5.00911165098033,5.00575367404554,5.002193769622,4.99851040745264,4.99480422341176,4.99112161453806,4.98750963721616,4.98404018850237,4.98075265348228,4.97767011384409,4.97483012673787,4.97224144100518,4.96991934058473,4.96787762692989,4.96610786059179,4.96460520206519,4.9633614342781,4.96236410406374,4.96160236244283,4.96105912812491,4.96071330499087,4.96055026229553,4.96055695234573,4.96071447537201,4.96100433021231,4.96141124753311,4.96192555402031,4.96252984970035,4.96321289691529,4.96395780847134,4.9647640962189,4.96561272376642,4.96650229774619,4.96742204710137,4.96836345641365,4.96932209199894,4.97029452457286,4.97127179339699,4.97225337191098,4.97323575268033,4.97421377763883,4.97518549339806,4.97614807699012,4.97710129867796,4.97804149842419,4.97896902370293,4.9798822165591,4.98077967000336,4.98166074058053,4.98252553009089,4.98337319376003,4.98420411494462,4.98501709048248,4.98581143689271
4.95971306220557,4.9581415145284,4.95650898732003,4.95484217098287,4.95311246133566,4.9513316009862,4.9494954853418,4.94759602499647,4.94565310645549,4.9436547940693,4.94159138505224,4.93947164822471,4.93728900412717,4.93505243117391,4.93277121349843,4.93043696353025,4.92804042636498,4.92562240987151,4.92313915649879,4.9206214361159,4.91802679938361,4.9155312682219,4.91288106402554,4.91026395083789,4.90765269726818,4.90507029330439,4.90250312717859,4.89999286754805,4.89755677466416,4.89520114853009,4.8929735895858,4.89088492009286,4.88897761381589,4.88726847178974,4.88581083663293,4.88462318214929,4.88374739621699,4.88321888653651,4.88308986311926,4.88338798337907,4.88415458940463,4.88541329472697,4.88719312826087,4.88951841433409,4.89239686766898,4.89583988744909,4.89984951087154,4.904406926719,4.90948015991843,4.91502937688376,4.92103581094743,4.92738697569334,4.93405760592698,4.94094842164619,4.94801012252668,4.95510668495949,4.96216994690151,4.96909179757982,4.97579508502329,4.9821622821993,4.98815617918054,4.99365952013224,4.99861972529295,5.00298588823718,5.00670565013475,5.00975646629399,5.01212977923076,5.01380137866721,5.01478852269245,5.01513145342062,5.01483912587281,5.01396201546605,5.01257259205758,5.01071718037931,5.00844661273836,5.00586675660982,5.00302184745253,4.99997397841027,4.99682233843814,4.99358519216546,4.99037074241434,4.98720068898408,4.98412965497644,4.98119986175598,4.97843890500326,4.9758718197751,4.97351417470065,4.97138955405337,4.96950021798511,4.96784565158913,4.96642540187767,4.96523404162792,4.96426738620678,4.96350863740925,4.9629468200023,4.96256762143901,4.9623596760349,4.96231106826238,4.96240061776387,4.96261601757663,4.96294838248828,4.96338117734368,4.96390151955637,4.96450008162044,4.96516513556234,4.9658870663466,4.96665808963083,4.96746850763417,4.96831244688995,4.96918272698586,4.97007243317196,4.97097881647063,4.97189450836383,4.9728173830701,4.97374275568902,4.97466725617425,4.97558970966383,4.97650531345412,4.97741396313379,4.9783142873452,4.97920253090384,4.98007890830635,4.98094355913142,4.98179346423776,4.98262886001761,4.98344934220187,4.98425444606428,4.985043123729,4.98581669561131
4.95970076627181,4.9581645955993,4.95657766456014,4.95493528219424,4.95325408956901,4.95152750300663,4.94974603366193,4.94791376490846,4.94602972450033,4.94408581914962,4.94209138648039,4.94005959131391,4.93797603925698,4.93584334624068,4.93364748900521,4.93141246991698,4.92914134686643,4.92683246743127,4.92448993043168,4.92210990279274,4.91971876605401,4.91736238837517,4.91486119405036,4.91242371019396,4.91003892198567,4.90766278545945,4.90531975357145,4.90303930737458,4.90083031992533,4.89872028775983,4.89673223108047,4.89489845686577,4.89322952400512,4.89176634850823,4.89053079797752,4.88956302927054,4.88889364235773,4.88855776648904,4.88859430588553,4.88901244664127,4.88985740449995,4.891149469253,4.89290737350316,4.89515924586257,4.89791166735195,4.90115588253876,4.90489390606029,4.90911021634701,4.91378222757328,4.91886429350566,4.92432239582986,4.93010630673969,4.93615815213899,4.94239387753752,4.94876684364254,4.9551504945369,4.96152746299296,4.96776047358697,4.97380422475309,4.97956656245863,4.98498564234505,4.9899784060675,4.99448816324624,4.99849845578794,5.00193635855149,5.00478551575956,5.00704485855237,5.00869143302743,5.00972881022178,5.01019588588951,5.0101113578144,5.00949960669206,5.0084311831803,5.00694281235817,5.00507907893153,5.0029244329563,5.00051589972375,4.99792252790913,4.99520550044515,4.99241938626499,4.9896092684769,4.98682650813747,4.98411150820424,4.98151089602981,4.9790403515667,4.97673235277453,4.97459938453518,4.97266162523726,4.9709206770736,4.96938484029292,4.96805258189816,4.9669257440883,4.96599429120849,4.96525019258549,4.96468496664666,4.96428789359337,4.9640491201459,4.96395294297008,4.96399121442768,4.96414826950379,4.96441519169491,4.96477829010376,4.96522706537303,4.96575239456429,4.96634454739854,4.9669933270659,4.96769110181938,4.96842983415736,4.96920564562267,4.97000869745262,4.97083486368108,4.97167868369911,4.9725350387936,4.97340147667191,4.97427238318147,4.97514657671207,4.97602008478088,4.97689196940033,4.97775712583556,4.9786170332987,4.97946774691132,4.98030848762462,4.98113830610658,4.98195819234118,4.9827637834863,4.98355716208983,4.98433698851349,4.98510189846345,4.98585343638228
4.95977437830878,4.95826799537979,4.95671902968274,4.95512447036133,4.95349184394947,4.95180786728078,4.95007542555585,4.94830110105916,4.94647996136973,4.9446138153173,4.94270141218399,4.94073603911023,4.93872677419902,4.9366881863057,4.93459841353723,4.93248260901495,4.93032785276657,4.92813484231964,4.92591612294014,4.9236723561991,4.92142360714918,4.9191634055295,4.91689142170525,4.91467332991802,4.91236440777071,4.91023559188423,4.90805284532888,4.90603312609764,4.90399887310327,4.90209869288238,4.90033583632308,4.89872672173356,4.89727905073182,4.89603048339808,4.89500427797985,4.89422838279115,4.89373768486895,4.89355290584604,4.89370032121304,4.89420863204895,4.8951167659138,4.89642867711211,4.89815651567842,4.90032554061414,4.902939691661,4.90598789844142,4.9094696497455,4.91336519983595,4.91766140758101,4.92232265760239,4.9273180969723,4.93258232649307,4.93807419559042,4.9437323275471,4.94948095118116,4.95527368863584,4.96102254493658,4.96665591918478,4.9721209475006,4.97733972892459,4.98224808237214,4.9867999833208,4.99092429322914,4.99459860105287,4.99778774523841,5.00045037868488,5.00258997180952,5.00420060496961,5.00527579486346,5.00584305268582,5.00592681204441,5.0055393306525,5.00473922942122,5.00355815179105,5.00204512993868,5.00024988343009,4.99823096380374,4.99603424919624,4.99369899236069,4.99129814560476,4.98885606802905,4.98641939432773,4.9840383410628,4.98172244785615,4.97952260157972,4.97744560666591,4.97552754762401,4.97376199324439,4.97216778702341,4.97074930653866,4.96951204879494,4.96845154825706,4.96756460055708,4.96684521612487,4.96628903382181,4.96588607247433,4.96562535794687,4.96549899064339,4.96549524461584,4.96560595900949,4.96581813077179,4.96612237097018,4.96651020831566,4.96697289274505,4.9675008878197,4.9680854621296,4.96871721150588,4.96939304656398,4.97010547251748,4.97084740679801,4.97161417759466,4.97240019302439,4.97320282657334,4.97401545676618,4.97483732579014,4.97566303004342,4.97649107498133,4.97731911061127,4.97814379903864,4.9789646925122,4.97977927316555,4.98058509019172,4.98138376863917,4.98217203322489,4.98294992429237,4.98371666014086,4.98447066589802,4.98521246071779,4.98594183790256
4.95988912890858,4.95842266214168,4.95691063615456,4.95535782096276,4.95376796765452,4.952133420292,4.95046004590331,4.94874134023349,4.94698042434089,4.94518023009946,4.94333341591215,4.94145646572247,4.93952842478019,4.93757609502471,4.93559068748583,4.9335724659416,4.93152561293842,4.92946141949479,4.92736860303268,4.92530139641117,4.92321830238985,4.92112701395679,4.91893924663962,4.91687011932949,4.91482247354216,4.9127869719652,4.91080129288903,4.90886281455949,4.90710283596631,4.90548047513317,4.90389301806312,4.90247884531753,4.90121212524988,4.90017103266286,4.89942342826345,4.89868522024815,4.89831992683354,4.89825418953955,4.89850818214449,4.89909202188477,4.90002456758422,4.90132810130062,4.90300884683313,4.90509586275385,4.90756445071055,4.91042854412554,4.913671855758,4.91728840097522,4.92125430148154,4.92553166847372,4.93008793961874,4.93489869728163,4.93987856508727,4.9450129338159,4.95023353061869,4.95547534412633,4.9606913622629,4.9657834078597,4.97073774277594,4.97547844095496,4.97994070807402,4.98408852004557,4.9878640540246,4.99124363596704,4.99419318516728,4.99669038776319,4.99872287169714,5.00029339888926,5.00139110063497,5.00203570717874,5.00225046409519,5.00205139101932,5.00147063230846,5.00055748425563,4.99934214679861,4.99785636030488,4.99617186208082,4.99430864025287,4.99231676009649,4.99024940477207,4.98812957030959,4.98600641777897,4.98390918847724,4.98187453467446,4.9799167439451,4.97805909942407,4.9763252994052,4.97473260907794,4.97328070273527,4.97198088499775,4.9708353793036,4.96984454491359,4.96900695407186,4.96832237532406,4.9677823741784,4.96738078426065,4.96710985121538,4.96696159863453,4.96692774811367,4.96700181544229,4.96716997556491,4.96742509701342,4.96776197583259,4.96816935815087,4.96863978054891,4.9691656430253,4.969741999344,4.97036084714739,4.97101477942917,4.97170227100425,4.97241417686729,4.97314742507155,4.97389898994435,4.97466302683996,4.97543720311135,4.9762180261139,4.97700286353658,4.97778895952678,4.97857514309669,4.97935894365621,4.98013844940516,4.98091139686764,4.98167752084258,4.98243666637771,4.98318659401682,4.98392681297716,4.98465681985285,4.9853752572052,4.98608197047434
4.96001471247761,4.95858192129751,4.95710885631706,4.95559517575622,4.95405639197835,4.95246757615246,4.95084711088355,4.94918320275387,4.94748682573888,4.94575054808396,4.94397661328198,4.94217869705292,4.94033987826123,4.9384747124992,4.93658635157777,4.93465888251379,4.93271748376097,4.93075826504055,4.9287857008123,4.92681641565847,4.92483056199656,4.92283972827193,4.92091615703082,4.91895838682335,4.91709982888376,4.91523819306905,4.91339865522113,4.91169449154517,4.91004867126007,4.90848914594661,4.90714617865916,4.90600440551563,4.90482100595802,4.90390962852051,4.90320637806099,4.90284225878373,4.90263354021944,4.90246273827132,4.90298206546071,4.90356487465876,4.90445916651095,4.90583387218433,4.90742264682291,4.9095336583698,4.91183827009998,4.91450487233847,4.91748316895821,4.92080711718481,4.92444078864786,4.92838425515273,4.93255572870642,4.9369469374058,4.9414983292852,4.94617748279536,4.95091315660542,4.95567625027045,4.96040591147282,4.96504783443466,4.96954111340688,4.97385669648838,4.97792376548289,4.98171494110418,4.98518487655925,4.988292873646,4.99102982506879,4.99337505464508,4.99530440090311,4.99682986715163,4.9979383061439,4.99864030344853,4.99896315729709,4.99891878888436,4.99852730835464,4.99783770870242,4.99687007764848,4.99566116880689,4.99425835499263,4.99268889282623,4.99099902763028,4.98922105010903,4.98739556683523,4.98554950839655,4.98370985889436,4.98191884574937,4.98018526942457,4.97853210919612,4.97697717907462,4.97553830081502,4.97422407450882,4.97303651658823,4.97198255184375,4.97106314980243,4.97028256164477,4.96963636556461,4.96911892861774,4.96872638542413,4.96845319254151,4.96829386601963,4.96823972844571,4.96828370992851,4.96841726178296,4.96863461057636,4.96892675205866,4.96928746122459,4.96970839052686,4.97018562774084,4.97071101822833,4.97127863298504,4.97188259406566,4.97251808476055,4.97318085393413,4.97386614135797,4.97456992973413,4.97528897698321,4.97601854147657,4.97675698036497,4.97750253184534,4.9782493411323,4.97899902651867,4.97974794831941,4.98049380120305,4.98123546905417,4.98197247455865,4.98270194474825,4.98342486872016,4.98414068944192,4.98484642216836,4.98554302677273,4.98622916872927
4.96013684028541,4.95873415906163,4.95730520289434,4.95583442081798,4.95433777480686,4.9528019182977,4.95123526275161,4.94962694583466,4.94799482044356,4.9463232855447,4.94462485842724,4.94288912894336,4.94113441750942,4.93936180399564,4.93754854249138,4.93572747041699,4.93389360405866,4.93203847500144,4.93018685073349,4.928320391275,4.92645425155004,4.92461410842866,4.92279596267722,4.92100965008599,4.91925490820827,4.9175842952543,4.91592646911513,4.91438175352727,4.91288320632459,4.91154456915628,4.91033083635154,4.90920607672657,4.90827989485683,4.90753332822652,4.90690641398985,4.90653666101889,4.90644583597456,4.90668687339119,4.90699456577997,4.90765507927299,4.90861508182733,4.90987096660256,4.91138162156529,4.91328635610441,4.9155245904373,4.91790228202903,4.92082887376281,4.92390654222792,4.9270111515049,4.93088307581769,4.93472086421838,4.93881480200846,4.94304169957947,4.94731641330143,4.95160250224028,4.95579155968391,4.96016160096011,4.96438656917612,4.96847398404703,4.97239737449496,4.97612435392116,4.97958975492696,4.98278178625333,4.98566845209063,4.98820678040393,4.9904150025229,4.99223975829808,4.99371001688557,4.99482089432029,4.99556904384098,4.99597609607815,4.99606498984403,4.99583673848782,4.99533267761217,4.99457892777458,4.99360704463749,4.99244715115019,4.991141447543,4.98971207806246,4.98819207699639,4.98662263953435,4.98501673880248,4.98342222511658,4.98184649806541,4.98031506124983,4.97885151005147,4.97746610654889,4.97617427850075,4.97498695849644,4.97390911795367,4.97294510708536,4.97210250624737,4.97137928390127,4.97077309951142,4.9702834087413,4.96990665340083,4.96963886009982,4.96947406123778,4.96940587320724,4.96942785320513,4.96953500339454,4.96972039895205,4.96997665782123,4.97029706738651,4.97067855488939,4.97111229024122,4.97159303953738,4.97211413354624,4.97267327815999,4.97326397753271,4.97388227821104,4.97452299995578,4.97518341011511,4.97586135487474,4.97655033011966,4.97724964204202,4.97795731816579,4.97866877231989,4.97938324979761,4.98009846158285,4.98081319467221,4.98152513713317,4.9822330497408,4.98293598513564,4.98363277376717,4.98432362962559,4.98500691663756,4.98568135772576,4.98634677939265
4.96026715537409,4.95890900390944,4.95751437410835,4.95609484188812,4.95463633491407,4.95315069952147,4.9516343160082,4.95009013172156,4.94851483910156,4.94690684623414,4.94528075804968,4.94362104100901,4.94194868871862,4.94024875878391,4.93853391307761,4.93680422534452,4.93506057949668,4.93330949386745,4.93155999830056,4.92981931457784,4.92806375126693,4.92634878306939,4.92465898614161,4.92301600707573,4.92141448217228,4.91983026566747,4.91834630422167,4.91693030047404,4.91560039684738,4.91437767210294,4.9132979617771,4.91232553439402,4.91150716666065,4.91088048197511,4.9103995032081,4.91012476262253,4.91008863439119,4.91031623260333,4.91074451713643,4.91140945316138,4.91245257642413,4.91358985769622,4.915302075127,4.91707721288124,4.91894761674476,4.92131280885039,4.92384452756869,4.92689526579113,4.92997830248086,4.93328593358929,4.93668815924378,4.94039494640638,4.94414326080464,4.94811134663414,4.95198666640468,4.95595129591938,4.95987848090122,4.96368776501589,4.96745892709982,4.97119369542578,4.97459255286401,4.97775458955871,4.98068924999752,4.98329347796331,4.98572118792486,4.98780935302189,4.98955208174986,4.99096910845493,4.99206761983384,4.99284694367441,4.99331502363381,4.99352837666115,4.99341323177411,4.99307098160685,4.99249304976867,4.99171954177873,4.990777265285,4.98968947119105,4.98848814174465,4.98719718307275,4.98584856271548,4.98446352107483,4.98307791942237,4.98169925344643,4.98035398615007,4.97906176176359,4.97782050190163,4.97666607218699,4.97559991963606,4.97462815843344,4.97375014014292,4.97297973136656,4.97231453240013,4.97175256722482,4.9712951349437,4.97093895953774,4.97068218932128,4.97051737548381,4.97044276950728,4.97044945901991,4.97053512398579,4.97069272226067,4.97091987779388,4.97120888777702,4.9715557643747,4.97194865734744,4.972388817271,4.9728721224904,4.97339007667618,4.97393810171572,4.97451614238252,4.97511523483085,4.97573509204123,4.97637497882773,4.97702630711868,4.97768825773277,4.97836028387293,4.97903782251947,4.97971725634695,4.98040211785861,4.98108603153428,4.98176919586581,4.98245045328756,4.98312675078784,4.98379849908071,4.98446486719094,4.98512641263663,4.98577920680575,4.98642513132129
4.9604489029186,4.95913516127913,4.95778584021489,4.95640431677541,4.95498972893848,4.95356009686472,4.95209111917044,4.95060439867732,4.94908549853196,4.94754481389084,4.94597738700816,4.94439693852997,4.94279942976954,4.94117566643698,4.9395394188526,4.93789957505599,4.93625377952318,4.93460011682229,4.93294781590543,4.93130840104464,4.92967650327876,4.92807284891626,4.92649844292948,4.92497879501403,4.9234912044647,4.92206277249472,4.92069652610371,4.91940508269442,4.91820484685721,4.91711503428079,4.91615041791791,4.91530933892626,4.9146081913661,4.91406966304389,4.9136943215144,4.9134982295227,4.91351707738286,4.91379587664203,4.91426172816709,4.91496576882081,4.91590096456099,4.91707123867659,4.91854873059585,4.92028589018624,4.92223304608118,4.92438473894194,4.92676755318769,4.9295066948545,4.93237506120552,4.93543856877044,4.93870176235985,4.94210986456255,4.94552304805458,4.94905434460217,4.95257276250209,4.9561623604177,4.95980861719032,4.96329511689926,4.96672278717478,4.96999412012231,4.97306412625632,4.97598896623997,4.97867598401857,4.98120325074947,4.98339811429165,4.98527067989974,4.98691703461981,4.98830137851846,4.98942597374065,4.9902768311636,4.99077605361776,4.9910102201573,4.99104287528534,4.99084104568548,4.99044657031841,4.98985137943581,4.98909898758907,4.98820286085834,4.98720543577469,4.98611543097502,4.98496726629539,4.98378127330986,4.98257810105195,4.98138166697169,4.98020745706841,4.97909154501976,4.977987998405,4.97696416869061,4.9760026180734,4.97513013890594,4.97435064149092,4.97365539558925,4.97303536953905,4.97251832414762,4.97209457526517,4.97176780579415,4.97151534887235,4.97135387695422,4.97127726391823,4.97127713396017,4.97134900007274,4.97148886884666,4.971693695224,4.97195600373392,4.97226873504844,4.97263374933288,4.97304153059583,4.97348696124133,4.97397043610997,4.97448452507384,4.9750252119462,4.97558709918328,4.97617420470332,4.97677591652762,4.9773923254674,4.97802293575855,4.9786608823975,4.97930530715785,4.97995773156007,4.98061165992922,4.98126515590926,4.98192364058562,4.98257782754555,4.98322791058859,4.98387834900745,4.98452281345552,4.98515946402576,4.985794254734,4.98642093545092
4.96069083179411,4.95943653724543,4.95810264080672,4.95673348876807,4.95538135687987,4.95399678086596,4.95258711088857,4.9511509631817,4.94969092629074,4.94821593074735,4.94671371711747,4.94520088002513,4.94367013519314,4.94213275855172,4.94057989978417,4.93901996908894,4.93745525672466,4.93589637116775,4.93434850688311,4.93280597356929,4.93127992986425,4.92978377028487,4.92833074602134,4.92690567911879,4.92553286935251,4.9242331606777,4.9229843770813,4.92181429116823,4.92073059657375,4.91974985169575,4.91888371975871,4.91815652969257,4.91755331002839,4.9171021161078,4.91680020224911,4.91669006554696,4.91676221918051,4.91706666870782,4.91756387420156,4.91825349382803,4.91917731309593,4.92032991238444,4.92171989008015,4.92335992426804,4.92517566413688,4.92722424263836,4.92945306834443,4.93195031934856,4.93462064367018,4.93742706600827,4.94040529726523,4.94354644957082,4.94670617729144,4.95028461959041,4.95320258990461,4.95659951124055,4.95985325701284,4.96308743691799,4.96619598733058,4.969210540999,4.97207608420561,4.97473297655681,4.97728689559992,4.97949432398542,4.98166854879111,4.98347603492877,4.98498821006545,4.98636677879165,4.98739450142382,4.98813784481592,4.98878725974311,4.98910606032155,4.98922766585106,4.9891320011222,4.98885223926739,4.98838438620801,4.98779112245522,4.98705580787537,4.98625584698349,4.98531688438023,4.98434614173655,4.98331121620499,4.98227593736732,4.98124213163346,4.98022301850311,4.97922745398679,4.97826840129371,4.97735941679173,4.97651431382545,4.97573186602845,4.97502166422184,4.97439088861181,4.97383799500046,4.97336730688661,4.97298051722487,4.97267000822818,4.97244193678552,4.97229039028089,4.9722089534631,4.97216058349697,4.97226288296464,4.9723885894512,4.97257218736661,4.97281023369882,4.97309850734972,4.97343383948163,4.97381052551371,4.97421536047912,4.97467062735163,4.97515197467419,4.97566007542053,4.97618749609065,4.97673569313963,4.9773038380972,4.97788757568972,4.97848324892349,4.97908933056563,4.97970301963839,4.98032356473762,4.98094792030243,4.98157444882638,4.98220251604825,4.98283055295842,4.98345610891216,4.9840808801277,4.98470124265651,4.98531715090259,4.98592944375863,4.98653549705139
4.96092699988697,4.95968722546166,4.95838148710552,4.95713175380302,4.95579717472906,4.95445479879628,4.95309493058334,4.95171179963424,4.95031090321425,4.94889094562671,4.94745719256487,4.94601291094292,4.94454970903533,4.94307716546618,4.94160467399083,4.94013413913339,4.93864660193122,4.93718080189941,4.93571294567403,4.93426966996711,4.93283996038713,4.93143778797055,4.93009436339464,4.92878625121642,4.92752292337853,4.9263086256475,4.92517085803404,4.92411550465391,4.92314403080255,4.92227489902175,4.92150065484433,4.92084807642067,4.92033930275343,4.9199727390876,4.91974817821139,4.91968062129904,4.91980205309418,4.92010418501388,4.92063877649882,4.92133521939004,4.92222064188853,4.92331607791872,4.9246594495959,4.92620311423014,4.92790580298192,4.92986227261052,4.93193503390346,4.93421271232066,4.9367298407072,4.93930591023855,4.94203275416269,4.94488510872681,4.94782224316714,4.95075533398155,4.9538297834224,4.95686725915088,4.95986096631203,4.96280061396574,4.96569963124695,4.96846218987801,4.97109557340459,4.97360034118811,4.97590877575965,4.97804727623774,4.98000330213853,4.98172821276719,4.9832673132813,4.98449308244483,4.98550533486842,4.98634430224507,4.98693119233693,4.98733772642017,4.98750206828635,4.98752272667246,4.98738811363297,4.98704062821927,4.98655176147157,4.98601562933398,4.98533559555092,4.98458150367265,4.98372343340724,4.98293356598593,4.98203412148435,4.98114886635175,4.98030174026784,4.97936920938902,4.97852709357171,4.97774336152272,4.97699298093553,4.97628358406657,4.97567332280607,4.97511002868801,4.97458706823487,4.97417447015254,4.97381440025775,4.97353465459175,4.97332704009421,4.97318983929355,4.97311493722503,4.97311037584561,4.97316321594318,4.97327539816755,4.9734433020104,4.97366278077961,4.97392888494139,4.974239066266,4.97459172524425,4.97497770941361,4.97539972610344,4.97585239677391,4.97632309158278,4.97682616180621,4.97732970866512,4.97788090765141,4.97843221161544,4.97900556214882,4.97957864251665,4.98016249383221,4.98075222699726,4.98135173443464,4.98195247054035,4.98255561895902,4.98315891495565,4.9837619920511,4.9843647739866,4.98496472865643,4.98555854628527,4.98615149213147,4.98673701515814
4.96117153751845,4.95997157436628,4.95873770851229,4.95748599903485,4.95621197889873,4.9549178951616,4.95359978150603,4.95227267154745,4.95092996304093,4.94956409465478,4.94819256632792,4.94680659300566,4.94542099781098,4.94402117634505,4.94262131705137,4.94121744331099,4.93981850219065,4.93843417393468,4.93705343469592,4.93569917009686,4.93436514418821,4.93306446004923,4.93180582440524,4.9305928046684,4.92943272508889,4.92831837798956,4.9272854045689,4.92631368864736,4.92544050800084,4.9246587757723,4.92398794291461,4.9234219382695,4.92297573555786,4.92266922978773,4.92251329204731,4.92250516358068,4.92265312378607,4.92297353740302,4.92350098092033,4.92419934441102,4.92506049409707,4.92610160071342,4.92735190721749,4.92882943744099,4.93047879836491,4.93226443092241,4.93420463693153,4.93632622758737,4.9386425792228,4.94094687832707,4.94354975422693,4.94617128168006,4.94885948741261,4.95163162690098,4.95441161142982,4.95718837011269,4.95994822023635,4.96265629234726,4.9652948641758,4.96785139353852,4.97029619803221,4.97257439016379,4.97474624203688,4.97672904216288,4.97851805925423,4.98016477174989,4.98155627616613,4.98281299370581,4.98381575272081,4.98461570452045,4.98526119077661,4.98569088704374,4.98594615735131,4.98596477756961,4.98597738120932,4.98575267985324,4.98540673075079,4.98496664921291,4.98442257362246,4.98373918293174,4.98313210171504,4.98240569594528,4.98166530066596,4.98089945809344,4.98014762079464,4.97939478410076,4.9786709204333,4.97799572465484,4.97733315725454,4.97672722016234,4.97614696363285,4.97564033408135,4.97520954725867,4.97482323487331,4.97452803031739,4.9742591945573,4.97407755913663,4.97395012810994,4.97389288412832,4.97390500515881,4.97394270544236,4.97404237196712,4.97420502079745,4.974398382891,4.97464805434023,4.9749379063674,4.97526965543118,4.97563121576229,4.97602686365782,4.9764510021775,4.97690095939446,4.97737135785039,4.97788150964805,4.97836879926745,4.97890728061685,4.97944222698291,4.97999420574407,4.98055233729727,4.98112034843001,4.98169247640861,4.98226971858447,4.9828502878758,4.98342947654182,4.9839947846467,4.98460934354875,4.98517313392618,4.9857518263476,4.98632520398256,4.98689523293702
4.96146726266912,4.96029353506623,4.95910204048591,4.95789205651705,4.95665817459129,4.9554073787654,4.95414389751068,4.95286361556691,4.95157274300821,4.95027107999725,4.94895449775788,4.94764115395669,4.94630923229821,4.94497516165062,4.94365125841302,4.9423203639115,4.94100318373786,4.93969352309541,4.93839314589861,4.93712425232589,4.93587423503989,4.93466777204157,4.93349168816341,4.93236911027115,4.93129154798693,4.93027651696019,4.92932897361897,4.9284604323708,4.92765703377742,4.92695406973172,4.9263554441942,4.92587272021029,4.92549956952176,4.92524938651566,4.92513646940221,4.92516498780362,4.92534454953131,4.92567612438001,4.92612292310215,4.92682373623872,4.9277046177658,4.9287058765794,4.92989584913093,4.93127131559473,4.93283217547696,4.93451290771041,4.93632358802775,4.93830330130877,4.94042648804847,4.94265048885533,4.94497600339119,4.94740217924649,4.94987854163509,4.95240672073876,4.95495818106779,4.95751350234409,4.96005501531519,4.9625618250727,4.96499421067306,4.96736205220269,4.96961161528842,4.97175723083491,4.97373904840308,4.97560471074101,4.97729144497443,4.97881471087333,4.9801695354927,4.98134465413849,4.98233794080219,4.98314595416098,4.98377836601957,4.98425245383119,4.98455367050957,4.98469323849409,4.9847150870995,4.98458594939022,4.98434760126933,4.98402292153961,4.9836017868935,4.98308112068589,4.98255370899578,4.98194462047587,4.98132071492413,4.98067583211711,4.98001860497472,4.97935467973881,4.9787362622155,4.97812611772582,4.97755757001626,4.97702656924018,4.97653157397252,4.97609030520563,4.97570715617407,4.97537109372897,4.97509579015014,4.97487105940176,4.9747020337996,4.97460122992913,4.9745703493016,4.97455934821168,4.97462350722467,4.97470170473075,4.97485849050618,4.97508364133148,4.97530794984824,4.97554726441771,4.97588843131717,4.97622054178066,4.97660936101819,4.97703239282342,4.97745200320882,4.97788800089751,4.9783551570611,4.97884269648816,4.97934198699314,4.97985798163151,4.98038431987023,4.9809186763809,4.98146236006673,4.98201243210637,4.98256647341612,4.98312462365447,4.98368469276903,4.98424466580815,4.98480406797898,4.98534478309043,4.985913302342,4.98647271983144,4.98702408209232
4.96179637869114,4.96066038073469,4.95950307323849,4.95833263222864,4.95715137752206,4.95593633871665,4.95472233409064,4.95349048144258,4.95224752178148,4.95100407883464,4.94974857766652,4.94848547536788,4.94721785959694,4.94595343900064,4.94468256631756,4.9434264882703,4.94217362075829,4.94093747570785,4.9397198861642,4.93852082951594,4.93736189680783,4.93623632829914,4.93514160428987,4.93408958530568,4.93309719105658,4.93216609892685,4.93129506181765,4.93049739897799,4.92978522132,4.9291547530116,4.92862312680659,4.92819629937238,4.92788470149644,4.92769545308548,4.92762289203882,4.92767654946365,4.92787812625425,4.92818421698427,4.92866513094557,4.92934196009659,4.9302029215881,4.93116965444234,4.93226809721553,4.93357673449998,4.93503624629465,4.93660228288133,4.93830909225749,4.94013207565218,4.94212780803759,4.94420835454376,4.94632735472911,4.94854177901619,4.95083848652356,4.95316204604684,4.95552456349897,4.95787445251324,4.96022436678174,4.96252239252731,4.96477230420437,4.96695076047774,4.96904421217828,4.97101798087489,4.97289453809783,4.97461757363158,4.97620949792597,4.97765141088866,4.97892397893341,4.98005917187747,4.9810176045469,4.98181981445485,4.98246973343465,4.9829634186492,4.98330887866995,4.98351277830554,4.98359252531146,4.98355162821229,4.98343526373762,4.98317138818695,4.98285348756098,4.98244885804215,4.98199264973798,4.98150720799405,4.98098058016522,4.98044573645642,4.97989306352499,4.97933235109019,4.97879736153961,4.97827884481558,4.97778698405894,4.97731946315319,4.97688989484623,4.97653751580855,4.97618109002102,4.97589747952642,4.97565710264442,4.97544627720679,4.97532685293199,4.97522772317221,4.97518117413717,4.97518801246477,4.97525079265608,4.97533473567356,4.97548283290157,4.97566956264169,4.97588568409396,4.97615557008547,4.97644111924287,4.97679853562999,4.97714054526591,4.9775110143191,4.97792228525045,4.97831789668955,4.9787849109293,4.97924870845929,4.97971728268197,4.98021353386165,4.98074133540372,4.98123655699294,4.98175407980878,4.9822929997865,4.98282804641435,4.9833639752779,4.98389977288622,4.98444317090822,4.9849843777014,4.98552764617151,4.98607007522597,4.98660861647035,4.98714460430217
4.96210182133434,4.96100316229529,4.95988170012023,4.95874600753168,4.95759939181171,4.95645981440074,4.95527308805316,4.95407819932822,4.9528859308808,4.95169403962443,4.95049685890905,4.9492881258394,4.94808228362285,4.9468730381221,4.9456759276617,4.9444775532184,4.94329665892285,4.94213858408924,4.9409903055391,4.9398715428177,4.93878114492067,4.93772557850649,4.93671341311759,4.93574514483252,4.93482566506186,4.93395956066134,4.93317000626061,4.93244791138186,4.93179929757567,4.9312364839824,4.93077301508352,4.93039450282476,4.93012909669723,4.92997944583135,4.92994882923647,4.93004018500752,4.93025563194356,4.93060895993049,4.9310976717048,4.93175622516192,4.93251295172247,4.93343138737736,4.93449790423761,4.93568568690545,4.93702862120612,4.93857010758654,4.94012676709852,4.94184080658376,4.9436592915858,4.94560251226566,4.94758791792184,4.94965503336176,4.95175207635469,4.95391051521015,4.95607436253013,4.95825820101825,4.96041202836748,4.96254157293105,4.96461650377324,4.96662644320945,4.96857162438743,4.97042002026021,4.97214636353625,4.97377863919915,4.97526964271902,4.97662769838696,4.97785213025495,4.97892231909453,4.97986774862629,4.98065538671306,4.98129937249022,4.98181962090668,4.98219672326878,4.98245129085475,4.98258705391184,4.98260697054173,4.98253579656155,4.98239153854865,4.98216126237378,4.98184751527953,4.98149998983469,4.98109988384335,4.98068234196007,4.98022860913158,4.97976305201916,4.97928019800588,4.97883447899105,4.97839296787371,4.97797059771416,4.97757931769466,4.97720045907739,4.97691059467441,4.97663079634312,4.97633572542661,4.97613159762565,4.97597077699786,4.9758406018788,4.97577325797499,4.97574051484315,4.97575020052148,4.97581622898093,4.97592485128459,4.97606823362022,4.97624792656395,4.97647487962952,4.97669949505863,4.97699613726293,4.97731070506574,4.97763728761283,4.97802249072566,4.97839887805174,4.97880947494122,4.9792231622871,4.97968654543331,4.98012065253498,4.98058912050556,4.98107222856699,4.98156906376534,4.98205056284424,4.98258513980274,4.98309623185089,4.98358174027964,4.98412802651807,4.98463757292564,4.98517352065157,4.98567098701271,4.98625035249948,4.98674670206507,4.98727636906778
4.96240989609858,4.96134361851957,4.96026426519606,4.95917301617386,4.95806013089647,4.95694226656763,4.95587791795514,4.95466967745511,4.95354366170097,4.95239568080702,4.95124948506853,4.95009668519673,4.94894928270958,4.94780543024865,4.94666648658281,4.94553330292895,4.9444161715087,4.94331658326433,4.94224287267113,4.94119734480035,4.9401744953838,4.93919129230229,4.9382443374302,4.93734707411441,4.93649982449822,4.93570841794934,4.93497587019794,4.93431516512231,4.93373606237735,4.93323305848084,4.93281348020545,4.93249735285402,4.93227160336241,4.93215598635796,4.9321504953605,4.93226588067484,4.93250079015731,4.93285356845391,4.93333516493057,4.93395134438627,4.93469788527779,4.9355597679339,4.93657844041616,4.93767162545594,4.9389513603328,4.94034943204364,4.94185116946022,4.94346115562524,4.94513915331177,4.94692787796871,4.94878002709678,4.95068708984338,4.95264673036916,4.95462802096027,4.95663164056558,4.95864362847326,4.96063927437531,4.96260834685427,4.9645298995465,4.96639768105495,4.96818937207443,4.96991929996639,4.97154692848062,4.97305606697772,4.97447014781756,4.97575577133189,4.97691429782271,4.97795259779286,4.97885359567301,4.97963624862575,4.98028611999335,4.98081385300811,4.98121742762443,4.9815080555282,4.98169442441613,4.98177741037937,4.98177294406361,4.98168252091953,4.98153427181511,4.98131061877426,4.98103886924441,4.98072925039077,4.98038349943867,4.98002293952444,4.97965058508359,4.97926168814253,4.97886767647384,4.97849583835138,4.97813756758114,4.97779419859834,4.97748197122506,4.97721973980293,4.97697675019676,4.97675040232207,4.97658330866495,4.97644122599649,4.97634533175339,4.97629031213223,4.97627452862424,4.97630896453671,4.97638056561307,4.97647458521508,4.97662823401615,4.97678419007582,4.97699101750067,4.97723709112798,4.97751249230952,4.97780276175023,4.97812163423302,4.9784716661447,4.97884547467707,4.97924097419787,4.97964428101419,4.98007188219051,4.98050684876095,4.9809603494746,4.98142158714081,4.9818919655158,4.98238253078138,4.98287132638422,4.98335687021872,4.98385048421874,4.98437002422436,4.98487468988821,4.98538107039648,4.98587983625242,4.98639174400708,4.98689639861115,4.98740169504018
4.96279577824158,4.96176569797036,4.96072048330242,4.95966454644693,4.95859609886317,4.95752372241677,4.95644984913941,4.95535801532659,4.9542562403585,4.95315393274698,4.95206151375545,4.95096438313262,4.94986800027082,4.94877575085015,4.94769180703216,4.94662271984368,4.94556876951317,4.94453242504514,4.94351971552255,4.94253603204673,4.94157958269628,4.94065700412033,4.93977607969818,4.93894189829718,4.93815617597024,4.93742895144685,4.93676236174044,4.93615589544346,4.93562427702864,4.93517713085047,4.93480970066936,4.93453077147233,4.93434648328913,4.93426169006299,4.93427904364503,4.93440548850478,4.93464439485739,4.9350049451724,4.93547314965649,4.93606384686795,4.9367791292178,4.93760997938826,4.93855516037318,4.93961575672807,4.94082062746152,4.94210412274511,4.94349897053346,4.94497416910671,4.94656046516666,4.94820188131655,4.94992685539744,4.95169447675905,4.95350970478285,4.95534532714512,4.95720490571799,4.95905630148883,4.96091119136268,4.962725828469,4.96451817449415,4.96624740870398,4.96792804170677,4.969522202398,4.97104436719178,4.97247595584156,4.97379451023109,4.97501565978203,4.97612368858522,4.97711109072017,4.97799246066012,4.97875019762732,4.97940038609071,4.97993316322744,4.98035909296642,4.98068836727572,4.98090607980246,4.98104424051106,4.9810927770926,4.98107323771313,4.98097751660795,4.98083413872745,4.98063177813872,4.98039838563263,4.98012743647398,4.97983407509845,4.97952464489265,4.97920049670531,4.97891636200618,4.97858944311415,4.97829655721491,4.97801486339015,4.97775610822846,4.97751798169299,4.97730711203894,4.97713032556286,4.9769944464483,4.97689632911999,4.97682259999724,4.97677762924008,4.9767721352093,4.97681197275228,4.97688009549096,4.97698442092266,4.977147494107,4.97730875671404,4.97750014617045,4.97773278034911,4.97799579027217,4.97827678264373,4.97858633445546,4.97892133837399,4.97927437301943,4.97965401207132,4.98004758045476,4.9804499403604,4.98087779262019,4.9813208833906,4.98175577655151,4.982209892864,4.98267408748691,4.98315898943661,4.98364244137244,4.98412752951504,4.98460991264665,4.98509856573271,4.98558234675492,4.98606459702054,4.9865688768769,4.98706468904313,4.9875564808951
4.96322684882808,4.96222641523591,4.96121635999416,4.96019490861322,4.95917133842448,4.95813132084908,4.95709128787945,4.95604640352268,4.95498838794149,4.95393892167765,4.95289064228723,4.95183556859385,4.95078984605672,4.94974764933327,4.94871865581825,4.94770887712812,4.9467142549552,4.94573642579678,4.94477864483606,4.94385147252526,4.94296043107166,4.94210235223004,4.9412770061558,4.94049578146447,4.93977696687247,4.93909920011085,4.93848665067399,4.93794007616532,4.93745713230067,4.93704616372645,4.93672284404569,4.93648515516229,4.9363288450832,4.93627133854841,4.93631361321469,4.93644807299868,4.93669150783329,4.9370397848884,4.93750730129975,4.93807405960314,4.93874493520292,4.93954185563429,4.94043022681455,4.9414473360102,4.94254850879923,4.94377803855415,4.94506411998271,4.94645152144982,4.94790215866563,4.94944326268255,4.95103020036321,4.95267548732744,4.95434937788041,4.95606728316804,4.95777554303375,4.95950761829285,4.96121020905037,4.96291423331153,4.96456308393922,4.96618734500143,4.96773629029453,4.96923580503729,4.97065140365908,4.97199391412313,4.97324480274034,4.97439578034939,4.97545059933592,4.97640420832421,4.97724790069269,4.97799521860495,4.97863421798865,4.9791747357949,4.97961777535422,4.97996650725695,4.98022320254649,4.98039989806659,4.98049858072681,4.98052847734767,4.98049869175342,4.98040964011479,4.98027955552077,4.98010237125024,4.97990469950347,4.97967608064477,4.97942819070664,4.97918078369265,4.97892849437013,4.9786755378753,4.97843392178573,4.97820435311918,4.97799126230796,4.97779676432899,4.97762322892332,4.9774798210798,4.97737721555571,4.97729499654596,4.97725606082738,4.97721691130866,4.97722956419051,4.97727394229503,4.9773517846716,4.97745866692582,4.97760742603029,4.97777349541215,4.97796869890567,4.9781948148622,4.97844753954888,4.97872085305173,4.97902319801299,4.97934659256032,4.97968715394409,4.98005162399919,4.98043120825159,4.9808168678266,4.98122557035882,4.98164484423875,4.98207368916061,4.98251086523505,4.98295655837443,4.98340257718579,4.98388442248198,4.98434542413318,4.98483474086316,4.98533376999726,4.98578717822588,4.98625446815939,4.9867329705929,4.98722304068142,4.98769988703625
4.96361031002883,4.96264234447444,4.96166728365769,4.96068038118156,4.95968752820586,4.95869299136584,4.95768985205934,4.95668362223517,4.95569108338243,4.95466239741053,4.95366050794935,4.95266080925101,4.95166448896328,4.95067737692503,4.94970294147062,4.94874400875877,4.94779772653587,4.94687737853248,4.94597655156455,4.94511131328636,4.9442672339738,4.94346329041242,4.94269840582769,4.94197825019916,4.94129818202955,4.94067981252168,4.94011813423328,4.93961373914535,4.93918006517959,4.93881779393536,4.93852260941078,4.9383129243578,4.93819554123297,4.93815406987293,4.93820680290885,4.93835975358301,4.93860475012286,4.93894830122812,4.93939248769509,4.93994452290543,4.94059289653226,4.94133236258823,4.94219027554271,4.94313820634156,4.94417324337944,4.94530895693317,4.94651707331365,4.94781575532809,4.94917721919062,4.95060162107176,4.95207892888047,4.95360271752538,4.95516494253691,4.95674533044061,4.95834317853987,4.95994169178728,4.96153955136091,4.96310741704627,4.96465619933805,4.96615422640085,4.96761401935428,4.96900832403989,4.97034348888849,4.97160352114131,4.97277789862322,4.9738717904068,4.97487519477473,4.97578779355805,4.97660867723549,4.97733159549192,4.97796682804445,4.97850693479268,4.97896194800335,4.97932807977812,4.97961627006268,4.97982740979776,4.97996759969398,4.98004292720844,4.98006323676292,4.98003203225247,4.97995392605945,4.97984446279849,4.97969667804597,4.97953403659884,4.9793489569195,4.97915553702548,4.97895551550692,4.97875807652829,4.97856408001504,4.9783775913676,4.97820727174177,4.97805150530125,4.97791662983114,4.97780270917521,4.97771868117985,4.97766517136525,4.97763452945429,4.97763306202453,4.97765737902919,4.97771338781859,4.97779711022697,4.97791096950289,4.97805260463341,4.97822321847188,4.97841769935433,4.97864064634481,4.9788854921206,4.97915493128412,4.97944204464895,4.97975215724091,4.98008318836071,4.98043303702152,4.98079876181863,4.98117838996392,4.98156840151912,4.98197216430024,4.98238539950723,4.98279905026051,4.9832270707466,4.9836713947337,4.98412603130421,4.98457635844629,4.98502784008195,4.98549131593247,4.98595621700774,4.98641156052497,4.98688798021483,4.98735134412713,4.98782042983161
4.96395483427688,4.96302303628499,4.96208147050359,4.96113016883991,4.96017493134129,4.95921749254278,4.95825176680885,4.95729501398446,4.95634122953605,4.95536269030608,4.95441086959848,4.95345112884648,4.95250088508638,4.95156238392353,4.95063933687037,4.94972205187112,4.94883553155771,4.94796521196779,4.94712031845251,4.94629847394019,4.94551071642205,4.9447612482579,4.94404619934023,4.94337418187039,4.94275199239548,4.94217753944374,4.94165690404505,4.94120210099542,4.94080487928175,4.9404774692077,4.94022492612484,4.94004016379509,4.93993826422277,4.93992062019712,4.93998846840952,4.94014106522391,4.94038972976476,4.94072720131248,4.94115775527153,4.9416821228124,4.94230224973247,4.94301552246556,4.94380462846916,4.94470763185085,4.94568544623614,4.94674102656576,4.94787860780787,4.94908530799385,4.95035835547743,4.95168610282023,4.95305794984884,4.95447756846389,4.95592956445894,4.95740352144658,4.95888768749986,4.96037850382241,4.96185607660636,4.96332203761456,4.96475989217895,4.96616486495373,4.96752276070756,4.96883150187302,4.97008203220829,4.97127311684906,4.97238630313375,4.97342131926522,4.97437930097823,4.97525438823671,4.97604586739945,4.97675432856465,4.97737521994678,4.97791872744697,4.97837713759182,4.97876488214547,4.97907017464345,4.97931452763167,4.97948720323065,4.97960579295886,4.97966735734293,4.9796842239295,4.97965866162051,4.97959545906606,4.97950751133263,4.97939175946818,4.97926487990312,4.97912059641178,4.97896927770654,4.9788214295355,4.97867538115887,4.97853323887956,4.97839959676092,4.97828514429321,4.97818172355292,4.97810202482878,4.978046373682,4.97801220008952,4.97800302611036,4.97801926040888,4.97806097060966,4.97812558452842,4.97821872638281,4.97833783774163,4.978483123612,4.97865292228373,4.97884762517077,4.97906522283753,4.97930572798651,4.97957017267311,4.97985011133597,4.98014684234823,4.98046564978028,4.98080323383264,4.98115642446467,4.98152209993263,4.98190304135328,4.98229324705473,4.98269990868961,4.98309294820269,4.983512456008,4.98394524329671,4.98437971706683,4.98481417622297,4.98525241754838,4.98570020689558,4.98614597145302,4.98659431408216,4.98705273571787,4.98750662948526,4.98795878580436
4.96435701925101,4.96344932592101,4.9625441116456,4.96162849305241,4.96070499468432,4.95978265783515,4.95885808493983,4.95792794824513,4.95701770182088,4.95609164032627,4.95516904514054,4.95425525288501,4.95335234600096,4.95246563560706,4.95158318394505,4.95071987269028,4.94987783081473,4.9490581810625,4.94826129009298,4.94748969171069,4.9467510932704,4.94604608409797,4.94538103353566,4.94475608414298,4.94417766430799,4.94364787006498,4.94317044048403,4.94274969795881,4.9423909951726,4.9420956604603,4.94186810321693,4.94171420438196,4.94163087178395,4.94162704903372,4.94170258939676,4.94186336969859,4.94210505532466,4.94243582603148,4.94285159442085,4.94335209442703,4.9439418857668,4.94461420849536,4.94537420849142,4.94620554897037,4.94712913184798,4.94812214996633,4.94918584873588,4.95031091734186,4.95149624649452,4.95273393144768,4.95401578501049,4.955340860269,4.95668475162369,4.95805551704417,4.95943826116611,4.96082378072933,4.96220371513222,4.96356878384014,4.96491148823907,4.96622193824127,4.96749539858193,4.96872067681689,4.96989600475318,4.97102144190562,4.97207339293643,4.97305834142361,4.9739706733398,4.97481022808504,4.9755747202291,4.97626310678854,4.97687601650786,4.97741210078062,4.97787941534688,4.97827153283518,4.97860388284984,4.97886344709982,4.97907320933293,4.97922116480244,4.97932596545006,4.97937965372695,4.97940088225942,4.97938223749018,4.97933977689654,4.97927341613227,4.97919088544154,4.97909567755829,4.97899137556485,4.97888216435368,4.97877867938342,4.97867792244151,4.97858231294271,4.97850076542318,4.97843314004223,4.97838219318694,4.97834881588402,4.97834083591255,4.97835136370919,4.97838281375445,4.97843779788706,4.97851592915921,4.97861870411715,4.97874182387531,4.97889086474902,4.97906242061645,4.97925685659888,4.9794733524149,4.97970916010898,4.9799658307207,4.98024121030721,4.98053181114855,4.98084125113897,4.98116485510144,4.98150622911599,4.9818633017264,4.98223077925163,4.98260833058993,4.98299568441506,4.98338696388101,4.9837961196713,4.98420778929954,4.98462843694861,4.98505112720008,4.98548166128692,4.98591288851005,4.98634712347058,4.98678281111726,4.98722217602131,4.98766467695302,4.98810651924764
4.96483647275798,4.96396414156431,4.96308493675286,4.96220273414438,4.96131395533685,4.96042225456894,4.95953236561815,4.95864593513563,4.95775954032644,4.95688158206893,4.95599860282102,4.95512476715875,4.95426890417322,4.95341771223556,4.95258276379981,4.95176542648904,4.95096479325842,4.95019109970115,4.94943655112961,4.94871156774871,4.94801495350471,4.94735629191312,4.94672826646646,4.94614836423414,4.94561021166471,4.94511736066503,4.94467816660521,4.94429286458986,4.94396125133078,4.94369614335943,4.94349351107094,4.94335822955136,4.94329598793061,4.94330278057534,4.94338435315354,4.94354639179222,4.94378530901243,4.94410290561182,4.94450224176725,4.94498414495233,4.94553880373608,4.94617944470544,4.94689191896513,4.94768501278843,4.94854125291545,4.94947241980106,4.95046696464382,4.95152073727858,4.95263054295215,4.95377993664065,4.95497761993283,4.95620250502393,4.95746500886389,4.95873483860011,4.96002814777002,4.9613123844614,4.96260367750616,4.96387514302473,4.96513163167154,4.96635663805603,4.96754901360337,4.96869582743274,4.96980503826166,4.97085850374233,4.97185430745917,4.97279000610294,4.97366161674533,4.97446682174043,4.97520453579785,4.97587373336576,4.97647447946783,4.97700745201839,4.97747407855865,4.97787829870123,4.97821877378259,4.97850566762867,4.97873206708892,4.97891610541002,4.97904562977333,4.97914191556564,4.979193936267,4.97922071864991,4.9792146258999,4.97919405109774,4.97915018052398,4.97909671293549,4.97903322251066,4.97896319189413,4.97889507118663,4.97883117619022,4.97877124641433,4.97871808552778,4.97868110041872,4.97865531024071,4.97864632063142,4.97865821626006,4.97868767875704,4.9787361635995,4.9788050032016,4.97889334463738,4.97900401061628,4.97913396801367,4.97928577768504,4.97945915180483,4.97965375521549,4.97986708047671,4.98010147569742,4.98035284856522,4.98062227074501,4.98090746967884,4.98120758545437,4.98152390645054,4.98185291660309,4.98219680450868,4.98255345908426,4.98291939070477,4.98329364084598,4.98367563122529,4.98407319548851,4.98447253491096,4.98487817735542,4.98529132172553,4.98570790372248,4.98612737124562,4.98654959484002,4.98697592742745,4.98740449437967,4.98783206747238,4.9882589942376
4.96533044870605,4.9644853851762,4.96363686500432,4.96278593938798,4.96192622841432,4.96106937735191,4.96021618879026,4.95935796363192,4.95851250637599,4.95768502916447,4.95686124315422,4.95600307814062,4.95517003010822,4.95435767965999,4.95356614448302,4.95279000375017,4.95203575798803,4.95129465354163,4.95058717800337,4.94990585211985,4.94925146092913,4.94862733741294,4.94804511471605,4.94750129149713,4.94699800154925,4.94654746591128,4.94613892473357,4.94578345014718,4.94548870156862,4.94524067131567,4.94506079144888,4.94494692712523,4.94489378424419,4.9449144707434,4.94500444843458,4.94516085412638,4.94539695398115,4.94570441121777,4.9460860106331,4.94654319802254,4.94707852802658,4.94767602861018,4.94835331303348,4.94909611505886,4.94990753200198,4.95077530041782,4.9517084181561,4.95268909128539,4.95372676295642,4.9548079880611,4.95592015070612,4.95706866107511,4.95823622087297,4.95943123944911,4.96062582573052,4.96183344743417,4.96302976752964,4.96422301664012,4.96539250825205,4.96654345591141,4.96765903665654,4.96874190788372,4.9697811880714,4.97077551406054,4.97171876512024,4.97260724784337,4.97343947213424,4.97421194756708,4.97492380385524,4.9755737368417,4.97616217272425,4.97668853974772,4.97715625841256,4.97756465846227,4.97791891149305,4.9782173373492,4.97846975306756,4.97867144455241,4.97883473551303,4.9789559030444,4.97904562618268,4.97910259306626,4.97913657063623,4.97914755417629,4.97914473535017,4.97912179930173,4.97909711716546,4.97906417997796,4.97902631335846,4.97899531628331,4.97896728429814,4.97893609729685,4.97892834479367,4.9789221515807,4.97893716976182,4.97896893834265,4.9790152608872,4.97907983170443,4.97915881202504,4.97925745337623,4.9793765675374,4.97951375950579,4.97966880799836,4.9798447856409,4.98003971546221,4.98025134666389,4.98048266801009,4.98072985894032,4.98099274132134,4.98127323768641,4.9815672472748,4.98187349336278,4.98219304507962,4.98252711645924,4.98287297340076,4.98322904374588,4.98359248438372,4.98396599109195,4.98434822757475,4.98473433364475,4.98512979106725,4.98553061085025,4.98593506098138,4.986341747349,4.98675461058006,4.98716796307457,4.98758381224152,4.98799929799176,4.98841744951611
4.96577201627187,4.96495623919576,4.96413587324804,4.96331642185548,4.96248994612532,4.96166436266171,4.96084483664251,4.96002440417636,4.9592111469373,4.9584010837916,4.95761159219839,4.95684762751969,4.95600543988328,4.95525006571321,4.95449647152606,4.95375527715076,4.95303804656687,4.95234425902699,4.95167568536686,4.95102942227166,4.95041519315681,4.94983720762095,4.94928515288636,4.94877496395127,4.94831394428641,4.94788699411312,4.94751548651848,4.94718949360079,4.94691416414047,4.94669977054997,4.94653540613683,4.94643411620561,4.94640020599678,4.94642333690072,4.94651693147524,4.9466799002941,4.94690331181377,4.9472035832545,4.9475693098436,4.94800391645718,4.94850737654356,4.94908292430877,4.94971372977471,4.95041779049813,4.95117933304323,4.95199848066594,4.95286833919848,4.95379245394611,4.95475734211748,4.95576372995915,4.95681090769592,4.95788146145715,4.95897760084464,4.96008372358559,4.96120879163839,4.96233090246807,4.96345693705109,4.96456489214954,4.96566811092139,4.9667421699618,4.96779533004383,4.96881093915353,4.96979393773031,4.97073229851913,4.97162780796422,4.97247265307949,4.97326887326625,4.97401009699052,4.97469669327144,4.97532797210414,4.97590354002313,4.9764237618399,4.97688944675997,4.9773025874134,4.97766385654549,4.97797726001191,4.97824421786645,4.97846967020761,4.97865410340079,4.97880425160034,4.97892130407152,4.9790105742455,4.97907499936163,4.97912176746512,4.97914684121719,4.9791606482908,4.97916459428684,4.97916479170045,4.97915947057537,4.97915439270129,4.97915593529446,4.97916008885171,4.97917212411904,4.97918692301849,4.97921735828154,4.97926763220625,4.9793274827182,4.97940399928329,4.97949730412696,4.97960667207331,4.97973264152059,4.97987521640617,4.98003483730259,4.9802130289642,4.98040692705738,4.98062024761128,4.98084900972927,4.98109204221522,4.98135159057678,4.98162592361611,4.98191309812975,4.98221209708525,4.98252455885878,4.98284809305419,4.98318308451844,4.9835289645493,4.9838851081169,4.98424765740985,4.98461762993414,4.98499424116684,4.98537844178384,4.9857663714015,4.98615852534728,4.98655629664477,4.98695702435254,4.98735870692808,4.98776255203037,4.98816915843596,4.98857727926473
4.96618902662326,4.96540054334915,4.96461019763925,4.96381749285209,4.96302682584892,4.96223140682893,4.9614420672744,4.96065706807817,4.9598751933702,4.95910261406623,4.95833899774627,4.95759977614194,4.95686730303312,4.95608859516624,4.95538117850509,4.95467681922256,4.95399632404477,4.95333768479139,4.95270385363148,4.95209913204208,4.95152076209145,4.95097423177149,4.95046149421017,4.94998691961013,4.94954872938325,4.94916029237204,4.94881159629233,4.94851228478927,4.94826380262818,4.94806414775558,4.94792353190541,4.94783544251674,4.9478077943319,4.94784231712836,4.94793595303605,4.94809351502046,4.94831870876966,4.94860066080236,4.94895466222402,4.94936675343189,4.94984656543876,4.95038500837107,4.95099010111915,4.95164519055058,4.9523653294333,4.95313211469228,4.9539532198779,4.95481510586458,4.95572303443371,4.95666338581808,4.95763819689446,4.95864370562782,4.95966655734421,4.96070604944581,4.96175324484997,4.96280667439694,4.96385643774964,4.96490241549175,4.96593102163521,4.96694519841801,4.96793117901855,4.96889328193551,4.96981859069094,4.97070951110454,4.97155841407859,4.97236509217553,4.97312438982928,4.97383751106269,4.97449967614115,4.97511389849446,4.97567550609164,4.97618886157283,4.97665090639577,4.97706690958227,4.97743352518886,4.97775878020852,4.97803963879642,4.97828325815418,4.97848794469545,4.97866254636962,4.97880396864926,4.97892162503561,4.97901144300918,4.97908557261789,4.9791439263518,4.97918927766015,4.97922307452683,4.97925007641247,4.9792738691405,4.97929603412557,4.97931947430889,4.97935143409272,4.97940083823256,4.97942631926984,4.97946481682111,4.97954195841124,4.97961625303304,4.97970552924388,4.97980898763368,4.97992747269158,4.98006078200624,4.98021072113468,4.98037537829923,4.9805542676169,4.98075174458711,4.98096465703591,4.9811900475476,4.98143231394357,4.98168904786922,4.98195811320268,4.98223852890745,4.98253265076318,4.98283881333874,4.98315413782434,4.9834785395816,4.98381611323826,4.98416181679262,4.98451603514185,4.98487605256256,4.98524368655923,4.98561739063532,4.985992997047,4.98637606834464,4.9867629079389,4.98715256937569,4.98754465113283,4.98793795706376,4.98833388305305,4.98873152199904
4.966628010445,4.96586503799561,4.96510108928888,4.9643379416151,4.96357354523085,4.9628118392421,4.96204958562104,4.96129535031563,4.96054517105411,4.95980577255226,4.95907153503699,4.95834188568162,4.95764572368826,4.95696001196973,4.95624754020023,4.95558439386035,4.95493956142595,4.95431439786253,4.95371736350174,4.95314181034281,4.9525982951562,4.95208465035666,4.95160333374193,4.95115689106796,4.95075229418279,4.95038387394798,4.95006432616982,4.94978756988307,4.94955841026439,4.9493810478493,4.94925064152495,4.94917805931917,4.94915785640196,4.94919586537259,4.94929326705437,4.94944737147904,4.94966110316114,4.94993911925094,4.95027011708524,4.95066783657457,4.95111873823284,4.95163148864885,4.95219666167589,4.95282073496345,4.95349045157343,4.95421624379195,4.9549810958557,4.95579524613333,4.95664164036007,4.95752672296979,4.95843668732688,4.95937445208094,4.96033315554975,4.96130350779959,4.96228948725388,4.96327548416777,4.96426160867874,4.96523730448347,4.96620815352748,4.96715670671346,4.96808940223943,4.96899296913677,4.96987075433182,4.9707130305147,4.97152104572522,4.97228869339228,4.97301683067623,4.9737001225487,4.97434085076387,4.97493415580179,4.97548446989962,4.97598697803192,4.97644768083364,4.97685977525557,4.97723525169101,4.97756518437661,4.97786102632115,4.97811607075042,4.97834173348533,4.97853263437127,4.97869832979224,4.97883533843389,4.97895446250999,4.97905399784595,4.97913893946264,4.97920743076535,4.97926907518716,4.97932314607083,4.97937055088762,4.97941840121524,4.9794653845764,4.97951879343906,4.97957565930915,4.97963918496718,4.97970270174983,4.97978553687108,4.979875633149,4.97997720154009,4.98009171261355,4.98022029868772,4.98036381404538,4.98051877427489,4.98068782375968,4.98087189512156,4.9810704844394,4.981281286181,4.9815079148238,4.9817486862546,4.98200094916368,4.98226550398729,4.9825436270378,4.98283261289006,4.98313058242325,4.98344032194013,4.98375698997466,4.98408520506738,4.98442268801972,4.98476961421115,4.98512097306341,4.98547940066265,4.98584102207838,4.98620923267869,4.98658182823238,4.98695877367232,4.98733880691617,4.98772074042502,4.98810525790795,4.98849161329059,4.98887968786077
4.96708345287633,4.96634722407444,4.96560838082674,4.9648718994802,4.96413676227971,4.96340173160424,4.9626689987978,4.96194365808936,4.961224966122,4.9605149327056,4.95981466367995,4.9591198070446,4.95843956557425,4.9578262685343,4.95710489017828,4.95647665571454,4.95586937834403,4.95528151715823,4.95471143892957,4.95417503717458,4.95366103438832,4.95317679306711,4.9527254417059,4.95230888882699,4.95192595117085,4.95158691178246,4.95128493810568,4.95103100518285,4.95082022394938,4.95065605277052,4.95054448150018,4.95047680119218,4.95046658660518,4.95050742951634,4.95060312301252,4.95075585183768,4.95096097689947,4.95122436631607,4.9515454389527,4.95191692254606,4.95234955028657,4.95282964284166,4.95336627760285,4.95395074497201,4.95458552074282,4.95526087916163,4.95598553588853,4.95674209413757,4.95754124561864,4.95836685575973,4.95922360595539,4.9600995833746,4.9609970829208,4.96190616559117,4.96282811459515,4.96375180891514,4.96467923495942,4.96559856893863,4.96650541483505,4.96740213969522,4.96827746598543,4.96913333001752,4.96996133324311,4.9707618253848,4.97152785096124,4.97226151612737,4.97295624496851,4.97361389880107,4.97422975240409,4.97480746913935,4.97534079630243,4.97583697275944,4.97628783964189,4.97670437488322,4.9770771947248,4.9774165957097,4.97771792301499,4.97798679706114,4.97822497913373,4.9784334762596,4.97861691801201,4.97877138399595,4.97891392506006,4.97903893156593,4.97914325643469,4.97923713892176,4.97931921044278,4.97939757106304,4.97946908341549,4.97953742141689,4.97960527998691,4.97967504666586,4.97975171350922,4.97983284537226,4.97991720610144,4.98001156853868,4.98011725115075,4.98023194831692,4.98035609236044,4.98049397239528,4.98064290043635,4.98080561648358,4.98097909272739,4.98116635675352,4.98136557578305,4.98157851422585,4.98180523839519,4.98204344207861,4.98229281727816,4.9825553483499,4.98282911551485,4.98311283269184,4.98340572503039,4.98370781610889,4.98402106295611,4.98433294344316,4.98466689120958,4.98500674433287,4.98535142496994,4.98569959510152,4.98605311671947,4.98641292689759,4.98677738139344,4.98714496855368,4.98751525076732,4.98788806093462,4.98826372779835,4.98864124692752,4.98902047530419
4.9675354099872,4.96682247544093,4.96611045389331,4.96539924845983,4.96469191746789,4.96398341139892,4.96327872387444,4.96258502835181,4.96189341144177,4.96121271033923,4.9605410677004,4.95988016543756,4.95922362660285,4.95860314616461,4.957966042055,4.95739941002953,4.95677778642822,4.9562276451503,4.95569541517563,4.95517848926841,4.95469371667384,4.95423936232677,4.95381301031191,4.95341977661099,4.95306719385905,4.95274374543849,4.95246572238826,4.95222819578358,4.95203447694586,4.9518866725849,4.95178163243634,4.95173003187941,4.95172089712209,4.95176660620983,4.95186154504449,4.95200739894198,4.95220961351768,4.95245854634325,4.9527627870144,4.95311990495612,4.95352400720709,4.95398412192783,4.95448559998803,4.95503907335986,4.95563429696593,4.9562734790204,4.95694809087946,4.95766479339257,4.95840752719733,4.9591872565174,4.95998697580873,4.96081357326485,4.96165113820851,4.9625074382296,4.96336854497448,4.96423743924509,4.96510480110098,4.96597126603563,4.96682599494692,4.96767198216862,4.96849755449781,4.96930560939515,4.97008997940763,4.97084871744842,4.97157911145876,4.97227726687964,4.97294309459695,4.97357285560888,4.97416948780956,4.97472662761224,4.97524944686434,4.9757323316681,4.97618055911995,4.97659014597587,4.97696653540897,4.97730839419376,4.97761660168687,4.97789613844575,4.97814376890275,4.9783686554373,4.97856668157384,4.97874497050026,4.97890207223986,4.97904420814312,4.9791694805541,4.97928460059904,4.97938555248302,4.97948333737519,4.97957645506561,4.97966359121092,4.97975046647734,4.97983795538027,4.97993163261563,4.98002686083608,4.98012737378726,4.980232693862,4.98034982224423,4.98047554421263,4.98061000638832,4.9807541300041,4.98091168121401,4.9810786358148,4.98125755126555,4.98144712236532,4.98164880279835,4.98186341591277,4.98208848094187,4.98232415265563,4.98257266569029,4.98283221322991,4.98310164505206,4.98338084021765,4.98367027056119,4.98396892505729,4.98427123337425,4.98457225309016,4.98490144651896,4.98523474842908,4.98557185386644,4.98591263355283,4.98625938592516,4.98661043231107,4.98696542446561,4.98732566385207,4.98768691673685,4.98805137062641,4.98841837710065,4.98878772915075,4.98915870476441
4.96797545022734,4.96728868233982,4.96660033830923,4.96591542684101,4.96523308548121,4.96455514855804,4.96387493457937,4.96320788752793,4.96254495443683,4.96189014952686,4.9612507170509,4.96061586176995,4.95999113530438,4.9593904195426,4.95880640241721,4.95835446783827,4.95765931294271,4.95713789074938,4.95662074645922,4.95613810320746,4.95568287011638,4.95525344116085,4.95485325903601,4.95448676379168,4.95415147296466,4.95385552197479,4.95359358541879,4.95337399290557,4.95319586693096,4.95305838114484,4.95296817108091,4.95291857617234,4.95292047633757,4.95296453335558,4.95305953399455,4.95320234042602,4.95339357031693,4.95363630338399,4.95392382369211,4.95426122446771,4.95464812638544,4.95507765748275,4.95555761658542,4.95607364101781,4.95663737960446,4.95723559458337,4.95787503458463,4.95854305219773,4.95924695372919,4.95997217625052,4.96072818181842,4.96149838311134,4.96229078171697,4.96309168799011,4.9639038382126,4.96471620847989,4.9655344556086,4.96634612095866,4.96715541146616,4.96794986513009,4.96873461582607,4.96949624475351,4.97024294897683,4.9709617205555,4.97165784131817,4.97232426928196,4.97296260844484,4.97356959608618,4.97414364890997,4.97468436901757,4.97519219234375,4.97566591584013,4.97610636334891,4.97651303867507,4.97688961233311,4.97723242238258,4.9775483455524,4.97783293578033,4.97809378339749,4.97832749188544,4.9785402370653,4.97873165140306,4.97890164563895,4.97906393420998,4.97920821911006,4.97933840273197,4.97945934058131,4.97957637422844,4.97968924266388,4.9797927411197,4.97990648431156,4.98000364586447,4.98010973586138,4.98021992400538,4.98033422268022,4.98045159883395,4.98057829871092,4.98071584744379,4.98085833720353,4.98101161033535,4.98117308920022,4.98134606457613,4.9815289833085,4.98172302690653,4.98192632170871,4.98214002908131,4.9823649897269,4.982600432316,4.98284710049698,4.9831033503726,4.98336830809285,4.98364344259761,4.98393023910973,4.98423250020241,4.9844901251328,4.98483508711227,4.98513050295151,4.98546635600919,4.9857943434538,4.98612783826914,4.98646544089671,4.9868081490417,4.98715553323593,4.98750696284018,4.98785961901159,4.98821596474323,4.98857438798171,4.98893511020862,4.98929822881564
4.96842112139302,4.96775441720478,4.9670924883859,4.9664296773343,4.9657747769819,4.96511922441275,4.96446895874738,4.96382555698886,4.96318962442069,4.96256212811329,4.96195055001841,4.96134256075903,4.9607471787978,4.9601753650758,4.95960415310727,4.95906949563375,4.95854365874994,4.95803374716854,4.95754525673978,4.95708380353762,4.95664881721789,4.95624664047946,4.95586982706514,4.95552359470098,4.95521168000393,4.95493103117971,4.95468873051474,4.95448375399835,4.95431796220159,4.95419300716547,4.95410938481638,4.95406972695903,4.95407132373496,4.95412008420389,4.95421158155533,4.95435024400546,4.95453418378735,4.954764235227,4.95503965395166,4.95535966617593,4.95572440644582,4.95613329464542,4.95658168674389,4.95707409802871,4.95759959525647,4.95816771666582,4.95876406123337,4.95939746701233,4.96005471682765,4.96074128873466,4.96144599653208,4.9621736935075,4.96291443046259,4.96367001806911,4.96443184704024,4.9651998668353,4.96596614984274,4.96673371603012,4.96749418130005,4.96824573452779,4.96898663761657,4.9697113549488,4.97041764364224,4.97110413257544,4.97176438381213,4.97240336650021,4.97301289925721,4.97359776998329,4.97415015385361,4.97467592186708,4.97516815988321,4.97563331093382,4.97606508814919,4.97646961418053,4.97684198953148,4.97718886793759,4.9775065747964,4.97779848902532,4.97806664340106,4.97831038828929,4.97853627386182,4.97873854744931,4.97892802380304,4.97910341303552,4.97925752433391,4.97941280904668,4.97954909259186,4.97967869964645,4.97980457833276,4.97992369407138,4.98004931261286,4.98016980895136,4.98029013950154,4.98041266871287,4.98054041272262,4.98067106841216,4.98080809973712,4.98095255094143,4.98110477880425,4.98126435954809,4.98143263530213,4.98161064712277,4.98179741757887,4.98199463964091,4.98220060409485,4.98241425226501,4.98263921666057,4.98287438852523,4.9831183668875,4.98337143425397,4.98363424950909,4.98390556767039,4.98418125203855,4.98446726930227,4.98477353791464,4.98508485316517,4.98537479928801,4.98569763364763,4.98601715983507,4.98634161538174,4.98667318170052,4.9870086774459,4.98734791651297,4.98769063406053,4.9880355673188,4.98838407169124,4.98873544201057,4.98908836014905,4.98944230391066
4.96888064060644,4.9682399157755,4.96759719739912,4.9669609831035,4.96632685212579,4.96569848524687,4.96507244405213,4.96445342948432,4.96384255161371,4.96324183980432,4.96265209802465,4.96207548733484,4.9615069571413,4.96095469940502,4.9604193197342,4.95990044719722,4.95940089882866,4.95891929713803,4.95845907556356,4.95802147327965,4.95761206155964,4.95722545813455,4.9568719769769,4.95654712985146,4.95625213377965,4.95599061794508,4.95576333630979,4.95557227894193,4.95541912693179,4.95530363710278,4.95522806068986,4.95519226663919,4.95519896201166,4.95524575964774,4.95533742752631,4.95546985100147,4.95564666404001,4.95586504686225,4.95612732572729,4.95643113216004,4.95677629924023,4.9571616334549,4.95758687484523,4.9580475563768,4.95854736611201,4.95907656077275,4.95964349494638,4.96023364258097,4.96085622401968,4.96149865561673,4.96216517238327,4.96284632933967,4.96354420258882,4.96425335050867,4.9649711891044,4.96569328380926,4.96641680201133,4.96713977515478,4.96785685133229,4.96856712802535,4.96926688729509,4.96995504649889,4.97062464739792,4.97127955041074,4.97191020006094,4.9725213354235,4.97310527108102,4.9736673389755,4.97420131247416,4.97470885161388,4.97518919048331,4.97564202792488,4.9760669877973,4.97646544634345,4.97683602421839,4.97718178101663,4.97750063369136,4.97779858078245,4.97807035485394,4.9783247292024,4.97855815591577,4.97877220441475,4.97897502671926,4.97916645805122,4.97933409179002,4.97949841015363,4.97964620168595,4.97979302205372,4.97993775504615,4.98007259864195,4.98020783572787,4.98034150222064,4.98047594889361,4.9806106354439,4.98074997031502,4.98089154155699,4.98103687133714,4.98118860757158,4.98135075394915,4.98151706162108,4.98169188097665,4.98187282989882,4.98206461390639,4.98226235516107,4.98247041877204,4.9826860764464,4.98291141901815,4.98314483657574,4.98338831047171,4.98363939849038,4.9838979310535,4.98416632388181,4.98444024726487,4.98471953698741,4.98501679857912,4.9853100589279,4.98561012342646,4.9859214629329,4.98623599029519,4.98655616407781,4.98688063789154,4.98720933958963,4.987542721996,4.98787577624609,4.98821399165675,4.98855567277798,4.9888994623845,4.98924495053311,4.98959044283194
4.96936696131518,4.96874520240513,4.96812747385938,4.96751087959388,4.96690033581384,4.96629563786525,4.96569430943108,4.9650965495677,4.96451205370774,4.96393370690516,4.96336807876255,4.9628176448622,4.96227307279164,4.96174608590863,4.9612339424408,4.96074217998658,4.96026309907165,4.95980710663592,4.95937118370986,4.95893797097834,4.95855750688315,4.95820017070875,4.95786401859957,4.95755737366033,4.95728166312587,4.9570335185462,4.95682081153725,4.95664129312765,4.95649896979365,4.95639236632628,4.95632207102155,4.95629228430002,4.95629922460355,4.95634896573991,4.95643437559332,4.95656521541508,4.95673056980831,4.95694106190333,4.95718746821166,4.95747665883424,4.95780230557718,4.95816697236921,4.9585677218985,4.95900403646358,4.95947340112078,4.95997471652924,4.96050429389593,4.9610636415788,4.96164539109935,4.96225304956243,4.96287710545469,4.96352061066945,4.96417677635774,4.96484449892009,4.96552144572421,4.96619965681637,4.96688437223286,4.96756555831115,4.96824638804492,4.96891603735242,4.96957928832613,4.97022949408505,4.97086751524411,4.97148831118752,4.9720921742545,4.97267554816296,4.97323888337651,4.97377710912104,4.97429360231673,4.97478411280672,4.97525120537872,4.97569247727742,4.97610988414636,4.97650132112021,4.97686895914505,4.97721293948767,4.97753541093773,4.9778335111295,4.97811224629629,4.97837105100323,4.97861402991468,4.9788406958815,4.97904769642092,4.97924672551608,4.97942851879039,4.97960322960106,4.97976755489229,4.97992648746227,4.98008067333302,4.98022886130645,4.98037458888308,4.98051996479706,4.98066460999082,4.98081035573573,4.98095865875657,4.98111115236865,4.98126443165866,4.98142419486036,4.9815905022043,4.98176286581321,4.98194290970923,4.98212887177473,4.98232195641068,4.98252446210732,4.98273331598755,4.98295193223867,4.98317582532806,4.98340760860577,4.98364926699125,4.98389935275159,4.98415395643112,4.98442079684973,4.98469224051821,4.98497008030055,4.9852566459712,4.98554955487597,4.98584498499257,4.98614505893901,4.98645376520861,4.98676762713903,4.98708576246661,4.98740834515449,4.98773252483554,4.98806040069991,4.9883922710886,4.98872635185865,4.98906223887152,4.9893987312767,4.98973934524946
4.96985364234858,4.96925247304044,4.96865474136874,4.96805993068686,4.96747069394138,4.96688628877277,4.96630851580422,4.96573235206854,4.96517099281356,4.96461470258086,4.96407232772362,4.96354367483618,4.96302496385019,4.96251540651561,4.9620300859682,4.96155708640992,4.96110026898422,4.96066553917912,4.96025198850747,4.95989124246437,4.95947179881799,4.95913812082435,4.9588201155427,4.95853074921456,4.95826612514815,4.95803569681734,4.95783434279342,4.95766578304838,4.95753319883361,4.95743358565219,4.95737099525048,4.9573422415891,4.95735429228031,4.95739921858491,4.95748677558781,4.95760643438286,4.95777108543311,4.95796538733572,4.95820472873178,4.95847427725883,4.95878566098227,4.95912798944488,4.95950783979724,4.9599181380997,4.96036144661462,4.96083414378421,4.96133353932739,4.96186041772026,4.96240852561571,4.96297924998593,4.96356821136954,4.96417338383638,4.96479258823681,4.9654224271239,4.96605981713296,4.96670196863868,4.96734467999323,4.96799124519616,4.96863215218356,4.96927037280809,4.9698988153905,4.97051717743848,4.97112375602325,4.97171634525595,4.9722927495881,4.97285139387827,4.97338962202063,4.97390781826513,4.9744070973942,4.97488328124633,4.97533624191462,4.97576685143631,4.97617552578656,4.97656194258557,4.97692644400816,4.97726896872618,4.97759010596221,4.97788830908356,4.97817384736429,4.97843952726603,4.97868825470572,4.97891990595748,4.97913131306411,4.97933799623566,4.97953324451105,4.97971737289332,4.97989308485186,4.98006246108226,4.98022449877139,4.98038284571012,4.98053926082227,4.980692924878,4.9808473846644,4.9810018855237,4.98115883272598,4.98131822300944,4.98148132699822,4.98164637797764,4.98181869984115,4.98199593035229,4.98217932200825,4.98237079756133,4.9825672580974,4.9827718477719,4.98298252861321,4.98320094903356,4.98342527907976,4.98365784088611,4.98389714216699,4.98414435573397,4.98439942250413,4.98466071840147,4.9849290435508,4.98520384729308,4.98548563005239,4.98577156377859,4.98606181311788,4.98635326978149,4.98666372700615,4.98697108877531,4.98728229988321,4.9875964955089,4.98791362924748,4.98823558797398,4.98856069612811,4.98888768475816,4.9892161146226,4.98954626524103,4.98987881091964
4.97029103142588,4.96971027665145,4.96913225886746,4.96855842756433,4.96798869622262,4.96742721650112,4.96687000454227,4.96631493059765,4.96577605767299,4.96524314642324,4.96472226652485,4.96421502979447,4.96371815373056,4.96323064651636,4.96276647483467,4.96231599599796,4.96187981698845,4.96146318297685,4.96106333520364,4.9607101688604,4.9603393135979,4.96001480219227,4.95970944629635,4.95943023744487,4.9591865095329,4.95896815699145,4.95877855796013,4.95862265112208,4.958496044359,4.95840665429768,4.95834610718342,4.9583238028359,4.95833348274973,4.95838186021691,4.95846178427986,4.95858228616294,4.95873303411898,4.95892515231176,4.95914615593471,4.95940906203884,4.95969708844197,4.96002625990592,4.96038064049116,4.96077150408937,4.96118718202236,4.96163414433335,4.96210593314008,4.96260115866102,4.96312044239357,4.96365637047561,4.96421438120767,4.96478202988206,4.96536779299162,4.96595969815951,4.96656426092398,4.96717088732118,4.96777985179069,4.9683893662645,4.96899811781733,4.96960241623476,4.97020114227433,4.97078848006949,4.97136379318066,4.97192756413399,4.97247862382303,4.97301538791105,4.97353327205059,4.97403433390961,4.97451516837342,4.97497671450235,4.97541730000934,4.97583855961446,4.97623992588683,4.97661851211028,4.97697982559111,4.9773199244445,4.97764068373221,4.97793577282621,4.97822670705778,4.97849075699278,4.97874806334666,4.9789849670905,4.97920613912189,4.97941784868706,4.97962094230984,4.97981478762817,4.98000035481475,4.98017705707345,4.9803502962852,4.98051909029739,4.98068443685472,4.98084794446481,4.98101144705569,4.98117527883541,4.98133936971679,4.98150682695499,4.98167775142831,4.9818486405044,4.98202535542685,4.98220745934584,4.98239675908081,4.98259033596023,4.98278995747805,4.9829959973424,4.98320823270111,4.98342774254943,4.98365343962454,4.98388668483861,4.98412467296422,4.98436947656019,4.98462275699107,4.98488118107112,4.98514474813949,4.98541452394299,4.98569387614553,4.98597792168153,4.98626382288403,4.98654621906202,4.98685280163367,4.98715542610792,4.9874613788213,4.98776886165747,4.98808136648181,4.98839675118828,4.98871546117378,4.98903622085025,4.98935736957381,4.98968160831015,4.99000716772457
4.97067168149683,4.97011100350537,4.96955376810639,4.96899979878924,4.96845159181417,4.96790977652179,4.96737456571858,4.96684542420622,4.96632193467318,4.96581345532824,4.96531215719444,4.96482556110897,4.96434963957322,4.96388694989902,4.96344084412973,4.96301152600875,4.9626000949824,4.9622006728632,4.96181814373692,4.96146679015562,4.96113785774431,4.96082784853717,4.96053535115013,4.9602759468786,4.96004048998498,4.95983490953119,4.95965972076659,4.95951149063408,4.95939541147165,4.95930907280465,4.9592572056254,4.95923512112248,4.95924797442219,4.95929235368049,4.95937251743623,4.95948403858047,4.95963203366937,4.95980969155563,4.96002503440299,4.96026712500475,4.96054749569153,4.96085262406334,4.96119444198432,4.96155875566635,4.96195601062608,4.96237468613346,4.96282097410191,4.96328845558223,4.96377662063014,4.96428519780887,4.96480738442227,4.96534776699186,4.9658967015152,4.96645987042017,4.96702867563498,4.96760332862046,4.96817986157268,4.96875757797752,4.96933248742402,4.96990539738319,4.97047337960723,4.97103415969281,4.97158668293847,4.97212537752297,4.97265296621879,4.9731637250915,4.97366220455407,4.97414358725159,4.97460871158737,4.97505703889486,4.97548112759056,4.97590053076722,4.9762933892011,4.9766523437717,4.97701835085204,4.97734122895255,4.97766327262417,4.97796786380319,4.9782608458544,4.97853095654551,4.97878698022156,4.97903067573237,4.9792614704507,4.97947543788279,4.97969198173846,4.97989399391788,4.9800880671897,4.98027534117974,4.98045738983757,4.98063520697141,4.98080984627167,4.98098286696989,4.98115461038774,4.98132550109306,4.98149794851497,4.98167275147573,4.98184936310574,4.98202942143888,4.9822105758801,4.98239772733695,4.98258945993527,4.98278811024379,4.98299022188801,4.98319851874154,4.98341328785532,4.98363421024918,4.9838598775237,4.98409412713786,4.98433023944557,4.98457469285385,4.98482546336376,4.98508162626551,4.98534337002254,4.98560002264758,4.98588282452171,4.98615566059719,4.98643182759205,4.98671991236264,4.98702555942444,4.98732084219755,4.98762107601836,4.98792544657065,4.98823235729971,4.98854302277239,4.98885547794032,4.98916935429701,4.98948636064118,4.98980460793556,4.99012426984656
4.9710536794284,4.97051134073803,4.96997213160213,4.96943865174473,4.96890805359622,4.968387150838,4.96787100706191,4.96736261927312,4.96686064826701,4.96636976283322,4.96588895990307,4.96542025666714,4.96496746952907,4.96452446721112,4.96409328399107,4.96368748224383,4.96329134885253,4.96291263231973,4.96255293476912,4.96221276269794,4.96190016189187,4.96162422347093,4.96132028315806,4.96108301692881,4.96086461824286,4.96066880419488,4.9605028364016,4.96036468523731,4.96025398337172,4.96017530168883,4.96012578745413,4.96010794482915,4.96011961794905,4.96016461326246,4.96023962460588,4.96034806054229,4.96048614793707,4.96065860601066,4.9608586696455,4.96109291136773,4.96135398764095,4.96164722870089,4.96196581813061,4.96231361861449,4.96268644729311,4.96308373173077,4.96350466017775,4.96394494678756,4.96440790278602,4.96488460045431,4.96538240396317,4.96588838366396,4.96641083466604,4.9669402458066,4.96747936308564,4.96802229651537,4.96856752423859,4.96911686763398,4.96966271732678,4.97020645098051,4.97074582407624,4.97127910334872,4.97180500592979,4.97231955728226,4.97282736739294,4.97332011130774,4.9738003301082,4.97426229886075,4.97470416594694,4.97515132172864,4.97555034894056,4.97596167167533,4.97634890735425,4.97670822651415,4.977060696367,4.97738646216307,4.97771020260505,4.97801392396673,4.97830004594597,4.97857411274368,4.97883371754717,4.97908207933314,4.97932166426036,4.97953828418827,4.97976021496995,4.97997177611843,4.98017383759335,4.98037069868855,4.98056049964599,4.98074644789075,4.98092967144951,4.9811106628252,4.98128990148976,4.98146919435144,4.98164874218742,4.98182979766038,4.98201280676143,4.98219896521561,4.98238655667718,4.98257668810956,4.98277317005233,4.98297400165451,4.98318063223267,4.98339078505715,4.98360613124083,4.98382722903668,4.98405374304136,4.9842865470528,4.98452470963391,4.98476870343273,4.98501839392789,4.98527239944331,4.98553897004066,4.98581413984765,4.98606992560552,4.98634419284594,4.98661895120759,4.98690662153929,4.98719316795484,4.98748331391683,4.98777853968698,4.98807623142483,4.9883787461715,4.98868328915303,4.98898981731882,4.98929851943304,4.98960964454611,4.98992359469807,4.99023791964114
4.97147573345907,4.97095039898571,4.9704299827387,4.96991225873646,4.96940289970262,4.96889858672191,4.96840162764427,4.96791402573767,4.96742923407291,4.96695589310993,4.96649313253491,4.96604504552391,4.96561052060045,4.96518566713161,4.96477331363324,4.96438468661217,4.96400512484943,4.96364557352445,4.96330309011835,4.96297686512402,4.96267206448996,4.96240708245752,4.96216241440717,4.96190208330739,4.96169306709705,4.96150723159236,4.96134963409446,4.96121783291895,4.96111560851464,4.96104236792852,4.96099645989279,4.96098052283194,4.96099264207336,4.96103519435924,4.96110778850611,4.96120944891139,4.96134279181319,4.96150274064065,4.96169631056397,4.96191463056598,4.96216463714928,4.96243933213323,4.96274217013481,4.96306985316018,4.96342177906352,4.96379731269805,4.96419304676859,4.96461129675862,4.96504545552277,4.96549950221074,4.96596575512619,4.96644720503911,4.96693954222752,4.96743983287199,4.96795053546113,4.96846329083072,4.96898055466505,4.96949857489848,4.97001980944848,4.97053649102398,4.97104977579075,4.97155689377892,4.97205854180301,4.97254850704078,4.97304195528504,4.97351107314784,4.9739676913782,4.97441099687012,4.974838467432,4.97526566127004,4.97566317654101,4.97606976754074,4.97643990427636,4.97679426870939,4.97714233308698,4.97747178993302,4.97778732605683,4.97808841686204,4.97837540845054,4.9786495085931,4.97891075615428,4.97916085914776,4.97940244740837,4.97961885614535,4.97986077467966,4.98007266850773,4.98028056239386,4.98048192601502,4.98067897227903,4.9808724554877,4.98106266590786,4.98125024387898,4.98143665532134,4.98162235684484,4.9818084535225,4.98199480771635,4.9821829085654,4.98237341389857,4.98256750220362,4.98276129196064,4.98295975798068,4.9831634517436,4.98337322925655,4.98358484021379,4.98380111706023,4.98402314081818,4.98425015751089,4.98448250220222,4.984720224467,4.98496371557571,4.98521151843262,4.98546161831916,4.98571990189012,4.98599011152191,4.98624996237683,4.98651837658935,4.98679370484679,4.98707207063451,4.98735932726735,4.98764504668397,4.98793539074067,4.98822962703357,4.98852590989173,4.98882487190921,4.98912600013817,4.98943052811756,4.98973604780056,4.99004307869258,4.99035193548243
4.97194005851563,4.97143276810981,4.97092930528211,4.97043134633114,4.9699374942898,4.96945136531263,4.96897399532671,4.96850026280752,4.96803741883966,4.96757965409967,4.96713729621946,4.96670363589742,4.96628643342142,4.96588297701388,4.96548778041346,4.96511037389564,4.96475242108564,4.96440528246422,4.96407891644674,4.96376862635563,4.96348071705158,4.96319841175656,4.96292034695922,4.96276941644504,4.96256074767015,4.96236524444202,4.96221401134062,4.9620962683515,4.96199766220418,4.96192873578991,4.96188514142211,4.9618691214407,4.96188132302217,4.96192133544883,4.96198975519206,4.9620866999087,4.96221190615565,4.96236525519226,4.96254586937667,4.96275443111396,4.96298908439181,4.96324893234514,4.96353523418393,4.96384373892787,4.96417767797567,4.96452976424845,4.9649063137015,4.96529860024696,4.96571074438531,4.96613741288764,4.96657827815273,4.96703423105156,4.96749860367438,4.96797376854193,4.96845416627378,4.96894319612866,4.96942798825403,4.96992290281326,4.97041898464072,4.97090954138384,4.97139922525164,4.97188354227532,4.97235752601187,4.97283251224591,4.9733038812303,4.9737523977223,4.97419191200426,4.97461746860127,4.97503576728558,4.9754431960769,4.97583747656629,4.97621799317785,4.97658235750246,4.97693437951802,4.97727296599328,4.977598686512,4.97790983991454,4.97820979656432,4.97849507537281,4.97876909852279,4.97903251261386,4.97928325228796,4.97952785905931,4.97976080330583,4.97997800540751,4.98020690044195,4.98041929433969,4.98062637120408,4.980828625371,4.98102791647719,4.98122228708688,4.98141480340756,4.98160637348401,4.98179654224089,4.98198709153754,4.98217781326755,4.98236935126862,4.98256408326159,4.98276070206866,4.98296024079062,4.98315975104685,4.98336512666615,4.98357438956428,4.98378980313127,4.98400721304465,4.98422831677787,4.9844554077127,4.9846880422614,4.98492398231057,4.98516634944914,4.98541038022307,4.98566063293173,4.98591096586467,4.98617128227639,4.98643630209632,4.98670371692639,4.98697470643266,4.98725030222636,4.98752920044692,4.98781212071475,4.9880989589257,4.9883876838147,4.98867917558508,4.98897312251388,4.98926983045843,4.98956860834071,4.9898685193973,4.99017046092737,4.9904733922379
4.97242613272924,4.97193532500117,4.97144740083029,4.97096540919877,4.97048875829467,4.97001974911331,4.96955770590479,4.96910294572585,4.96865644294835,4.96821494089153,4.96778851599943,4.9673718048061,4.96697052367574,4.96658319956512,4.96620440142952,4.96583978207836,4.96549810504697,4.9651681302017,4.96485213182794,4.96456138316255,4.96427840301518,4.96402624058434,4.96379079699322,4.96358304567113,4.96340567640865,4.96323208759087,4.96308116524069,4.96295852914579,4.96286650199308,4.96279912383363,4.96276054047808,4.96274378311536,4.96275633858016,4.96279446618302,4.96285886434828,4.96295155726435,4.96306926140568,4.96321559923396,4.96338541917928,4.96358460011726,4.96380383309501,4.96405231905306,4.96432000662102,4.96461501359756,4.96492652011051,4.96526311032482,4.96561605847825,4.96598859302708,4.96637749726725,4.96678073228495,4.96719847729218,4.96762731795458,4.96806644308059,4.96851734866644,4.96897715858026,4.96943832390034,4.96992660849423,4.97037499213881,4.97084292622101,4.97130971823293,4.97177318525384,4.97223167624105,4.97268671428124,4.97313823813133,4.97358853887874,4.97402248900601,4.97444671496306,4.97485901013039,4.97526324667427,4.97565655309275,4.97603938850986,4.97640977560516,4.97676486131259,4.9771086671125,4.97743968131699,4.97775918693361,4.97806857116379,4.97836360000001,4.97865036966832,4.97892180737211,4.97918582847216,4.97943660139257,4.97968010914259,4.97991348472875,4.98014153490214,4.98037084898425,4.9805840623867,4.98079335499037,4.98099924787928,4.98120167711605,4.9814010111914,4.98159772614887,4.98179282433698,4.98198688205258,4.98218077863254,4.98237535819234,4.98257068162549,4.98276754972192,4.98296639778876,4.98316888075582,4.98337232260549,4.98357697793365,4.98378715187063,4.98400312880532,4.98422163044003,4.98444351452399,4.98466955084195,4.98489967209507,4.98513475456884,4.98537441484619,4.9856185519795,4.98586521850655,4.98611919020595,4.98637462173089,4.98663400007343,4.98689717186644,4.98716513103871,4.98743640253386,4.98771084798933,4.98798818791194,4.98826943000107,4.98855294336507,4.98884045949447,4.98912907082982,4.98942018156712,4.9897136483277,4.99000803956782,4.99030455530329,4.99060210530316
4.97287507510782,4.97239766839146,4.9719277711057,4.97145957549912,4.97100065469544,4.97054613129739,4.97010042257939,4.96966111694715,4.96923191801274,4.96880848123136,4.9683971108617,4.96799572516751,4.96761042152849,4.96723682176191,4.96687613977482,4.96652483453658,4.96619773797087,4.96588172335103,4.96558314782617,4.96529986517421,4.96503216497578,4.96478864487254,4.9645645179709,4.96436560915653,4.96419278997467,4.96405406505361,4.96390674937234,4.9637754236287,4.96368495004647,4.96362403332733,4.96358199370457,4.96357109921486,4.96358041844329,4.96361740774311,4.96367956186732,4.96376583460728,4.96388014686012,4.96401553817971,4.96418179204165,4.9643644475069,4.96457724692203,4.96480835259268,4.96506546690483,4.96534096602529,4.96563957377535,4.96595629379727,4.96628968884207,4.96664487318243,4.96700537326877,4.96739188861977,4.96779138453654,4.96819184274795,4.96861288134323,4.96904578223397,4.96947422122479,4.96990486939972,4.97034953430529,4.97080616336645,4.97124892924331,4.97169462250896,4.9721363126847,4.97257406842926,4.97301016577443,4.97344438873181,4.97387250159222,4.97429072707024,4.97469963395659,4.97509727736756,4.97548805605735,4.9758693689283,4.97624093424264,4.97660171823135,4.97695045136903,4.97728587023654,4.97761109462029,4.97792648670465,4.97823059731939,4.97852575534673,4.97880823143895,4.97908190728867,4.97934664937705,4.97959547566112,4.97983965192476,4.98007739249955,4.98030399556601,4.9805307341448,4.98075029069102,4.98096374790989,4.98117210604178,4.9813772209328,4.98158038785003,4.98178064036289,4.98197905578358,4.98217661346558,4.98237416770973,4.98257167504664,4.98277052746186,4.98296980326516,4.98317063592254,4.98337398874228,4.98358114456565,4.98378832466,4.98399845518547,4.98421273659314,4.98443279607192,4.98465444000125,4.98488044061787,4.98511014442315,4.98534352163533,4.9855817986457,4.98582343920211,4.98606801309964,4.98631817288686,4.98657197940346,4.98682890561687,4.98708984400548,4.98735371325882,4.98762064654686,4.98789040811513,4.98816460717994,4.9884413534837,4.98871945972224,4.98900190283696,4.98928560585608,4.98957187702238,4.98986013745721,4.99014973693543,4.99044072048835,4.99073362971158
