-0.0749167232828824,-0.075116266281303,-0.0752813971882577,-0.0754096221214012,-0.0754982843128455,-0.0755405422786023,-0.0755375663259201,-0.0754869521860159,-0.0753801341246046,-0.0752196616715839,-0.075002026474198,-0.0747174603098562,-0.0743683667589433,-0.0739521139772383,-0.0734632650672767,-0.0728998742579235,-0.0722537927160419,-0.0715254943837463,-0.0707205195531561,-0.0698177154834208,-0.0688338935855561,-0.0677374286542434,-0.06654609775544,-0.0652688922461847,-0.0639104622227637,-0.0624368213130493,-0.0608313958917594,-0.0591414726993328,-0.0573502613483999,-0.0554578045386453,-0.0534634945842563,-0.0513691902569687,-0.0491687984893725,-0.0468768767844193,-0.0444908442804267,-0.0420238510655503,-0.0394865927844472,-0.0368486287719369,-0.0341307631865847,-0.0313527925386483,-0.0285119658480796,-0.0256122874569591,-0.0226738744922094,-0.019684315685031,-0.0166678582952347,-0.0136308807429163,-0.010567802238213,-0.00749971353396947,-0.00443364852555249,-0.0013711687648824,0.00166883811469237,0.0046942621079926,0.00768333956183208,0.0106341903542022,0.0135420527681582,0.0163944068637125,0.0191968278750159,0.0219243642095031,0.0245918495018786,0.0271806987488178,0.0296982825347493,0.0321274966132993,0.0344755508319639,0.036732533853401,0.0389064918992051,0.0409786317422601,0.0429692347854975,0.044857261840342,0.0466596567277293,0.04836199458736,0.0499743564715733,0.0514956117829037,0.0529203607232824,0.0542612117812971,0.0555048740430918,0.0566675953237952,0.0577368234811249,0.0587436798711936,0.0596610713157624,0.060517214419404,0.0612493631097899,0.0620425103009891,0.0625585982773856,0.0631260272865075,0.0636235455863356,0.064058318739378,0.0644217203925341,0.0647557375528824,0.0650338589579435,0.0651219993238214,0.0653915110182882,0.0655430637168187,0.0656451936898067,0.0656953973678088,0.0657091141924907,0.0656871888175076,0.0656332732793219,0.0655486403379845,0.065436887641633,0.0652993886262782,0.0651393400475545
-0.0765200055504786,-0.0767604522107217,-0.0769686452475195,-0.0771360778090315,-0.077266006474086,-0.0773496513559427,-0.0773855248474148,-0.0773742547157233,-0.0773067109532973,-0.0771851657391873,-0.0770032978599412,-0.0767534599775998,-0.0764373418036631,-0.0760516869426798,-0.075591450470809,-0.0750532531799298,-0.0744279383377646,-0.0737186805138559,-0.0729334891147946,-0.0720410957755965,-0.0710547448406676,-0.0699611634514928,-0.0687780963064986,-0.0674923401375331,-0.0661030220020246,-0.0645962374726174,-0.0629813614787864,-0.0612556089186465,-0.0594245463286442,-0.0574806885498236,-0.0554277613477206,-0.0532696011956672,-0.0510004677984257,-0.0486300525948531,-0.0461612279035405,-0.0436124561496544,-0.0409651118468031,-0.0382220833299339,-0.0353958484766581,-0.0325027096810452,-0.0295457798591181,-0.0265239240861807,-0.0234565236374849,-0.0203438953190669,-0.0171906543440285,-0.0140159251484856,-0.0108215490797265,-0.00761559686167601,-0.00441713401085484,-0.00121844360562831,0.00195695016172488,0.00510652644721867,0.00822803141408288,0.0113013435029857,0.0143307396150778,0.0172987825468846,0.0202078883999247,0.0230486149884237,0.0258109124146239,0.0284970938459878,0.031095919598745,0.0336125498565821,0.0360333765974831,0.0383635243199427,0.0405906962707252,0.0427320900697816,0.0447622863041791,0.0466980603823186,0.0485377819378247,0.0502709002799808,0.0519057191952133,0.0534497982713627,0.0548932002944412,0.0562271551363998,0.0574893764293789,0.0586565571226859,0.0597242744651797,0.0606979455510862,0.061625897608096,0.0624566305647286,0.063195358035565,0.0638385714190252,0.0644733974586263,0.0650033496276003,0.0654668838819742,0.0658568754431337,0.066212613418198,0.0665176935460298,0.0667680795893024,0.0669436920011583,0.067064305230628,0.0671156710184943,0.0672405211311817,0.0672547386164902,0.0672275967093816,0.0671708014753524,0.0670835061344431,0.0669662540659853,0.0668212259057608,0.0666492865389214,0.0664539209459961
-0.0781506516764389,-0.0784375711447362,-0.078688453226507,-0.0789025077807528,-0.0790768902622648,-0.0792046211304015,-0.0792841516916531,-0.0793149878749954,-0.0792909196080291,-0.0792111039162139,-0.0790680631116151,-0.0788569915101304,-0.0785787323598197,-0.0782267969544528,-0.0777991911677322,-0.077287512511036,-0.0766882442088518,-0.0760038127577393,-0.075229588500698,-0.0743670770299915,-0.0734271187101011,-0.072315943382723,-0.0711025085732498,-0.0698181498427164,-0.068408764497691,-0.0668721289187063,-0.0652331574053825,-0.0634784538350485,-0.0616031185868628,-0.059611922103185,-0.0575024514183366,-0.0552760475573759,-0.0529340007118135,-0.0504875843726171,-0.0479484022647985,-0.0452874372757263,-0.042529788649633,-0.0396815034920157,-0.0367458436091913,-0.0337296911062538,-0.0306453132436513,-0.0274937430888601,-0.0242842115949587,-0.0210355773031605,-0.0177399285173117,-0.0144192511455669,-0.0110848402726378,-0.00773392797153851,-0.00438907984862532,-0.00105238748487923,0.0022706316256785,0.00555620319986919,0.00881234744329125,0.0120194077607527,0.0151733892220421,0.0182687176331878,0.0212869456572614,0.0242416225577411,0.0271090786341818,0.0298966566900593,0.0325871066455782,0.0351854009717833,0.0376878559129219,0.040085059534426,0.0423819910804665,0.044574665465578,0.0466630060628997,0.0486398637969367,0.0505112478932838,0.0522816401126174,0.0539413107801553,0.0554930891435463,0.0568895178174051,0.058287753689511,0.0595671175851395,0.0607428866971375,0.0618027188715083,0.0627848024487377,0.0636759454134411,0.064487935182346,0.0652125348496061,0.0658550538237075,0.0664316297857518,0.0669440292740684,0.0673825601327885,0.0677527855787346,0.0680887529710149,0.068333471033488,0.0685341836346369,0.0686869639557367,0.0687447829802651,0.0687989116818025,0.0688669496151089,0.0688452527486241,0.0687882855164557,0.0686925458158403,0.0685657852884546,0.0684118243660414,0.0682297651825764,0.0680224451506986,0.0677911540714184
-0.0798185790728831,-0.0801500593165404,-0.0804487573884989,-0.0807097879179204,-0.0809318341220686,-0.0811064870563799,-0.081233347384766,-0.0813103723953355,-0.0813335288918941,-0.0812995050970819,-0.0811983968908467,-0.0810301589620878,-0.0807924299113855,-0.080480152870287,-0.0800891674981035,-0.0796076706397016,-0.0790363813939198,-0.0783787920975898,-0.077688715813462,-0.0767656961689273,-0.075836984505583,-0.0747060422375972,-0.0735389371299607,-0.072241441942234,-0.0708177296870463,-0.0692741321582025,-0.0676031555945355,-0.065812376371257,-0.0638970020576383,-0.0618545930002684,-0.059688673317314,-0.0573935522799159,-0.0549753124829039,-0.0524523118164703,-0.0498128858855297,-0.0470528664462249,-0.0441915071968727,-0.0412280170186691,-0.0381683265498398,-0.0350218242868872,-0.0318034838223229,-0.0285120361159577,-0.0251585464848899,-0.0217595184674973,-0.0183181470768602,-0.014845633443112,-0.0113579350655857,-0.0078529641251281,-0.00435015770075072,-0.000866587391667714,0.00260813985183758,0.00604640803279802,0.00944209720446713,0.0127910091630143,0.0160752423180278,0.0193028672928813,0.022450357424245,0.0255144825480581,0.0284949775383153,0.0313807885037984,0.03417525348281,0.0368568611543532,0.0394404327132295,0.0419108116812134,0.044276140043002,0.0465243028250738,0.048663605735206,0.0506857938099166,0.0525970338755105,0.0543925828181783,0.0560801579124401,0.0576570434857698,0.059123671005408,0.0604839057846265,0.0617206833356545,0.062894307129013,0.0639677276716513,0.06492386847401,0.0658035194656721,0.0665989842090819,0.0673036705707058,0.0679236270082008,0.0684663891297982,0.0689443141402209,0.0693529096689684,0.0696950074901349,0.0699737700145151,0.0701958914817976,0.0703639621392522,0.0704740774853549,0.0705488932918845,0.0704797284031204,0.0705249765475877,0.0704749354191853,0.070378099498547,0.0702447047079046,0.0700793113533382,0.0698844253119128,0.0696620398779458,0.0694175610749816,0.069150279618958
-0.0815135622145072,-0.0818976719729196,-0.082246096601011,-0.0825567474008209,-0.0828302237614573,-0.0830546088882643,-0.0832335272722943,-0.0833609142842649,-0.0834348289079068,-0.0834493263096399,-0.0833952624147075,-0.0832745401790617,-0.0830823479771076,-0.0828142379518928,-0.0824599617150697,-0.0820176651999105,-0.0814847332827733,-0.0808696694569873,-0.0801644088528295,-0.0791926833758137,-0.0783402721996198,-0.0772739394102257,-0.0760859162193657,-0.074786108589501,-0.0733547564023933,-0.0717968618297076,-0.0701038957361835,-0.0682779841930251,-0.0663207528850124,-0.0642236369055205,-0.0619962841575133,-0.059629348311315,-0.0572236247813276,-0.0545262230911496,-0.0517925213089745,-0.0489249919985089,-0.0459460431441041,-0.0428653196054836,-0.0396705250418697,-0.0363941961938407,-0.033027773468477,-0.0295925836703264,-0.0260866811775863,-0.0225307358458432,-0.0189312252180885,-0.0152914460883742,-0.0116376280300281,-0.00797311965266866,-0.00430247170521948,-0.000651332471652344,0.00297710586877812,0.00657427667278295,0.0101204262245857,0.0136209624550742,0.0170502943403477,0.0204074672416233,0.0236906249237084,0.026875788696046,0.0299725680169612,0.0329667215008904,0.0358595443870184,0.0386385300145044,0.0412997693287818,0.04384944261772,0.0462797777614589,0.0485919645564856,0.0507766695222167,0.0528454013716581,0.0547919529725205,0.0566219231738925,0.0583266776371586,0.0599176084345974,0.0613975886117214,0.0627582612436563,0.0640245435324232,0.0651627130572064,0.0662099293448399,0.0671224093196445,0.0680050321276178,0.0687840091095802,0.0694688301808912,0.0700628289796583,0.0705776449996125,0.0710194708497631,0.0713874954788619,0.0716978326933631,0.0719367399237871,0.0721187811954802,0.0722469885948451,0.0723132005048858,0.072325154299435,0.0722501700905589,0.0722411855020763,0.0721441953697181,0.0720006956485193,0.0718259585143972,0.0716202761226139,0.0713843143651982,0.0711223756664817,0.0708357542705251,0.0705266441837712
-0.0832414090376117,-0.0836786452570967,-0.0840793815015208,-0.0844436488856283,-0.0847701151337814,-0.0850503717671434,-0.085287203495366,-0.0854670756489728,-0.0855963222392561,-0.0856613752416433,-0.0856606806514131,-0.0855918170214051,-0.0854512368791655,-0.0852312905100996,-0.0849229042686053,-0.0845215415571153,-0.0840239889209907,-0.0834183364662172,-0.0827397899551861,-0.081918678309269,-0.0809902525002057,-0.0799403733113919,-0.078765447622259,-0.0774595849864354,-0.0760179371143996,-0.0744456295853554,-0.0727350881184074,-0.0708767824405789,-0.0688776974308901,-0.0667313588283773,-0.0644299095576414,-0.0619853599872024,-0.0593931742446512,-0.0567392413378211,-0.0538985496748532,-0.0509156902286064,-0.0478149744981518,-0.0446056757217182,-0.0412768369116494,-0.0378525202946462,-0.0343354809661883,-0.0307423869597488,-0.0270700260830109,-0.0233439440835626,-0.0195762804520112,-0.0157603423493832,-0.0119260047402181,-0.00809077564337032,-0.00424367557422084,-0.000415800828496,0.00338040862527494,0.00714645477288811,0.0108573749334234,0.0145116122975591,0.0180973013015389,0.0215950273940706,0.0250155939775525,0.0283371099914189,0.0315502599621127,0.034660860415154,0.0376538142764344,0.0405368868523701,0.0432850013239846,0.0459081482305737,0.0484060096155035,0.0507808442052168,0.0530175035117783,0.0551289272109989,0.0571099886341765,0.0589680015210091,0.0606949365214282,0.0623048170154395,0.0637795965366004,0.0651485040811162,0.0663989025549679,0.0675428114179437,0.0685745025603748,0.0694679453811783,0.0703101428418086,0.0710642805438093,0.071718542276147,0.0722816043244255,0.0727434163683735,0.0732711270511855,0.0734748627972694,0.0737608159157306,0.07395630880788,0.0740975988174121,0.0741722575449591,0.0742006336336683,0.0741883344259238,0.0741278603995625,0.0740007453499528,0.0738489591395946,0.0736594946420658,0.073438318275635,0.0731867972295609,0.0729095114973001,0.0726048774147407,0.0722776255696717,0.0719277914089926
-0.0849994715751277,-0.0854926461496541,-0.0859489734829671,-0.0863709903084701,-0.0867543700513805,-0.0870965523202537,-0.0873895752718429,-0.0876299067772751,-0.0878171566623547,-0.0879387343665539,-0.0879977169494522,-0.0879837359687904,-0.0878974109719497,-0.0877337643131277,-0.0874703929539957,-0.0871147975264908,-0.0866681562263111,-0.086116848905676,-0.0854504676369039,-0.0846656513581611,-0.0837595576105169,-0.0827257479486819,-0.0815688316520783,-0.0802686748637549,-0.0788286831760101,-0.0772348487423888,-0.0755012992426336,-0.073616697226451,-0.0715749716603056,-0.0693760558398359,-0.0670194535245228,-0.0645155548602431,-0.0618870835053452,-0.0590745291757685,-0.0561263828770127,-0.0530308270737844,-0.0498023102082941,-0.0464533471626811,-0.0429857133176655,-0.0394004144927006,-0.0357227578200072,-0.03196151293211,-0.0281129145016311,-0.0242048656034815,-0.0202510793376124,-0.0162520662455623,-0.0122281337761644,-0.00819987676342909,-0.00417087557253895,-0.000156214883222029,0.00382370791250125,0.00776697174271015,0.0116533948898933,0.0154686583509702,0.0192221725392037,0.0228768347250072,0.0264355392958055,0.0299004715100002,0.0332376246201114,0.0364700278737265,0.0395698056452457,0.0425442495657937,0.0453916127065005,0.0480889156396186,0.0506620278395366,0.0530918267530022,0.0553870269020516,0.0575383490524954,0.059557292023623,0.0614344041868303,0.0631809258338447,0.0647933304318388,0.0662908464850539,0.0676461615861224,0.068892856453983,0.0700163081849066,0.071031997217513,0.0719388087232607,0.0727410717607417,0.073451018428547,0.0740567672212828,0.0745879318589288,0.0750350735783996,0.0753535972323275,0.0756549762482712,0.075891242823304,0.0760442618114894,0.0761279868550434,0.0761620345227856,0.0761438275145927,0.0760701878675486,0.0759551444218337,0.0757862300203192,0.0755845983865479,0.0753518048428878,0.0750851958280112,0.0747867403170287,0.074459072002552,0.0741096125669917,0.0737372323570501,0.0733458486450319
-0.0867854791568448,-0.087335976183345,-0.087853108246721,-0.0883374322421072,-0.0887841355041013,-0.089190324139647,-0.0895431158477565,-0.0898492791156647,-0.0900962668973189,-0.0902838216041796,-0.090405058682513,-0.0904516646137297,-0.0904301962966387,-0.0903201045879991,-0.0901113216543612,-0.0898155408217978,-0.0894164102918191,-0.0889120659999572,-0.0882797749895992,-0.0875325024736647,-0.0866624862871848,-0.085652615892336,-0.0845066931732127,-0.0832175039365756,-0.0817798893040524,-0.0801813992699796,-0.0784238411167804,-0.0765077152691631,-0.0744214580460063,-0.0721714697821497,-0.0697556450317974,-0.0671971542853369,-0.0644533281440138,-0.0615494621717379,-0.0584909259917205,-0.0552721080417352,-0.0519171820507655,-0.0484163513198715,-0.0447963594456787,-0.0410468312040969,-0.0371954533330683,-0.0332527200294421,-0.0292219231313699,-0.0251119695858976,-0.0209617058507947,-0.0167670701730623,-0.0125411915016626,-0.00830888295327806,-0.00408196164647369,0.000132726889813545,0.00430904135158374,0.00844167622047536,0.0125154436907619,0.0165132735030585,0.0204306288386813,0.0242556345068542,0.0279626392469959,0.0315673840078785,0.0350510809754411,0.038397798065641,0.0416177738907909,0.0446896029047077,0.0476299329361422,0.0504131936093717,0.0530586885311921,0.0555513577489102,0.0578911286899891,0.0600922420833969,0.0621335952419015,0.0640421176158017,0.0658033799245288,0.0674275979962925,0.0689069058693721,0.070267896121288,0.0715004485801451,0.0726058504286126,0.0735977276695539,0.0744732113774697,0.0752419495259665,0.0758790709128463,0.0765138719361437,0.0769531124603761,0.0773552696502562,0.0776609539099754,0.0779111801181995,0.0780883772371776,0.0781833901908854,0.0782292072306367,0.078198127850213,0.078126620571986,0.0780025856626783,0.0778331161087286,0.0776147990441221,0.0773608168847216,0.0770735781127616,0.0767566072788392,0.0764097965612401,0.0760359427195271,0.075636993255556,0.0752196995785393,0.074778614712695
-0.088600257043699,-0.0892109673443519,-0.0897959405444589,-0.0903439417181415,-0.0908578939198859,-0.091327661337415,-0.0917493694041544,-0.0921225989305767,-0.0924399932075215,-0.0926964356006416,-0.0928839073455094,-0.0929963696148843,-0.0930392522852197,-0.0930294122235044,-0.0928567997459724,-0.0926133652058217,-0.0922700814511253,-0.0918182087981426,-0.0912358054936566,-0.0905248879324907,-0.0896934895749115,-0.0887170940150117,-0.0875951644551214,-0.0863135283274971,-0.0848821644889265,-0.0832842136523718,-0.081511501722446,-0.0795697907085234,-0.0774381574691888,-0.0751361974152086,-0.0726618337000966,-0.0700283173395921,-0.067197050452438,-0.0641894106298977,-0.0610113033151757,-0.057659534688183,-0.0541576959431586,-0.050508297663182,-0.0467230202681845,-0.0427989490259876,-0.0387624062057654,-0.0346254089640334,-0.0303932683099148,-0.0260790766815999,-0.0217163783482513,-0.0173087664409266,-0.0128657164796767,-0.00841590820025405,-0.00397539435457043,0.000453614409616331,0.00484266799646619,0.00917222204140413,0.0134497260047367,0.0176375240857187,0.0217299924236802,0.0257331513935767,0.0296081884463689,0.0333578427773314,0.0369807383131292,0.0404576833122457,0.0438086215609875,0.0469785993154143,0.0500164046480121,0.0528746298480978,0.0555977230519191,0.0581470692821753,0.060541497994148,0.0627856769609543,0.0648573315220973,0.0667883234166285,0.0685549101663537,0.0701822054472132,0.0716712790165264,0.0730179994725516,0.0742296082791852,0.0753132135641972,0.0762804078581942,0.0771191057197427,0.0778504190568555,0.0784807525162989,0.0790171315196603,0.0794383994716085,0.0797775498482313,0.0800259937709123,0.0802176657103135,0.0803041245095876,0.0803319446344174,0.0803731191690161,0.0802935518245684,0.0801666592972623,0.0799813226452659,0.0797495098705904,0.0794784644853176,0.0791735067263267,0.0788320054719375,0.078460388091176,0.0780603312166974,0.0776354280676996,0.077189761793814,0.076717997643694,0.0762324134355031
-0.0904409406750671,-0.0911206359576076,-0.0917719077750733,-0.0923882467564735,-0.0929725075826416,-0.0935111615275757,-0.09400683904863,-0.0944536358633447,-0.0948477053158294,-0.0951734051792094,-0.095434893125103,-0.0956170445938044,-0.0957253126507223,-0.0957238019246003,-0.0956700167756177,-0.0955151434046865,-0.0952327183145384,-0.0948310084534462,-0.0943173631368858,-0.0936578582814753,-0.092861462859905,-0.0919250745688012,-0.0908355166945012,-0.0895783669140242,-0.0881454227973345,-0.0865529520417249,-0.0847693632582621,-0.0828031345074778,-0.0806395534654256,-0.0782849172210864,-0.0757552542758147,-0.0730373817451228,-0.070122720525147,-0.0669996281290814,-0.0637015307682541,-0.0602194234953764,-0.0565688892910107,-0.0527519879661496,-0.0487873980045526,-0.0446749277875196,-0.0404386458209059,-0.0360932716169156,-0.0316432798395747,-0.0271108812481678,-0.0225179035635073,-0.0178785392562925,-0.0132019626258638,-0.00851761979583095,-0.00384620070915889,0.000807920851685379,0.00542311802832291,0.0099710027817084,0.0144620315175279,0.0188508092450756,0.0231313277449197,0.0273183887058167,0.0313680863493362,0.0352813469236305,0.0390467915895929,0.0426691416752153,0.0461244679170551,0.0494238072121413,0.0525499409600069,0.0555107707097009,0.0582988017525068,0.0609112411165903,0.0633532507354685,0.0656363040740108,0.0677306186212722,0.0696835779280006,0.071463448940225,0.0730892085924724,0.0745640935788768,0.0758950800920008,0.0770856772972331,0.0781394406661415,0.0790793917666762,0.0798793271787949,0.0805627454131278,0.0811431145527316,0.0816167997458658,0.0819879646632879,0.0822816197917362,0.0824784700028759,0.0826044992123539,0.0826521686580592,0.0826439643874032,0.0825569811831204,0.0824224308578889,0.0822440557838555,0.0820061258039776,0.0817112528469031,0.0813828355102224,0.0810187003933741,0.0806214229283758,0.0801913185685499,0.0797369567861854,0.079255263711588,0.0787560403214394,0.0782381040644726,0.0777025402497277
-0.0923068351962642,-0.0930574066530156,-0.0937764967375892,-0.0944675462723051,-0.0951225841212643,-0.095740992644554,-0.0963139617933656,-0.0968412885684917,-0.0973107551938081,-0.0977181758583806,-0.09805629981493,-0.098326823331859,-0.098526285443822,-0.098623927785176,-0.0986201257939431,-0.0985293163257929,-0.0983091111569972,-0.0979842794179306,-0.0975233533891819,-0.0969268606830821,-0.0961804010225132,-0.0952834836414994,-0.0942345115350796,-0.093010724213,-0.0915949564110039,-0.0899959274918413,-0.0882101319411999,-0.0862189740004235,-0.084034859772763,-0.0816256620144952,-0.0790468237561276,-0.0762309690440347,-0.0732164708093735,-0.0699937342313086,-0.0665642492548143,-0.0629405846211296,-0.0591343952641759,-0.055147634368522,-0.0509932755196362,-0.0466801584713951,-0.0422308757192869,-0.0376623323435948,-0.0329783186625997,-0.0282053445213834,-0.0233662588235274,-0.0184797836630272,-0.0135518240259295,-0.00861786959963302,-0.00369446533379502,0.00120380878874183,0.00605830926506269,0.0108341082628891,0.0155428027328889,0.0201487949467639,0.0246591548401678,0.0290324681428752,0.0332615038501702,0.0373503142705451,0.0412802400736694,0.0450414999543146,0.0486249169392278,0.0520354043639276,0.0552611494999079,0.0583071341918637,0.0611705506925346,0.0638491775200063,0.0663362029487865,0.0686502048271011,0.070779586721235,0.0727304010778748,0.074519927217199,0.0761429571444812,0.077607884967681,0.078917382690334,0.0800799454516844,0.0811009162703721,0.0819862155842134,0.0827463525049652,0.0834058955294095,0.0839008108023391,0.0843220788038445,0.0846445259040471,0.0848752420197324,0.0850075450191053,0.0850607064728052,0.0850507187894401,0.0849882871732084,0.084812967474172,0.084567976673475,0.0843765766450488,0.0840662250203022,0.0837163257600269,0.0833225830368203,0.0828940759520675,0.0824331189341525,0.0819530740763895,0.0814368421912493,0.0809021066452202,0.0803446053450253,0.0797705286401532,0.0791837116062903
-0.094196668275098,-0.0950174755159425,-0.0958119412039622,-0.0965800198371682,-0.097316999656702,-0.098016701849341,-0.0986714544899242,-0.0992852241393756,-0.0998394649079876,-0.100329720741514,-0.10076080474168,-0.101118677249061,-0.101395576482033,-0.101585634935018,-0.101662311270924,-0.101653014558261,-0.101518573649053,-0.101266440581904,-0.100874706183585,-0.100341025956406,-0.0996648709461167,-0.0988223688372627,-0.0978008039185388,-0.0966192933009655,-0.0952291022550963,-0.0936439425755647,-0.0918516124781173,-0.0898389835517742,-0.0875921121674486,-0.0852934398855546,-0.0825728624308632,-0.0796459090261086,-0.0765259855807745,-0.0731906215798556,-0.0696270780140049,-0.0658533425851315,-0.0618754926837609,-0.0577083228664108,-0.0533515222571934,-0.0488238616669244,-0.0441465411380482,-0.0393384923578554,-0.0344037856961301,-0.0293706972336283,-0.0242693454522852,-0.0191239499246412,-0.0139207345730423,-0.00871275068797103,-0.00353307224395125,0.00163539545077953,0.00673603638203977,0.0117890729552815,0.0167477607689485,0.0215892703449587,0.0262986254333006,0.0308864435725754,0.0353253337727728,0.0395729210088003,0.0436773245631849,0.0475926419402512,0.0512936336173553,0.054829527871128,0.058168959405407,0.0612957597186611,0.0642264995099697,0.0669666436775919,0.0694997711972783,0.0718307753692156,0.0739946833813365,0.0759590641585814,0.0777420951473966,0.0793559704871154,0.0807957846442299,0.0820776989308908,0.0832121601936394,0.0841908874464943,0.0850390940022657,0.0857421943818374,0.0863226949341178,0.0867740659595345,0.0871254684933119,0.0873834088311174,0.0875546389619262,0.0876193674367723,0.0876052741722061,0.087533406646744,0.0873417836174098,0.0871043821940627,0.0868182780110954,0.0865506828932543,0.0861704292287023,0.0857527790175016,0.085298261621956,0.0848046899381109,0.0842925161065435,0.0837289331698577,0.0831583060436353,0.0825639320589904,0.0819510488435092,0.0813219906637879,0.0806783796187893
-0.0961061134447637,-0.09700225392985,-0.0978806794260698,-0.0987283090331347,-0.0995509311455901,-0.100332015878491,-0.101078843013926,-0.101776873093669,-0.102425403383371,-0.10300659077173,-0.103539336873124,-0.103990990732383,-0.1043591747236,-0.104635355361914,-0.104812009042306,-0.104886917287608,-0.1048488489329,-0.104675679313161,-0.104369730030815,-0.103911351538206,-0.103293935997311,-0.10252146880276,-0.10155271664151,-0.100410576659243,-0.0990575042607318,-0.097494993016861,-0.0957049351284449,-0.0936789862204683,-0.0913794166947233,-0.0887762764778093,-0.0862493207760307,-0.0832888971232569,-0.080063139290992,-0.0766047815259302,-0.0728926445440877,-0.0689680579523752,-0.0648099321912621,-0.0604494070750965,-0.0558762429331503,-0.0511193463979319,-0.0461975935644832,-0.041132142110668,-0.0359289463196998,-0.0306187423772199,-0.0252340152320885,-0.0197936956228547,-0.0142984792184309,-0.00881386346258435,-0.00333149252673126,0.00212775605157689,0.00752605330101133,0.0128376737710822,0.0180486431766098,0.0231460119186175,0.0281070245199445,0.0329013335309065,0.0375400175214282,0.0419981814649914,0.0462543932257788,0.0503192932915608,0.0541778230977325,0.0578197644512824,0.0612505914532525,0.0644873291718078,0.0674856916952514,0.0702662008190571,0.0728568835473538,0.0752313175128025,0.0773946292406841,0.0793660434986564,0.0811460817009181,0.0827403977420264,0.084163554983589,0.0853987633756074,0.0864889874833995,0.0874118790356279,0.0881990339304397,0.0888458890762428,0.089352186730963,0.089753005139695,0.0900295505960895,0.0902148112042139,0.0903145564729742,0.0903266151052258,0.0902609041366521,0.0900938447202681,0.0898081247834651,0.0895286071256303,0.0891988757040417,0.0887820751880759,0.0883308102422788,0.0878420962943904,0.0873103818988272,0.0867524151734664,0.0861564395054873,0.0855427261232137,0.0849038735893881,0.0842460216266787,0.0835722293079086,0.0828835739946897,0.0821847148541658
-0.0980338211354929,-0.0990131049448559,-0.0999706075872106,-0.100905656667799,-0.101813066535755,-0.102686060889974,-0.10353169309197,-0.104323259847624,-0.105068906283076,-0.105751426473665,-0.106383920005476,-0.106933176028575,-0.10739791370417,-0.107780540190119,-0.10806827532643,-0.108244812577779,-0.108301130737438,-0.10821856380873,-0.10800649497896,-0.107636001236948,-0.107103691017195,-0.106396253105205,-0.105493156446834,-0.104405812408851,-0.103093529352378,-0.101559370223648,-0.0997814753423559,-0.097746890413511,-0.0954965124382759,-0.0930096925437787,-0.0901901585760854,-0.0871653434835328,-0.0838459653585643,-0.0802645839629531,-0.0764063623331506,-0.0723084601327998,-0.0679619852101631,-0.0633875907083374,-0.0585863694648984,-0.0535839395378352,-0.0484025869472562,-0.0430685149343382,-0.0375758877576005,-0.0319591686057912,-0.0262741174761481,-0.0205138110808329,-0.0147105689048573,-0.00888294279882499,-0.00307686001210075,0.00268064946811716,0.00838144695420194,0.0140059075811415,0.0194773775876472,0.0248411457357812,0.0300595832049761,0.0350796652226356,0.0399442967975829,0.0445905209959219,0.0490162113597056,0.053255853196522,0.0572574009416332,0.0610149275343234,0.0645689425636208,0.0678777099424751,0.0709558860049964,0.0738104536763246,0.0764228991673926,0.0788127695197317,0.0809848220111506,0.0829609099541563,0.0847390221093583,0.0862959931439551,0.0876778209239256,0.0888807569080577,0.0899221435777418,0.0907914719682322,0.0915181687043738,0.0920806554769714,0.0925252631901274,0.0928408582012871,0.0930532699120068,0.0931528955967454,0.0931724539246052,0.0930857760060938,0.0929200886226956,0.0926318503112533,0.0923612029586552,0.0919208842551097,0.0914142339194947,0.0910483372880826,0.0905316825782228,0.0899603076878061,0.0893532591053694,0.0887195544543815,0.0880584226634986,0.0873728030464891,0.0866667850736559,0.0859428425095334,0.0852074857297111,0.0844617130239625,0.0837071218648091
-0.0999757002782676,-0.101038207648531,-0.102080749661767,-0.103106105433116,-0.104105694173603,-0.105080330897928,-0.106024541206016,-0.106910061591561,-0.10775836279886,-0.108550957361573,-0.109291789166555,-0.109950038223408,-0.11053755929996,-0.111030111166922,-0.111431984792402,-0.111719407445397,-0.111880181584087,-0.111912321552628,-0.111801196302651,-0.111530256557027,-0.111086095550759,-0.110457666275711,-0.109627875620915,-0.10861660582112,-0.107352442586453,-0.10585085742118,-0.104097896830357,-0.102075732216732,-0.0998098408668812,-0.0972817493798674,-0.0944328312497035,-0.0913151277689042,-0.0878814084463186,-0.0841694668168256,-0.0801825249923808,-0.0758992292743986,-0.0713569908818562,-0.0665472609367338,-0.0615016356669736,-0.0562435473970172,-0.050777049477838,-0.0451331221223083,-0.0393392627638036,-0.0333996108837314,-0.0273810198962578,-0.021235881256044,-0.0151023660320801,-0.00893453707892459,-0.00278016410996893,0.00332164087414762,0.00934456924895365,0.015266955940934,0.0210523433684711,0.0266878266589585,0.0321609671848443,0.0374507023549517,0.0425271849048032,0.0473969332564948,0.0520170871265508,0.0564086475867899,0.0605631412678647,0.0644596252795503,0.0681033089904587,0.0715108770019165,0.0746598157795733,0.077548511086317,0.0802023495578558,0.0826060553655533,0.0848025078752311,0.0867696293646795,0.0885000366112879,0.0900474024426579,0.0913917483279781,0.0925502076262348,0.0935115978649041,0.0943122061023031,0.0949502902030351,0.0954477117376008,0.0958168810689862,0.0960675193756678,0.0961879669631413,0.0962040285636449,0.0961969080925149,0.0959167692621822,0.0956127291939583,0.0952745315234959,0.094924112234121,0.0944867358344127,0.0938717144492598,0.0933493980685257,0.0927597294904942,0.0921126847543857,0.0914316933509827,0.0907173170195279,0.0899784127994881,0.0892195636152778,0.0884458122947021,0.0876530281676955,0.08685715141441,0.0860425854997207,0.0852201912850118
-0.101928054981263,-0.103074372512434,-0.104213393107675,-0.10533254204886,-0.106434305559051,-0.107509808894089,-0.108552515791813,-0.109554375471591,-0.110507841739782,-0.111416396413748,-0.112273686876518,-0.113057524137454,-0.113768882906028,-0.114380525338752,-0.114903016635713,-0.115311812638819,-0.115594222942878,-0.115748212154014,-0.115752144040787,-0.115604444588288,-0.115259004972069,-0.114725209077815,-0.113975829919822,-0.11305370411566,-0.111861587523195,-0.110391027788397,-0.108672961062108,-0.106687615872155,-0.104403323839859,-0.101843752104964,-0.0989484665806171,-0.0957432671170663,-0.0922112023401589,-0.0883622824502113,-0.084225443582879,-0.0797583760271555,-0.0750051558200837,-0.0699623873736464,-0.0646580060872757,-0.0591137446107495,-0.0533422737729581,-0.0473714643887191,-0.0412071018669157,-0.0349236352265758,-0.028514111263111,-0.022039119519172,-0.0154842985416494,-0.00895631543339331,-0.00243812108141833,0.0040483407569879,0.0104009985169459,0.0166423433877826,0.0227735986762324,0.0287057420183117,0.0344730189343272,0.0400199872269965,0.0453276337137237,0.0504207309730332,0.0552499775282021,0.0597998106304227,0.0641159953659126,0.0681518799547819,0.0719010552058269,0.0753895513175325,0.0786039300082145,0.0815280250246536,0.0842241092231154,0.0866520473323128,0.0888184886362628,0.0907583137106231,0.0924868842180052,0.0939783020615914,0.0952610681057098,0.0963490897222187,0.0972574119695511,0.0979777449735165,0.0985332082186582,0.0989638422076859,0.0992373081021209,0.0994041256560949,0.0994242807956781,0.0993366673285035,0.0991097831820382,0.0988736499731456,0.0984748467818144,0.0980613273373328,0.0975741213293178,0.0969800502639055,0.0963616838452748,0.0956586443128864,0.0950508067185141,0.0942934486076598,0.0935280628824869,0.0927383102000713,0.0919218835677232,0.0910847742785442,0.0902330853973729,0.0893808059340955,0.0885060532290597,0.0876298054562188,0.0867499929597965
-0.103891550043366,-0.105132319938197,-0.106364507881489,-0.10758222846806,-0.108785454635068,-0.109964841185862,-0.111128702712044,-0.112235593491462,-0.113310365757113,-0.11434600011392,-0.115332850146111,-0.116242307301467,-0.117082476104069,-0.117827780202924,-0.118481165903925,-0.119026015215688,-0.119454082472921,-0.119732153224404,-0.119865121363818,-0.119832993257749,-0.11961971588893,-0.119200789052239,-0.118565781557553,-0.11770913781902,-0.116617562629934,-0.115206383880216,-0.113530885415692,-0.111571819520983,-0.109310053562408,-0.106940244442688,-0.103799410400559,-0.100494195889927,-0.0968599924778756,-0.0928785044306565,-0.0885764573065524,-0.0839255815573078,-0.0789481830955833,-0.0736589713745602,-0.0680567907266358,-0.0622044871864181,-0.0560910301139126,-0.0497978126418371,-0.0432452224507519,-0.0365726311337648,-0.0297539600645927,-0.0228300275298174,-0.0158906467903414,-0.00896956968717849,-0.00203615525042198,0.00483863212175855,0.0115388045914339,0.0181670168324729,0.0246604450535266,0.0309100701697232,0.0369895857153851,0.0428096803987214,0.0483718935833722,0.0536975735995639,0.0587370881220975,0.0634760499539892,0.0679184979141515,0.0720993172506305,0.0759624525294201,0.0795308508715555,0.0828045944363996,0.0857874417939018,0.088491441828052,0.0909329239632169,0.0930980616115489,0.0950119114514494,0.09669034509572,0.0981190258738136,0.0993534405227674,0.10035685674231,0.1011965944436,0.101844610675254,0.102389311206781,0.10262773668027,0.102798424309629,0.10284060526043,0.102763745013306,0.102566726296952,0.10226804437651,0.101841977493717,0.101418127382056,0.100802887717253,0.100263960799402,0.0995852209838269,0.0988612998326158,0.0980926054937453,0.0973518914338489,0.0965181878131253,0.0956566173149177,0.0947759856185989,0.0938787896043187,0.0929694761052076,0.0920467724087595,0.0911025563090314,0.0901654568950452,0.0892225592211442,0.088277248086032
-0.105860093592859,-0.1071965758029,-0.108523517806945,-0.109846685449166,-0.111154024318322,-0.112450821001573,-0.113733290533133,-0.11496457535031,-0.116159003780826,-0.117328853880928,-0.118440709196029,-0.119498778032978,-0.120475972850833,-0.121374366180927,-0.122176737054239,-0.122867616911041,-0.123447043507569,-0.123862235367318,-0.124148980265119,-0.124254475618852,-0.12417797796449,-0.123902964809435,-0.123333501439788,-0.122675094071786,-0.121627001173117,-0.120315314033204,-0.118691108446413,-0.116768605332922,-0.114451971425321,-0.111951247775042,-0.108947569860927,-0.105589669057235,-0.101858678194157,-0.0977352903149816,-0.0932669244613176,-0.0884213696605263,-0.0832173980998672,-0.0776699322155745,-0.0717856487940216,-0.0655537268698744,-0.0590639888061134,-0.0523464811990792,-0.0454000445991878,-0.0383216135307795,-0.0310402803145965,-0.0236744289606972,-0.0163259581639943,-0.00893015188532652,-0.00158622807149927,0.00569632231259703,0.0128397298066552,0.0198640555365443,0.0267059968601334,0.0333298490624576,0.039711103101352,0.0458414927026723,0.051688498320396,0.0572409139919381,0.0624994626451999,0.0674313492334297,0.072044645267841,0.0763464941185408,0.0803292642790584,0.0839604611755157,0.0872932712424851,0.0903204889180947,0.0930413528093762,0.0954633024694187,0.0976222189641525,0.0994932469648262,0.101128162309312,0.102507477767656,0.103649531431321,0.104564544766796,0.105244940167777,0.105829463141954,0.106241467329423,0.106414043079176,0.106477744842231,0.106401676185167,0.106207079249839,0.105895586236544,0.105489145621015,0.104977824408181,0.10440666366072,0.103782436004314,0.103070101922209,0.1022781611846,0.101423221996488,0.100485822431964,0.0996815645336065,0.0987577201415824,0.0978126185485713,0.0968453598202774,0.0958644974631911,0.0948652750892274,0.0938567214990246,0.0928453402266704,0.0918322629325071,0.0908167572401648,0.0898053597994693
-0.107823934661097,-0.109255863689107,-0.110691415405456,-0.112121746262447,-0.113547954823662,-0.114957185872155,-0.116347553653578,-0.117679332533315,-0.119041348753416,-0.120368294207512,-0.1216228005422,-0.122823436588495,-0.123952328460383,-0.12499938642881,-0.125964460594766,-0.126826530565404,-0.127556909223302,-0.128155590520611,-0.128600814805871,-0.128871424790316,-0.128954660193844,-0.128815231010333,-0.128414132942121,-0.127729734642609,-0.126920912841756,-0.125722086528892,-0.124169308307141,-0.122287071378664,-0.120167968365309,-0.117532748237227,-0.114480891458237,-0.111081643090645,-0.107241462190065,-0.102993236469639,-0.0983342842156879,-0.0932889639850678,-0.0878102625786154,-0.0819662577958238,-0.0757366500743373,-0.0691562872520054,-0.0622714505326272,-0.0551292651419593,-0.0477645216760894,-0.0401576223455825,-0.0324186549741205,-0.0246036858403413,-0.016747013213325,-0.00886719234482143,-0.00106459126489536,0.00666600033540058,0.0143027394173511,0.0217211427250746,0.0289682956996546,0.0359785700518055,0.0426891377886474,0.0491538329344227,0.0553005902521029,0.0610937234738304,0.0665645110794661,0.0717207694910747,0.076509232097301,0.080908005847654,0.0850032807066726,0.0887229438024019,0.0921061310312106,0.0951709371578456,0.0978867999452155,0.100298242073449,0.102434271485923,0.104266456331585,0.105819005466024,0.107091728695313,0.108164011623827,0.108981439876878,0.109628157989998,0.110139570091154,0.110301753173529,0.110364920199667,0.110297994559289,0.110088777630339,0.109757682399762,0.109325845899946,0.108797773254873,0.10815843048421,0.107446136789614,0.106661893361744,0.105843528958802,0.104948249132943,0.103918562920523,0.103024840802067,0.102040681888882,0.101022620061592,0.0999864088428335,0.0989321397972147,0.0978401218928734,0.0967600295031905,0.0956762416704651,0.0945871441779187,0.0934965825919752,0.0924102194601907,0.091328479381527
-0.109789217157525,-0.111322299491862,-0.112864036004672,-0.114405196246598,-0.115948266740077,-0.117478545871834,-0.118993476014256,-0.120509375923444,-0.121998753309471,-0.123449515833131,-0.124851969450297,-0.126213901653546,-0.12751841557725,-0.128735941930832,-0.129869569218207,-0.130907486573442,-0.131827867799794,-0.132601988979342,-0.133224823866011,-0.133670571367759,-0.133911915807385,-0.133959489755485,-0.133689145926751,-0.133279428371702,-0.132531585522832,-0.131276191974876,-0.130012867440626,-0.128001245876696,-0.126067693972151,-0.12347373407313,-0.120404471251025,-0.116964658525828,-0.11303125722986,-0.108642663855058,-0.103828478714204,-0.0985552339094533,-0.0928035767943905,-0.0866466721517395,-0.0800303504710053,-0.0730890891680599,-0.0657539032752151,-0.0581474401575083,-0.050271477340143,-0.0421435967982108,-0.0339261190426215,-0.0255731898422489,-0.017194150497054,-0.00877180174997788,-0.0004445050504647,0.00777517393404834,0.0159014326813595,0.0237883234116562,0.0314654666299332,0.0388540423893035,0.0459861919484875,0.0527685465450168,0.0592252405543913,0.0652896753135489,0.0710170569448424,0.0763369960378875,0.0812955844433011,0.0858724080290297,0.090050207467582,0.0938247587381662,0.097269359612528,0.10033723610262,0.103083655466323,0.105461560261554,0.107530470627576,0.109275742540962,0.110769743649393,0.111959062562151,0.112910176277686,0.113612577789304,0.114158868065172,0.114362034267688,0.114519549369454,0.114456330324731,0.114251055622473,0.113919929665539,0.113436811281233,0.11285327756844,0.112181629204767,0.111420513114679,0.110581029301464,0.109670594499835,0.108705675381432,0.107674400082551,0.106594542691072,0.105490208185968,0.104438394752686,0.10331274265875,0.102179585682059,0.101012230056008,0.0998424471784153,0.0986710852772949,0.0974961331435787,0.0963242438632755,0.0951604889685441,0.0940011157315279,0.0928495218308777
-0.111741567274385,-0.113381380579179,-0.115028535867461,-0.116688326345144,-0.118353278978996,-0.120020761385896,-0.12168542755771,-0.123338510763412,-0.124967781689969,-0.126573120109163,-0.128146867908873,-0.129673110322288,-0.131148853890255,-0.132556485552702,-0.133879576203338,-0.135105364804205,-0.136221715445012,-0.137187910312758,-0.138009733987004,-0.138678505351717,-0.139123463142088,-0.139321706043289,-0.13917014249764,-0.13907105836322,-0.138413798995435,-0.137548406930347,-0.136283853805157,-0.134535138493632,-0.13239925885053,-0.12978357063514,-0.126791501231562,-0.123321793675058,-0.119275604453008,-0.114772809099812,-0.109775057758933,-0.104244721047344,-0.0982018714239322,-0.0917020877773815,-0.0847497297276595,-0.0773558741241959,-0.0695740099009067,-0.0614280914960517,-0.0529841856401461,-0.0443153175067271,-0.0355287574521656,-0.0265985874793791,-0.0176148205907022,-0.00864269327835159,0.000277675544994347,0.00905316607035547,0.0176820967197059,0.0261168794559437,0.0342264258384487,0.0420933503143799,0.049626217888395,0.056752466130398,0.0635074881277824,0.0698777433632987,0.0758306230209347,0.081362527323105,0.0864971313462308,0.0911906186286147,0.0954712556496312,0.0993508934737594,0.102798855596968,0.10587009360505,0.108571525825408,0.110929273373452,0.112937597661479,0.11460457218779,0.11597089679774,0.117054274254558,0.117876141635981,0.118446241197875,0.118803115663214,0.118947149447032,0.118925785709735,0.118755660263943,0.118346749025581,0.117857944657371,0.117240888052018,0.116500868644127,0.115668665903476,0.114751812659732,0.113768678156476,0.112719716768834,0.111627113200888,0.110458599304268,0.109344975272449,0.108083331183471,0.106860969256084,0.105630753020562,0.10437402761585,0.103110448450889,0.101848178835024,0.100581672940326,0.0993182903159097,0.0980610399766151,0.0968127745959132,0.0955773471208708,0.0943556640350333
-0.11367923679187,-0.115425443512665,-0.117192580939247,-0.118971078097513,-0.120766641898676,-0.122569559835553,-0.124371055783465,-0.126166790569959,-0.127964040135618,-0.129728705542901,-0.131480474149604,-0.133184697808256,-0.134849500444463,-0.136459718382589,-0.137981694943837,-0.139415513513821,-0.140747399501553,-0.141942356169104,-0.143053480642217,-0.143898415276232,-0.144522114902184,-0.144995287108013,-0.145196150963491,-0.144937696732018,-0.144603552249377,-0.143889014184224,-0.142803283194438,-0.141246505619696,-0.139139101912887,-0.136252259462596,-0.133675756805956,-0.130154645288078,-0.126023837587121,-0.121446685431894,-0.116232483254805,-0.110394226257644,-0.104087576940598,-0.0972222591296343,-0.0898656630733167,-0.0818234231329343,-0.0736556890927474,-0.064982512339679,-0.055943845363708,-0.0466749469615609,-0.0372775771818782,-0.027678961967916,-0.0180317772749957,-0.00844045689876063,0.00109629599928478,0.0105286180234388,0.0197038234488097,0.0286579404318041,0.0373361872108584,0.0456279724291617,0.0535655350282704,0.0611435451031879,0.0682331179540886,0.0748965997927289,0.0810897993444271,0.0868501497372775,0.0921244209598666,0.0969438065060534,0.101295996797928,0.105209843051285,0.108704706104747,0.111771097591861,0.114434284645945,0.11671516997309,0.118618211061765,0.120174969689212,0.121462615918105,0.122413108598442,0.123100525145452,0.123473988713205,0.123705059957595,0.123692909410548,0.12349514405984,0.123116668433031,0.122569036231372,0.121925470476987,0.121140346851822,0.120227889716241,0.119238536454886,0.11816556584975,0.117019904489403,0.115826154054266,0.114578394617203,0.113302260291579,0.111964791122403,0.110584415501129,0.109215209377532,0.107938666316147,0.106586749377133,0.105214259608813,0.103843399696035,0.102482908705623,0.101131864252881,0.0997920609104439,0.0984595821917577,0.0971450430502534,0.0958463375432845
-0.115597770030589,-0.117453654467945,-0.119333998770638,-0.121239266427689,-0.12316066548822,-0.125104938527933,-0.127052495210397,-0.129012918015435,-0.130959566356868,-0.132906178962009,-0.134842881281863,-0.136748581842842,-0.138607370215797,-0.14042081508127,-0.142175920185023,-0.143831486073985,-0.145398830247111,-0.146873382398264,-0.14813781554529,-0.149186052959337,-0.150168509464249,-0.150881992147579,-0.151358888416529,-0.151496803970456,-0.151314606359619,-0.15076383594405,-0.149801181817173,-0.148394687269123,-0.146490626404136,-0.144050188918935,-0.140910257761726,-0.137478555907019,-0.133407430252783,-0.128661415638338,-0.123230102799271,-0.117212955596362,-0.110716067528372,-0.103155456470086,-0.0953510760399878,-0.0869526722160911,-0.0781749011357218,-0.0687334276136181,-0.0588743963710967,-0.0492968442993664,-0.0391470475610385,-0.0287092991321877,-0.0184762883440175,-0.00810298103607862,0.00208222553865915,0.0121590860510219,0.0219924885542389,0.0315482781943849,0.0407320665971214,0.0495733342239588,0.0579887098730172,0.0659178601765127,0.0733421964505417,0.0803450612094718,0.0868160423121548,0.0927409152652069,0.098160359028406,0.103100680137989,0.107538855064449,0.111503945458116,0.114993812836931,0.118038040996444,0.120623735960762,0.122833744651682,0.124656672312151,0.126102250493488,0.127227796573501,0.128053682840626,0.128672150940792,0.128830405842557,0.128826236751306,0.128620582838852,0.128224277365667,0.127642021454492,0.127091018798834,0.126106341991954,0.125125417425093,0.12405129220991,0.122887411272891,0.121647299597528,0.120328669915788,0.118973247048856,0.117577839370777,0.1161554470573,0.114711704196742,0.113239700807557,0.111745800282477,0.110270527905066,0.108786998090508,0.10731258484445,0.10584165565017,0.104376750589004,0.102929107365996,0.101500195925016,0.10008781084415,0.098695769764888,0.0973234189384688
-0.11748251931468,-0.119450792049302,-0.121453590899029,-0.123484788028806,-0.125549195451982,-0.127635380021647,-0.129729043391649,-0.131857434019147,-0.133981426460993,-0.136105855427011,-0.138233689487471,-0.140343441344823,-0.142418553023233,-0.144456814137447,-0.146444016202279,-0.148350772270224,-0.150156146595223,-0.151881754267524,-0.153445017195804,-0.154854956853795,-0.156035166937064,-0.157010033532904,-0.157891226643836,-0.158208668369395,-0.158290993789953,-0.157983785466028,-0.157248394941901,-0.156036624863074,-0.154304361637504,-0.152012496846384,-0.149119033046225,-0.145584998254121,-0.141366876987359,-0.13648929841177,-0.130890209222832,-0.124569682140119,-0.117515656515561,-0.109574878046172,-0.101404163889832,-0.0926147808136098,-0.083012762471859,-0.0732413540876238,-0.0626475476967693,-0.0522136495651216,-0.0410852792767362,-0.0298991696721023,-0.0187499968405479,-0.00779755255251078,0.00328146006388083,0.0139891923696421,0.024569044213807,0.0347186735453813,0.0445381497640724,0.0539436522252823,0.0628256236525228,0.0711379564776827,0.0789886303530178,0.0862564039765656,0.0930186474733735,0.0991425513539467,0.104702760192116,0.109770522331576,0.114258446931113,0.118283989580526,0.121717281173216,0.124743234244464,0.127278301682642,0.129360465376485,0.131052506261871,0.132368686631919,0.133331857046126,0.133936628692587,0.134209487869104,0.134335386961319,0.13416100338173,0.133748392690495,0.133157246686429,0.13239190466762,0.131488311401043,0.13040401292652,0.129230540131713,0.127958645105567,0.12660831445371,0.125181803578487,0.123699990802766,0.12216685140614,0.120616911259636,0.119032782411529,0.117450418103342,0.115754746324804,0.114168453792027,0.112612141669403,0.110996768662864,0.109398769564681,0.107823085433553,0.106256683325789,0.104711707712661,0.103186443084331,0.101691298482109,0.100217674007328,0.0987635568730754
-0.119343786335281,-0.121425515770366,-0.123547578119391,-0.125712478391932,-0.127911061923343,-0.130144733497414,-0.132393126267588,-0.134697346726446,-0.136988099397463,-0.139311907331722,-0.14163862507225,-0.143961716615151,-0.14627635952614,-0.148545147999506,-0.150776123472814,-0.152974085998642,-0.155069166531396,-0.157069411494769,-0.158936931985858,-0.160661090670315,-0.162173645161524,-0.16350992492077,-0.164571599104032,-0.165266601610749,-0.165660646012955,-0.165639638023103,-0.165179930340269,-0.164206034682843,-0.162683784280125,-0.160549793702435,-0.157754401502783,-0.154280329753281,-0.150042550063548,-0.145054115010255,-0.139264004690141,-0.132681711466127,-0.12530455226162,-0.117159843240558,-0.10827368819221,-0.0986890014197285,-0.088502451658282,-0.0777835187677344,-0.0665610883244217,-0.0550023876534283,-0.0431238930937209,-0.0310076631582642,-0.0189965016536711,-0.00742697796531745,0.0046717181238097,0.0163870775148712,0.0276195263687346,0.0383278168549007,0.048843816885176,0.0588027017264498,0.0680628080889622,0.0768714780048844,0.0851742294351127,0.0926688966236624,0.0996334263982876,0.106196254949327,0.111890403633561,0.117027552126914,0.121575649672569,0.125498134162266,0.128959027251996,0.131932105917401,0.134322724303929,0.136288406750973,0.137741769688279,0.138909353063354,0.139731234666215,0.140207530111752,0.140221346847574,0.140122720583454,0.139716564258066,0.139060491095593,0.138248407913667,0.137227950147185,0.136074640256499,0.134839532164953,0.133412260950783,0.131963169818782,0.130391185604444,0.128774662058428,0.127106427454211,0.12539910237781,0.123674555500078,0.121928388100317,0.120184184637937,0.118389576339658,0.116540952787,0.114887762068721,0.113182393511792,0.111474030521371,0.109776194290459,0.108109775730034,0.106472137147801,0.104854379739389,0.103274722147115,0.101712807188763,0.100193098162185
-0.121155900115055,-0.123351715769786,-0.12559746403589,-0.127892860618767,-0.130238902956049,-0.132621131363308,-0.135037688128313,-0.137519681486809,-0.139921456460831,-0.142500748637503,-0.145049683810478,-0.147596075903448,-0.15014631288568,-0.152681593229267,-0.155188699917395,-0.157666768316508,-0.160068840529966,-0.162395536424636,-0.164589498218966,-0.16664492466568,-0.168474949119666,-0.170251456995842,-0.17154131648488,-0.172676599788291,-0.173422251310194,-0.173748447360316,-0.173607664824136,-0.17293345717549,-0.171664629407823,-0.169744443573904,-0.167098672832065,-0.163698187333762,-0.159473085578609,-0.154397689706177,-0.148427210898807,-0.141566331612136,-0.133806251908825,-0.125170161336265,-0.11569881014375,-0.105438858102166,-0.094481041804979,-0.0828982708954591,-0.0708005129753802,-0.0582919859686171,-0.0455083361534155,-0.0325375639490505,-0.0195367347925576,-0.00659116440047937,0.00617718517007117,0.018691208304945,0.0308391841483474,0.0425780957636008,0.0538783331712801,0.0641935703633538,0.0739196614761304,0.083483831641334,0.0921427683999482,0.0998697816686864,0.107372783139571,0.113805730826564,0.119603327648389,0.124777230063327,0.129431712599005,0.133348693638482,0.136794684884805,0.139380207641254,0.141634101282873,0.143732396655123,0.145144328453879,0.146001093028753,0.14651389970719,0.146668481607423,0.146514830183952,0.146137726624567,0.145472074083078,0.144568067798022,0.143509218970951,0.142225219322213,0.14092165393336,0.139436661787452,0.13772729104391,0.136020193242703,0.134242223277281,0.132417325929339,0.130549512083059,0.12864829600129,0.126742505995385,0.124828133141234,0.12297158288424,0.121096593765513,0.118948393837269,0.117206964145784,0.115366605579523,0.113531494339119,0.111723642051082,0.109944351323212,0.108197006970979,0.106484387591369,0.104818109372565,0.103179840669159,0.101581214667463
-0.12292146879934,-0.125234579407129,-0.127604333474729,-0.13003740048804,-0.132518276999888,-0.135045064529893,-0.137640895845885,-0.140272678722963,-0.142949237897068,-0.14566692421361,-0.148444657566607,-0.151226632724742,-0.154031635925395,-0.156851112256966,-0.159633407846987,-0.162410966002897,-0.165160168673976,-0.167811317747675,-0.170363791536863,-0.172771123774343,-0.175032053814754,-0.177096548468955,-0.178864090343709,-0.180438521974182,-0.181593810207195,-0.182321213255606,-0.182564849001599,-0.182248166118287,-0.181297628564948,-0.179648547628106,-0.177215713193842,-0.173938580838679,-0.169762322878254,-0.164636092285274,-0.15850292747582,-0.151361769461623,-0.143201742410962,-0.134037023560161,-0.123917989123919,-0.112897317439958,-0.101078407951747,-0.0885534509506158,-0.0754452398363207,-0.0618653069979309,-0.0479606781165364,-0.0338676915820218,-0.0197658508524331,-0.00573234108634032,0.00805183495735653,0.0215236547327543,0.0345201946576788,0.0470196101052191,0.0589133348767707,0.0701598196835756,0.0806910435581894,0.0904833482005895,0.0995407075858279,0.107821659837873,0.115264479711143,0.122198295461052,0.128015092160388,0.133344889491472,0.137916368606287,0.141959423048666,0.144956601450823,0.147819077966179,0.149879778953746,0.151586845849498,0.152293133318429,0.153347424472721,0.153678513743567,0.153494887924924,0.153178446360504,0.152413625460006,0.151440624059046,0.150314761504492,0.148905055975713,0.147312286837045,0.145746401204646,0.143856242163856,0.142092531602358,0.140145579805464,0.138140944404627,0.136095552527703,0.134012594718284,0.131918766366353,0.129814584876177,0.127722025210309,0.1256514253954,0.123564110778138,0.121464390345888,0.119411206998224,0.117493810626556,0.11553082339782,0.113595239559171,0.111737274606777,0.109891285127344,0.108098800538819,0.106345684180172,0.104613565269925,0.102933746745392
-0.124624008737778,-0.127050096942149,-0.129545658863184,-0.132110727864896,-0.134741387482163,-0.137429827261807,-0.140195053232177,-0.143029008622207,-0.145906143528831,-0.148829095347885,-0.151812577451668,-0.154857337171629,-0.157917105040142,-0.161010547852403,-0.164117533731819,-0.167216865987502,-0.170286335988718,-0.173329825936022,-0.176261257298384,-0.179099239316787,-0.18173847980125,-0.184408665776973,-0.186610525314182,-0.188562950902641,-0.190191902424554,-0.191383725976256,-0.192082359912218,-0.192194973722378,-0.191639084386421,-0.190331332649299,-0.188174551573397,-0.185094849279599,-0.181009825859787,-0.175864421164401,-0.169590877522061,-0.162165730196711,-0.153580441961237,-0.143849015112161,-0.13303449092198,-0.121162631252692,-0.10839241580186,-0.0947983184392568,-0.0805211287525553,-0.0657362955005641,-0.0505960121552215,-0.0352701168092558,-0.0199176772652109,-0.00469513371953796,0.0102549446086618,0.0247867898325133,0.0388119605669556,0.0522041296435891,0.0649222901616312,0.0768612102417892,0.0880239510523498,0.0983282241265905,0.107800374362226,0.116398390595677,0.124150205604716,0.131068026895273,0.137178307603884,0.14250144134227,0.147044469170207,0.150893116607229,0.154053422088774,0.156531079701649,0.158440742235246,0.159863430576817,0.160692051905785,0.161085905882248,0.161126262828724,0.160680571868377,0.159954414589375,0.158975458704502,0.157422989327841,0.15616297558934,0.154534921677054,0.152707525441814,0.150862959776797,0.148578456396312,0.146524486852428,0.144305558815373,0.142097538574787,0.139756102088762,0.137474786817324,0.135176092892137,0.132884913740638,0.130598677392498,0.128342048271617,0.126091885427491,0.123789763067211,0.121709946410269,0.11960261987318,0.117524635051066,0.115474832631809,0.113469414651053,0.111558754661287,0.10964583590351,0.107725836539334,0.105998593705024,0.104253605546138
-0.12626420854984,-0.128809563275698,-0.131429969847699,-0.13413125194215,-0.136899371700559,-0.139752563141714,-0.142693845247717,-0.145706676043267,-0.148784810763961,-0.151928206517498,-0.155148141085509,-0.158444624785862,-0.161779274137205,-0.165175692499673,-0.168599836486769,-0.17203390670957,-0.175495142965422,-0.178895213993489,-0.182279999974258,-0.185558262991647,-0.188661508666653,-0.192072917026956,-0.194506177404953,-0.197037517293341,-0.199208039111391,-0.200961067829819,-0.202187009563383,-0.202828275159804,-0.202736040275672,-0.20186922410116,-0.200061096445347,-0.197254039277227,-0.193335826614792,-0.188224369608216,-0.181843098241414,-0.174150278251622,-0.165135848244638,-0.15478717692436,-0.143189669953278,-0.130385387520883,-0.116521963113768,-0.101706277623769,-0.0861305155539978,-0.069982606081665,-0.053419832333811,-0.0367028630986086,-0.0199390423748338,-0.0033859910572448,0.0128563395514749,0.0285918485576999,0.0436984726536508,0.0580844697022388,0.0716688961410744,0.0843702916169017,0.0961758986325248,0.107021022052747,0.116923428371258,0.125859973033402,0.133854464226992,0.140926676646264,0.147102740192441,0.152419455973856,0.156906662140184,0.16062600214112,0.163613580394282,0.165919105619232,0.167579747056558,0.168664641254071,0.169228542983827,0.169286021363609,0.168936563072999,0.168221328211566,0.167164950622973,0.165769251219916,0.164048546758165,0.162259802889127,0.160255205517383,0.158147077877522,0.155876663555425,0.153492145942083,0.151064354911747,0.148639086065372,0.14611696288082,0.143386891062273,0.140875554927998,0.138428221797463,0.135839893370583,0.133444554438799,0.130991679700844,0.128597190493097,0.126272118281291,0.123929159715243,0.121684778403069,0.119489629642411,0.117332940048324,0.115213073991582,0.113173276950104,0.11117471413358,0.109267903313265,0.107370456768156,0.105527862944407
-0.127831776146204,-0.130487327786865,-0.13323093759931,-0.136062227690617,-0.138983578770028,-0.141991321728493,-0.145106026792731,-0.148309809761806,-0.151605985344579,-0.154966154710013,-0.158418971464991,-0.161971463299893,-0.165606181707985,-0.169296540871468,-0.173068173882,-0.176864532738809,-0.180706506635681,-0.184542203224575,-0.188355338869298,-0.192112090626604,-0.195841428598392,-0.199513022623273,-0.202776371128492,-0.205869783121148,-0.208661007635928,-0.21103298110822,-0.212889883804792,-0.214127814255776,-0.214643266263685,-0.214302581688378,-0.212968671473237,-0.210539546410886,-0.206864107300288,-0.201850293493208,-0.195407570459894,-0.187457365718472,-0.177987729542717,-0.166977374999928,-0.154523324123531,-0.140670242146269,-0.125566620294611,-0.109395607528072,-0.0923182082336362,-0.0746064378804377,-0.0564404826580897,-0.0380908416863477,-0.0197792211121408,-0.00169647614298285,0.0159524552965371,0.0329997418249719,0.0493055873520988,0.0647650574779804,0.0792921187432162,0.0927939708840643,0.1052739198734,0.116668305582629,0.126996856056734,0.136255140848961,0.144463530933588,0.151660623034135,0.15786973419006,0.163148966834019,0.167532259838067,0.171081677239611,0.173851983453491,0.175891319678529,0.177256799323165,0.178009136628266,0.178217863822224,0.177916053812014,0.17717315295674,0.176037666157957,0.174562466888484,0.172786903094736,0.170795416780111,0.16858836442461,0.166292426968133,0.163708516446853,0.161086773595508,0.158384502270474,0.155585121894355,0.152779878140183,0.149993415901965,0.147215289002747,0.144425888919555,0.141742168408288,0.138964750380805,0.136297334987842,0.133700971161881,0.131113652677743,0.1285484493361,0.126088710975203,0.123701674893877,0.121369179345443,0.119041313195728,0.11686090774349,0.114742975476739,0.112663281836043,0.110643336024117,0.108666504695083,0.106750790570594
-0.129314484417675,-0.132085583419078,-0.134954517036699,-0.137916182518296,-0.140974331886492,-0.144144249578089,-0.147427935401071,-0.150825334635892,-0.154295075942859,-0.157877937882676,-0.161597589338132,-0.165423958024205,-0.169353542451425,-0.173359822136824,-0.177481481134247,-0.18164704024814,-0.185908663957603,-0.190196172808227,-0.194523019187846,-0.198815146221909,-0.20305262437102,-0.207208481985753,-0.21123582892999,-0.21502505990985,-0.218509626312039,-0.221613271836175,-0.224205932855129,-0.226190372919691,-0.227398197600777,-0.227728733365798,-0.226981536527482,-0.225044798262839,-0.221719884614078,-0.21690875615926,-0.210466016027374,-0.202294522543129,-0.19239291383536,-0.180684888526549,-0.167264506095771,-0.152216913836253,-0.135717664721203,-0.117957606032256,-0.0991735538359752,-0.0796655752082281,-0.0596488953868203,-0.0394987264229229,-0.0193557640959095,0.000395341816814536,0.0196374183450324,0.0381663142104445,0.0557956623944696,0.0723927477027366,0.0879261044617021,0.102266843922865,0.115446087613578,0.127389208172308,0.138143416953764,0.147697099766327,0.15609678058805,0.163376065416801,0.169582352189294,0.174770604879438,0.178999208021136,0.182322547980231,0.184818071277131,0.186540873678376,0.187545022950858,0.187916728185088,0.18770248692348,0.186970283351795,0.185787462379385,0.184211519436965,0.182296236831857,0.18009084679283,0.17765532513451,0.175029969595258,0.172240833589544,0.169327528780964,0.166329739456849,0.163250957187033,0.160194096839411,0.15710856388698,0.154008035775147,0.150953227259695,0.147865454026838,0.144895181353929,0.141928438501457,0.139037471185239,0.136239720967925,0.133486984229482,0.130817982304575,0.128201934568114,0.125658454209357,0.123173406629303,0.120812327227132,0.118514781405794,0.11622669805932,0.114072564568816,0.111963445072805,0.109880553786852,0.107926561151904
-0.130699760543698,-0.133578938731879,-0.136560704477981,-0.139652267767805,-0.142858512606284,-0.146176376127764,-0.149638383332856,-0.153234939572002,-0.156865941456972,-0.160680307166254,-0.164688126454967,-0.168758608892161,-0.172992486362975,-0.177332645902515,-0.181795783695594,-0.186382404986913,-0.191059966282496,-0.195830722604488,-0.20064804840708,-0.205463969423842,-0.210417124459783,-0.215158347815453,-0.219933412705418,-0.224461792154311,-0.22875161920777,-0.232667741639928,-0.236134056086168,-0.238987575668817,-0.241048023138898,-0.242200310774744,-0.242201187351501,-0.240908443163257,-0.238090167756157,-0.233613823415834,-0.227264070966089,-0.218920240599055,-0.208545909177967,-0.19608288092657,-0.181597825326015,-0.165221607540259,-0.147109936541913,-0.127554998797146,-0.106770532522357,-0.0851915708474818,-0.0630647208899655,-0.0407830685945448,-0.0186489021781092,0.00306980988050102,0.02409562940292,0.0442160663753032,0.0632698781916334,0.0811239645792146,0.0977108379160519,0.112946925097622,0.126821764029857,0.139326236326856,0.150470243470745,0.160299253672549,0.168838469419939,0.17615928070877,0.182308423882453,0.187353604327255,0.191366109734272,0.194408775209922,0.196561500171494,0.197898887802475,0.198478256458835,0.198385285652887,0.19770418024959,0.196473471298099,0.19479601820678,0.192714764776699,0.190302015295055,0.187617843878766,0.184697769862814,0.181601519998096,0.178367231275424,0.17503913298961,0.171643550464615,0.168208364849057,0.164778566699329,0.161343586188532,0.157934810157256,0.154587887694771,0.151285982708398,0.148045886054954,0.144869666891328,0.141769230031839,0.13876219728974,0.135838915201277,0.132992838520401,0.130240719704551,0.127554863773352,0.124955301180725,0.122482756664812,0.120040716305209,0.117669485265831,0.115376251288914,0.113176745792561,0.111039169468121,0.108994801657703
-0.131988194475623,-0.13497055137842,-0.138069265327553,-0.14128240143905,-0.144627543251105,-0.148102159941913,-0.151714139849282,-0.155414636793603,-0.159268538283171,-0.163418959154861,-0.167569318066438,-0.171969597370378,-0.176501202053128,-0.18117866507392,-0.186012612640261,-0.19100912275144,-0.196124199017278,-0.201401247979621,-0.206791838754774,-0.212204833221195,-0.217718436315236,-0.223176334055269,-0.228789746605558,-0.234170282687571,-0.239354230553289,-0.244233015069863,-0.248676712770176,-0.252543795754237,-0.255643667070279,-0.257789553398644,-0.258750473179205,-0.258269820084134,-0.256139655464537,-0.252204095298147,-0.246038780450613,-0.237617144846545,-0.226822500243643,-0.213563665869673,-0.197906966250135,-0.179984982735187,-0.160011635554069,-0.138321030770048,-0.115234758636815,-0.091228264441055,-0.0666363660886022,-0.0419485436329044,-0.0174646780785056,0.00640645228327792,0.0294674698598349,0.0513389161277872,0.0719778875933921,0.091139299676749,0.108859391741635,0.124985647827767,0.139582760678113,0.152610212984004,0.164131411956374,0.174178759346733,0.182818355649385,0.19011136024873,0.196145542934337,0.200982283212764,0.204702171841513,0.207390485938476,0.209120909066752,0.210020065517173,0.210075259299349,0.20946217142606,0.2082312949117,0.206448634735932,0.204198925065826,0.201553064886557,0.198587725945335,0.195357956223155,0.191920087514532,0.188317552520158,0.18460513914774,0.180816699009666,0.176991865289073,0.173163000842288,0.169345282449195,0.165566538886625,0.161843338424262,0.158186124355397,0.154605952874106,0.151113666625012,0.14770778476631,0.144398494326752,0.141189263860053,0.138082482327563,0.135070715586472,0.132160337460179,0.129344452642802,0.126625469130769,0.123997922222175,0.121464339375507,0.119014684989248,0.116655975617712,0.114386300074005,0.112173949316876,0.110050800503712
-0.133156803723232,-0.136239476827128,-0.139449396672875,-0.14278582443392,-0.146264192503963,-0.149890773859572,-0.153663765011834,-0.157609158940518,-0.161769364571913,-0.165952039926648,-0.170396468740681,-0.175035854002437,-0.179855044085001,-0.184884826003713,-0.190077241753759,-0.195495204407656,-0.201072376081365,-0.20685022922663,-0.212787892951106,-0.218919455278303,-0.224952724772364,-0.231487274953051,-0.237773197803529,-0.244090179402224,-0.250262588129741,-0.256205865930534,-0.261810140203686,-0.266888569087452,-0.271196850897255,-0.274573292657087,-0.276675934644311,-0.277285338710756,-0.27617109655709,-0.272793138548372,-0.267096645903971,-0.258728871022696,-0.247536315018911,-0.233431461776839,-0.216450890385242,-0.196787071208535,-0.174631932583305,-0.150491539234537,-0.124664348582273,-0.0977518409123559,-0.070359079041028,-0.0428361710985227,-0.0157194410168431,0.0106871248656113,0.0359138039495719,0.059766930408232,0.0820768794116488,0.102678119273786,0.12154397105794,0.138604945785512,0.153891486586562,0.167426313773141,0.179265297284444,0.189475466129717,0.198151462867091,0.205348358197428,0.211182219797249,0.215736159362506,0.219089807991038,0.221332626061005,0.222574439203254,0.222895849243959,0.222395531132212,0.221169057674975,0.219302935186983,0.216892675111677,0.214005877180167,0.21073224207008,0.207154356560829,0.203317690802556,0.199295404777395,0.195152413951211,0.190917880499466,0.186638888222041,0.182358400560777,0.178104223378847,0.173890126878229,0.169744417249129,0.165684551804817,0.161719657355198,0.157855449954544,0.15410172922652,0.150461750991516,0.146936125511331,0.143529353958548,0.140238588583444,0.137062514648761,0.134002878586068,0.131051214951019,0.128205596959672,0.125464908000582,0.122824066836489,0.120277759098414,0.117831610493454,0.115470918310987,0.113201314915344,0.111008077472511
-0.134223086603846,-0.137397534045569,-0.140709842381598,-0.14415789019154,-0.147762331080208,-0.151527108486491,-0.155455300856422,-0.159564546805696,-0.163839785684784,-0.168341195548679,-0.173014503379632,-0.177910339671671,-0.183027251273908,-0.188388428861124,-0.193952445003114,-0.199792056229041,-0.20583365802168,-0.212147129805462,-0.218654191500309,-0.225314587397344,-0.232299498379727,-0.239503420556607,-0.246777793080991,-0.254104763631536,-0.261403455190297,-0.268571860748312,-0.27547308057819,-0.281927636236246,-0.28769425070918,-0.292555877727342,-0.296154820419178,-0.298251845201271,-0.298255729157199,-0.295934991587511,-0.290882073826584,-0.282698295758643,-0.271201410496048,-0.256226853264825,-0.237763985606884,-0.216060313763047,-0.191354324282833,-0.164236765205423,-0.135202841695122,-0.104963188447962,-0.0741009418314307,-0.0433419703873271,-0.0130906837042735,0.0160359691006756,0.0437757439491282,0.0697530448254865,0.093895755835118,0.115976807479174,0.136031038934054,0.153997494924792,0.169944923812448,0.183922392555558,0.196010739461214,0.206325317794454,0.214947774046645,0.221976891208939,0.227518229791826,0.231684779805889,0.234564916280418,0.236279696995305,0.236933160666194,0.236616756853425,0.235438851616292,0.23351070957654,0.230931102609374,0.227794971572583,0.224192966896709,0.220224574088274,0.215954397842187,0.211464351955682,0.206818363938301,0.202067982395833,0.197274323954655,0.192474361030801,0.187707542930433,0.183002414042144,0.178375691440796,0.173846993117646,0.169435314514792,0.165154011651103,0.160996970719883,0.156981117549149,0.153098977917324,0.14935917322377,0.145751535897174,0.1422833804217,0.138944565850074,0.135733845131276,0.132647459917515,0.129680803718445,0.126830380582755,0.12408935895407,0.121455695806794,0.118923566890204,0.11648926525672,0.114147238403133,0.111891936599247
-0.135157641296527,-0.138418336393975,-0.141824210215215,-0.145380728141978,-0.149103691106403,-0.153005223347644,-0.157075485202482,-0.161348716825305,-0.165819670475248,-0.170517817781773,-0.175412564630005,-0.180567693212285,-0.185978757269542,-0.191646945573728,-0.197596614998973,-0.203831761372637,-0.210360497573237,-0.217194090568315,-0.224326509324512,-0.231562250772323,-0.23974153437176,-0.247490236249838,-0.255713919048279,-0.264125885312572,-0.272660319041535,-0.281163633513092,-0.289566482635121,-0.297615134308783,-0.305111432718994,-0.311800399510618,-0.317237043695259,-0.321008727081536,-0.322704899056415,-0.321787083585039,-0.317702275779578,-0.3100137964181,-0.298344295444655,-0.28248733964453,-0.262372730252782,-0.238246879366187,-0.210523389185858,-0.17990729528191,-0.146960423920819,-0.112713923746467,-0.0778672220360901,-0.043234402930988,-0.00943921894516186,0.0228523500710286,0.0533477649119414,0.0816565606547902,0.107725259185504,0.131342224569978,0.152582401873419,0.171415865637808,0.18796267550012,0.202309658133258,0.214578946468269,0.224865424284764,0.233326590223861,0.240071155239545,0.245223787439086,0.248907734919216,0.251216213329797,0.252287632486865,0.252239070684436,0.251193328515947,0.249232615255956,0.246506859876721,0.243109094253114,0.239168738436768,0.234767898422645,0.230001535393409,0.224970086243908,0.219750282982097,0.21441289857996,0.209026685308347,0.203636640082917,0.198278434025749,0.192995430491813,0.187813748936109,0.182755123549092,0.177834353360052,0.173064132325073,0.16845616113242,0.164006172822168,0.159723965300779,0.155602484927131,0.151643411351855,0.14784406044089,0.144195876200382,0.140699306444712,0.137343068677384,0.134127274595254,0.131042831954835,0.128085134329486,0.125249547328883,0.122527512018453,0.119916875991839,0.117410164797941,0.11500241983095,0.112689653631468
-0.135952807573802,-0.139290235652053,-0.142780724291945,-0.146437781016362,-0.150264367564363,-0.154280839105976,-0.158489913417066,-0.162912604589825,-0.167565930020553,-0.172448821932059,-0.177571111960112,-0.182970025396684,-0.188663856783525,-0.194637984972634,-0.200952403021093,-0.207584930672089,-0.214584682334199,-0.221934783265592,-0.229700153738382,-0.23782653236393,-0.246468538066564,-0.255210676676192,-0.264473618079773,-0.274045429727174,-0.283903038378994,-0.293908940245483,-0.303965430442622,-0.313880639319303,-0.323386635685356,-0.332160007843822,-0.339875401959472,-0.345917206525495,-0.349785621079272,-0.350744557214138,-0.348164202885861,-0.341376551431369,-0.329745987332607,-0.313023122702581,-0.291041737960759,-0.264119846946128,-0.232724392340444,-0.197755893109123,-0.160130294611944,-0.120960516445405,-0.0813354327204505,-0.0422055664143185,-0.00436406986424635,0.031516543899653,0.0650582155636619,0.0958969879611423,0.123955595388993,0.149136360560542,0.171489966818261,0.191150240742715,0.208196409062951,0.222780659746879,0.235066521438897,0.245246889317925,0.253439189837662,0.259769676625265,0.264400922855604,0.267470269980853,0.269093403559276,0.269412581930309,0.268553444437946,0.266638670239032,0.263799050978351,0.260162560248246,0.255845545855023,0.250968174397188,0.245668774917546,0.240041156313819,0.234171737055388,0.228153998648676,0.222072781399409,0.215989560316693,0.209949086033361,0.203995203020299,0.19817062180117,0.192495244776367,0.186986545404168,0.181664089120376,0.176528577166442,0.171590518739115,0.166844574542193,0.162298277254453,0.157934895745274,0.153766345267994,0.149773746101007,0.145953807873675,0.142300565207067,0.138808098347536,0.135467113369535,0.132272324315072,0.129215568917794,0.126288936089027,0.12348755254022,0.120802819775284,0.118230158849977,0.11576303332126,0.113395341679118
-0.136599677964725,-0.140006875208289,-0.143575528898661,-0.147322057430512,-0.151245179903332,-0.155370294139276,-0.159704941380036,-0.164261044264542,-0.16906054709241,-0.174130840572499,-0.179442738947908,-0.185068398427814,-0.191019922839738,-0.197293464781044,-0.203952294650073,-0.21097554376922,-0.218422269323465,-0.226301950559019,-0.2346186206927,-0.243610925413248,-0.252680813566434,-0.262559183667331,-0.27288586257312,-0.28368962821936,-0.294959848219809,-0.306573838657565,-0.318509559208538,-0.330537800698261,-0.342359595873543,-0.353732904697917,-0.364153171509464,-0.373061637064296,-0.379702377020648,-0.383294067831752,-0.382903853979904,-0.377486365689004,-0.366315359816054,-0.34884820188296,-0.324769876334418,-0.29451394570205,-0.258547227396381,-0.21820692083635,-0.174794770796364,-0.129723328441526,-0.0842225148248108,-0.0398355677873152,0.00274586511526338,0.0425846662243099,0.0794971791064217,0.112948837751668,0.143066233799306,0.169723387758022,0.193154877462278,0.213420039396895,0.230867753997271,0.245557982395025,0.257750384242301,0.267626514947389,0.27537890960762,0.281150055163306,0.285141286863435,0.287485637702095,0.288288990368088,0.28772704555724,0.285921475558626,0.283016670383417,0.279151872843143,0.274485691042098,0.269123199758603,0.263220603155685,0.256909029722177,0.250295797900788,0.243500753343462,0.236622654474636,0.229726432564003,0.222893568866525,0.216168259001245,0.209584415082899,0.203191027056586,0.197006535260782,0.191031189145434,0.185300644043202,0.179792120402351,0.174527677297663,0.169486746071318,0.16467610384874,0.160083122161739,0.155702926405446,0.151525469249226,0.147541038513478,0.143743626299741,0.140118978669811,0.136662646127648,0.133362993541838,0.130210803585091,0.127203280945134,0.124325617428155,0.121574327501687,0.118940961871571,0.116418950851851,0.114003024493231
-0.137089203977892,-0.140559699683562,-0.144191979814482,-0.148014063465352,-0.152024516268825,-0.156239383614319,-0.160686350785881,-0.165363616184609,-0.170301071219449,-0.175509310926514,-0.181043174530961,-0.186815150000329,-0.193056216399984,-0.199610246447257,-0.206586659223002,-0.213965676484847,-0.221849005906298,-0.230218282699971,-0.23907374504301,-0.248725761132541,-0.258524005885598,-0.269417307768792,-0.280832671386811,-0.29288564049977,-0.305625035073231,-0.319028721134971,-0.332947317983869,-0.347272656324807,-0.361800824049108,-0.37619115074837,-0.38996378486697,-0.402377560940182,-0.412717731630883,-0.419882162496675,-0.422546532476782,-0.419469911688256,-0.409376975524973,-0.391314960239097,-0.364866929024532,-0.330524709390105,-0.288928045870202,-0.241909193636346,-0.191178900653585,-0.138564510973923,-0.0862581870151126,-0.035524345538995,0.0124093089502095,0.0567912395215192,0.0972318939487456,0.133438225040005,0.165582123633647,0.193646226828658,0.217952661711373,0.238730973252906,0.256257422165982,0.27085986000607,0.282719086837999,0.292130452465616,0.299281192291927,0.304352229345147,0.307536780700736,0.309014756312014,0.308894924868716,0.307292453884937,0.304409612793628,0.300381129124353,0.295349940760685,0.289472826497436,0.28293081481224,0.275862189041625,0.268414933499333,0.260731232056367,0.252942782944848,0.245111400294365,0.237336817599027,0.22969514751935,0.222238686564597,0.215000407487987,0.208014347520404,0.20129947555205,0.194859358705066,0.188705051583136,0.182827568954347,0.177234565360018,0.171907920871046,0.166837609694402,0.162020723375186,0.157437632917387,0.153083887204444,0.148944326440751,0.145007044263452,0.14126263143067,0.13769639680991,0.134301731552693,0.13106674465877,0.127981485308718,0.125038294721172,0.122226398397528,0.119539879418017,0.116970408710974,0.114510697858805
-0.137431208506671,-0.140949625178583,-0.14463651992157,-0.14851891220392,-0.152601343167993,-0.156894632919326,-0.16142637411973,-0.1662123026711,-0.171266536439442,-0.176620923478344,-0.182270239522468,-0.188382851957338,-0.194726285252605,-0.201530195396837,-0.208773777037025,-0.216492538087512,-0.224766772071542,-0.233583742237045,-0.242996136475121,-0.2530596246996,-0.263919629889478,-0.275614162654913,-0.288090005083136,-0.301427568963722,-0.315701745319722,-0.330867752549609,-0.346955616555174,-0.363834365554983,-0.381377146005192,-0.399260127677337,-0.416975305132425,-0.433882652852129,-0.448963876382746,-0.46086985157258,-0.467980132805024,-0.468528812700259,-0.460358103722493,-0.442225851382194,-0.413192954204843,-0.373769650246578,-0.324903215496819,-0.269274343784885,-0.209137984816988,-0.147485438246408,-0.0864513252677379,-0.0284178736358971,0.0257854138513204,0.0750027745158634,0.119175542118613,0.158076390182289,0.192092730988762,0.221318208730004,0.246247109897823,0.26719801377146,0.284653777984231,0.298863784892142,0.310165866780456,0.31887700224946,0.325228861955601,0.329436906841117,0.331680895564081,0.332113769796499,0.330896639953137,0.328153877823262,0.32402886916985,0.318722398488722,0.312369941174857,0.305167855126859,0.297283747345032,0.288899487690284,0.280199249679534,0.271327927978698,0.262407718917443,0.253533370926417,0.244817348080073,0.236316165603904,0.228084145602289,0.220170132981676,0.212568453157305,0.205319968398315,0.198397793074559,0.19183163095175,0.185594476706584,0.179672446177008,0.174062239774042,0.168748838557385,0.163715380066063,0.158948541402206,0.154430716766756,0.150147658748493,0.146086415736502,0.142228138163736,0.138566730481741,0.135085529009809,0.131777006488153,0.128625570669162,0.1256220632268,0.12275835340082,0.120025033620583,0.117413731534572,0.114916888451076
-0.137610546864795,-0.141164883743549,-0.144899653800334,-0.148823730409806,-0.152962413425419,-0.15732446810132,-0.161928373520565,-0.166794897126355,-0.171949995523028,-0.177409302468462,-0.183211285297626,-0.189369680578294,-0.195961251535516,-0.202997240903925,-0.210481322992759,-0.218482311371219,-0.227084364190213,-0.236274689844051,-0.246280530895573,-0.25699799046723,-0.268521538921251,-0.280976673384601,-0.294484381010279,-0.309072813195992,-0.324815552352108,-0.341832888212876,-0.360129551804809,-0.379736596262494,-0.400530751553095,-0.422351406840755,-0.444766368593633,-0.467104285885054,-0.488156005812251,-0.506619196476691,-0.52009283095882,-0.526071796649222,-0.52157124406571,-0.5042540303885,-0.472275056259421,-0.426348980421296,-0.36809434157385,-0.300887602811548,-0.228537000358231,-0.155203266912484,-0.083940218739326,-0.0171636428207049,0.043953736695021,0.098408050408096,0.146364000615748,0.187793468063471,0.223310542705291,0.253335335835408,0.278511778532551,0.299312944957131,0.316226675489391,0.329700755140414,0.340163686665196,0.347972621802321,0.353332023339565,0.356479106347538,0.357625628346211,0.356894083096631,0.354423102368837,0.3503721313573,0.344861866458504,0.338082004459962,0.330224609414399,0.321481554632928,0.312086850458031,0.30226796450949,0.292146922732861,0.281942667959483,0.271792468306345,0.261795526207136,0.252065902937962,0.242666192143632,0.233627901771083,0.225008814312955,0.216786929561399,0.208990527295581,0.201604762479763,0.194627447953682,0.188029366118051,0.181803966786892,0.175929231484344,0.170384335466745,0.165153953458657,0.16021219046275,0.155545335671974,0.151133316019494,0.146955413360295,0.143003900387833,0.139257897043383,0.135703370670467,0.132328119410496,0.129119067704528,0.12606729235218,0.123159825241852,0.120388817839722,0.117743808275467,0.115217654954795
-0.137616157849483,-0.141192429365373,-0.14495989910098,-0.148916913592245,-0.153088410590961,-0.157499250526955,-0.162150801969053,-0.167085696474498,-0.172322327623442,-0.177797122812771,-0.18375276393777,-0.190057988269286,-0.196778171939338,-0.20396350818367,-0.21166729579344,-0.21991920067183,-0.228811776622502,-0.238370164363446,-0.248619716656036,-0.259505648388502,-0.272097981240426,-0.28533075218078,-0.299746658753281,-0.315465077992685,-0.332653742190847,-0.351430605542573,-0.371956880034358,-0.394338975915565,-0.418643173362711,-0.444801826050801,-0.472639889613963,-0.50142839254809,-0.530212950085799,-0.557233755303453,-0.579757798978176,-0.594035794105527,-0.595907309453162,-0.580901407950509,-0.545938952758976,-0.49156227579734,-0.420302337969805,-0.337549827978319,-0.249082797045737,-0.160865203984524,-0.0768021189595098,6.62414020984987e-05,0.0686898107562313,0.128519113744547,0.18001442192166,0.223559858577202,0.260059761722504,0.290359664837722,0.315173037088676,0.335209567038481,0.35119713640212,0.363579996069803,0.372886174168537,0.379460207653986,0.383612727738871,0.385511899916297,0.385436193575598,0.383405219108366,0.379545941680237,0.374008986442345,0.36694857406999,0.358511124028177,0.348958107280216,0.338478534185342,0.327379518304594,0.315866123258574,0.304162931478558,0.292485254658338,0.280987826035752,0.269795753777348,0.258986866885509,0.24863462369422,0.238768911380349,0.229421015864243,0.220571113436346,0.21224872877727,0.204402875591116,0.197020159039393,0.190087254841052,0.183570316205546,0.177448937675584,0.171696450697028,0.166284576121305,0.161194163581103,0.156395308832265,0.151871948628862,0.147602480267448,0.143566748907988,0.139752299313681,0.13613686960141,0.132710076445656,0.129457049021,0.126365619746305,0.12342324449547,0.120623241153853,0.117952992586606,0.115405012525958
-0.137456567743401,-0.141045355885735,-0.144825139007372,-0.148802516902188,-0.152989081441632,-0.15742424232859,-0.162110707665948,-0.167070384231438,-0.17233673370275,-0.177875007523053,-0.183882914885911,-0.190309954251533,-0.197080741082289,-0.204438563828157,-0.212275422224715,-0.220714863681632,-0.229817260016254,-0.239637587593323,-0.250369542639393,-0.261992239279227,-0.274654085594164,-0.28851490784329,-0.3037382605977,-0.320473239302542,-0.338950388973727,-0.359374479184516,-0.382009656862523,-0.407103875999907,-0.434914347169758,-0.465613734178552,-0.499260994694778,-0.535588181706261,-0.573801951363275,-0.612161850609237,-0.647299577272845,-0.674707907251789,-0.687306562950808,-0.677476075320559,-0.640014852421102,-0.573974282683509,-0.484355624302144,-0.379519660025858,-0.269121264246853,-0.161891266842948,-0.0623693335665782,0.0257709868570886,0.102393685155773,0.167167607498395,0.221423834831535,0.266356184018939,0.303098135909827,0.332811796168652,0.356524253114131,0.375225729244676,0.389680509386285,0.40054570145393,0.40830569890673,0.413389186214761,0.416105584961988,0.416631516897254,0.415151975196093,0.411708536565867,0.406373179803297,0.399230119049523,0.390400640198391,0.380099016401557,0.368587046179957,0.356144639146007,0.343074247682577,0.32966230842032,0.316184541405917,0.302864927986397,0.289886277166251,0.277405750238576,0.265442776479466,0.254117490648394,0.24339828258414,0.233327948370932,0.223867830796905,0.215006612035067,0.206719435127853,0.198973778680851,0.191725596766541,0.184950700001013,0.178610434793317,0.172672781953359,0.167108446877006,0.161883725647358,0.156974606132734,0.152360714516163,0.148014468682331,0.143914814785678,0.140042222754684,0.136380657596592,0.132915005184029,0.129627873318664,0.126508975020171,0.123544064951346,0.120723859206153,0.118037291859321,0.115475290058787
-0.137124800919736,-0.140705380459336,-0.14448733821479,-0.148471843290424,-0.152659658336976,-0.157100827351394,-0.161803753865597,-0.16677895629192,-0.172086484352244,-0.177714846855343,-0.183701639279759,-0.190113271142875,-0.196923061023749,-0.204336852678795,-0.212276694428926,-0.220834356555511,-0.230080394093376,-0.240076366171816,-0.250939785919466,-0.262915075012586,-0.276000529839284,-0.290335797578745,-0.306177709205494,-0.323719346951012,-0.343241912431008,-0.365056123857106,-0.38951259324481,-0.417075763791612,-0.448149626091712,-0.483370461093685,-0.523070373994555,-0.567708793269564,-0.617064914233028,-0.669714607271632,-0.722775747381834,-0.770131470127148,-0.801150440548453,-0.802581270040407,-0.764144223412138,-0.681158838075653,-0.563457218630746,-0.426493688130669,-0.28644339419243,-0.154374306285555,-0.0367891857663551,0.063693309282283,0.147604228656404,0.21654781207831,0.272563949717047,0.317457013878434,0.353103470568527,0.381139631453126,0.402832266471694,0.419435242713103,0.431814329924181,0.440589326683915,0.446426626096775,0.44971391584945,0.450774788493005,0.449787242496179,0.446811861776486,0.441851841575248,0.434956749800508,0.426092801663289,0.415347707521179,0.402972058547723,0.389196915262868,0.374426793907246,0.359076964157207,0.343499546773242,0.328018147795405,0.312904022790136,0.29833442807045,0.284457430814974,0.271316427278553,0.258964025110046,0.247403469759155,0.236615400453139,0.22655757681582,0.217204834393574,0.208509309141055,0.200420379594459,0.19289927686831,0.185894250096799,0.179366128322822,0.173276860733668,0.167582523058014,0.162258801957471,0.157266895561112,0.152583020514936,0.148179998469545,0.144033606469528,0.140125980733899,0.136434023109127,0.132943947457531,0.129636507988972,0.126502254391667,0.123525209042722,0.120695160565951,0.118001467782315,0.115433369346493
-0.136619920616766,-0.14018574603065,-0.143943922746662,-0.147906190576432,-0.152090036706004,-0.156511630115044,-0.16120031212476,-0.166166617041565,-0.171460512580841,-0.177079996051252,-0.183066039587992,-0.189482932207519,-0.196391344278466,-0.203740569293676,-0.211688968771367,-0.220280302093506,-0.229589093010046,-0.239707896085248,-0.250504043423679,-0.262702531568805,-0.276052565558304,-0.290687489981137,-0.306928720019066,-0.325017898909605,-0.345286652224267,-0.36813099483891,-0.394013202587547,-0.423569307857965,-0.457460455501145,-0.496647851584565,-0.542098405807161,-0.594975028199361,-0.65631113300633,-0.726200043167855,-0.803346500332326,-0.880695966408373,-0.944644372766264,-0.97056661363046,-0.933033813344501,-0.824377807959469,-0.662178175008595,-0.47641762455681,-0.294774333178285,-0.131593484218633,0.00627029753542218,0.118255667565014,0.20808428878427,0.27908984921226,0.334707238589438,0.377599605244229,0.410599411208854,0.435675900024714,0.454288707713517,0.467932084299473,0.47741815873768,0.483563262353117,0.487050937295297,0.488202340965128,0.48742308353317,0.484887228733401,0.480384329981338,0.474065989243148,0.46559695744942,0.454896566438208,0.442039382256882,0.427210381163755,0.410767373671377,0.393324816415913,0.375293752831512,0.357223480232973,0.339495873666905,0.322399634854076,0.30610056737215,0.290760259561495,0.276390173043573,0.263031274319063,0.250627766943602,0.23914083639391,0.228532612496389,0.218733302859987,0.209678107616116,0.201307129719018,0.193551500637717,0.18636577393598,0.179686295556033,0.173483118668188,0.167697388442048,0.162302005224021,0.157256551819585,0.15252809416411,0.148091026370764,0.143919835067959,0.139992613420237,0.136285544157504,0.132786788248322,0.129473857148013,0.126336767811765,0.123359002592075,0.12053002708853,0.117838272675508,0.11527338445766
-0.13593103727205,-0.139475709237287,-0.143199444399588,-0.147126821226103,-0.151268040229951,-0.155661846957532,-0.160300694952734,-0.165235831458616,-0.170480961014054,-0.176069634943472,-0.182019274248075,-0.188379516017966,-0.195091736181373,-0.202544159908821,-0.21043402537152,-0.219010985895903,-0.22828824254455,-0.238357916213917,-0.249187376657241,-0.261331514504152,-0.274754841432298,-0.289456238962422,-0.305836313687984,-0.324148579285019,-0.344770367810531,-0.368160330334964,-0.394859485734925,-0.425681546815376,-0.461450070771364,-0.503569865200265,-0.553514556338489,-0.613549586770498,-0.686293082212671,-0.775058288076121,-0.881712272149231,-1.00391589360565,-1.12592132109841,-1.20488991638466,-1.17756698753053,-1.02327079904359,-0.784101336261491,-0.520818864176299,-0.281014162106241,-0.0821047519849884,0.074743718951544,0.195612411936958,0.287464066867837,0.356788723628036,0.408955127132058,0.4477038744664,0.47603265938568,0.496380527749497,0.510836288849566,0.520481201699493,0.526344328502368,0.529211637217382,0.529835641473629,0.528627091359185,0.525870398076116,0.521680117667988,0.515896911705602,0.508283372452692,0.498438036641071,0.485949890216049,0.47069385609235,0.453004215276917,0.433400904171145,0.412700683328191,0.391517285376063,0.370606089043213,0.350308673390343,0.331050388059659,0.312932560019757,0.296065013826778,0.280469679243452,0.266110815063489,0.252913949987407,0.240817081401003,0.229716098679554,0.219534122633562,0.210181467001682,0.201576380160877,0.193647513745375,0.18632582462783,0.179545085442436,0.173267354709814,0.16742875280966,0.16199768983677,0.156924912639707,0.152180688142903,0.147736571383861,0.143561862978182,0.139636824247427,0.135934905268195,0.132442913451818,0.129140115019862,0.12601320042194,0.123047459532526,0.120229917135562,0.117550827598632,0.114997843348437
-0.135070977036676,-0.138575973010368,-0.142258800972834,-0.146130304242551,-0.150221897154672,-0.154549717017825,-0.159138150057716,-0.163995802002324,-0.169177852789819,-0.174680654130012,-0.180562570739298,-0.186861420983735,-0.193460987874943,-0.200734305309464,-0.208545753103582,-0.216982324370235,-0.226114038248144,-0.236029968323669,-0.246777287106371,-0.258914417033186,-0.272014539890503,-0.286572378143464,-0.302793481429704,-0.320983848737906,-0.341504567700917,-0.364879170396014,-0.391663554148219,-0.422814084959167,-0.459272799513489,-0.502738858997771,-0.555182522691005,-0.619758996016372,-0.700864094371453,-0.805043319867838,-0.941748695593156,-1.12087125890745,-1.34455527325633,-1.54675424632689,-1.56784689147014,-1.3137714801201,-0.918668318251389,-0.538523675571312,-0.223944293308072,0.0115237371592271,0.180593208468212,0.301948171559409,0.388893006267805,0.451534364761904,0.496178157168337,0.527822936779588,0.549193384957195,0.563301767783361,0.572017491815309,0.576768500396111,0.578018058086906,0.577011518644153,0.574405842955288,0.570525130874066,0.565832277927871,0.560071772073562,0.553292463257404,0.544888567203571,0.533973736387094,0.519782356424263,0.501925034265259,0.480719625166267,0.457138659013147,0.43244375582553,0.40756256090651,0.383302416350685,0.360180253566163,0.338520808424531,0.318498497499203,0.30010582249669,0.283295207255679,0.267999181705383,0.254100622819503,0.241457053667479,0.229962901054223,0.219484792488318,0.209916027397426,0.201161958754635,0.193121124639928,0.185731405499897,0.178906658199845,0.172600419118459,0.166756735475278,0.161326515766152,0.156267062875904,0.151539115870005,0.147112041321362,0.142955397786534,0.139052948087931,0.135375199587162,0.131908677230622,0.128629953724973,0.125527675655051,0.122585896182433,0.119791360865465,0.117134070051253,0.114601543060367
-0.134044989946753,-0.137494390166009,-0.141111593214811,-0.144919385566423,-0.148936575680624,-0.153192288825818,-0.157686085070777,-0.162463683547752,-0.167533932546556,-0.17293879024175,-0.178671569641321,-0.184809674918097,-0.191363887051328,-0.198419303024942,-0.206061018147174,-0.214296013717878,-0.223180664609688,-0.232853047469374,-0.243556002443256,-0.25502904435297,-0.267895827006731,-0.28206697003134,-0.297819542186349,-0.315515190452371,-0.335441843685543,-0.358187470477804,-0.384253945255668,-0.414635118803414,-0.450284626773574,-0.49301083674626,-0.544940395532997,-0.609704424657649,-0.692748038885108,-0.803153970365147,-0.957475133338468,-1.18689343395644,-1.55195275774819,-2.089996530034,-2.28631656903548,-1.69726393222737,-0.995224881486667,-0.420668772644433,-0.0250870406049617,0.176239795613928,0.321586578472049,0.408231137619136,0.473902174988681,0.530169245057677,0.569045286391777,0.597474736285721,0.615116139363443,0.627587524227439,0.632244955132148,0.633350097502197,0.63032806306635,0.626162845901111,0.620555459598328,0.613884500866248,0.606902153635888,0.600195775187996,0.592829251469363,0.584406928853331,0.573347550806642,0.557710236988075,0.536726160698049,0.510942991825187,0.482230667702825,0.452340178573585,0.42289393994492,0.394797290210181,0.368521134247152,0.344344289744493,0.322324416317799,0.302474556703133,0.284566445282352,0.268493300060474,0.25400780052934,0.240970085179269,0.229194931892518,0.218546207779331,0.208858455672042,0.200024914445414,0.191964780538733,0.18457252755568,0.177754784756485,0.171478276787373,0.16566542557865,0.160293500073465,0.155281645108519,0.150592633371314,0.146216507409121,0.142089378710758,0.138246164213757,0.13460224966415,0.131178931830424,0.127948135412718,0.124868604547045,0.121979196608292,0.119209071763581,0.116584844604684,0.114094527106838
-0.132850361237682,-0.136231111106482,-0.139766904998212,-0.143491897522237,-0.147424564324326,-0.151575664256627,-0.155967934674773,-0.160621620472076,-0.165563075254092,-0.170810522178129,-0.176440347690378,-0.182363518365582,-0.18872397548521,-0.195573267316502,-0.202964274257232,-0.210915060801343,-0.219528676739198,-0.228787871649186,-0.239029276072479,-0.250151416460128,-0.262413885359312,-0.275936461064067,-0.290961558135302,-0.307762440622053,-0.326664142315908,-0.348137321039563,-0.372702065283731,-0.401156735944631,-0.434531217488749,-0.474221165144306,-0.522440127976645,-0.581918581464543,-0.658583592114109,-0.760000296857628,-0.904830561056529,-1.12904450002422,-1.53554552533555,-2.60463105531228,0.206458345309956,0,0,0,0,-0.0373259588316171,-0.0155074508782727,0.0366249173621604,0.0958332160855844,0.157694172961694,0.225112418409169,0.283594716661996,0.339298796079995,0.394740043228147,0.434165427239825,0.469113809595561,0.494971810326503,0.517607641620616,0.535129998842619,0.549374669593381,0.560662212790543,0.570396236423586,0.579537377368369,0.585509057248567,0.586316913775213,0.578484344491482,0.559671987757684,0.534697875783299,0.501539847308092,0.468735768813633,0.43566582206713,0.403856536182834,0.374876129557895,0.348255526458741,0.324784504540251,0.303502375703926,0.284696995255116,0.268043405318271,0.252994379097578,0.239841335021804,0.227816248027032,0.217115106890909,0.207428003568,0.19852140978637,0.190662015936705,0.183231027889955,0.176636079054972,0.170416177821947,0.164701534954124,0.159440205436702,0.154435641534164,0.149990969520048,0.145584867761413,0.14170534480125,0.137923323022434,0.13437350100574,0.131086854221256,0.12787486492364,0.124929759294972,0.122074498727861,0.119394533778977,0.116837472812161,0.114398367433022
-0.131501220239204,-0.134792263978963,-0.138245550003426,-0.141865999947543,-0.145688892486927,-0.14972702266792,-0.153977452530694,-0.158495317543332,-0.163279464590462,-0.16837014899413,-0.173662546217617,-0.179480533567276,-0.185624449268727,-0.192201712263453,-0.199274604870377,-0.20684484909266,-0.215084727156747,-0.223942528575883,-0.233722079874918,-0.244103685732759,-0.255640695237712,-0.268326100222412,-0.282347682649846,-0.297929293302705,-0.315384158167087,-0.335003651008427,-0.357327878330006,-0.382875394295333,-0.412474034827599,-0.447222479366036,-0.488440571720549,-0.538483021608732,-0.600145040748668,-0.678604665461171,-0.781146945125315,-0.919897977102616,-1.09761302505858,-1.10984957388886,0.382899879065304,0,0,0,0,0,0,0,0,0,0,0,0,0.0689128568871833,0.123579413989373,0.168491809084948,0.213792193016118,0.249592816215025,0.2832868481344,0.314489154228532,0.345181506092694,0.374522449621563,0.403813023060764,0.433229609956194,0.459493596804101,0.473676562532164,0.471503166191627,0.455379031223364,0.431943871376822,0.406765040693068,0.381671469358347,0.356862656775962,0.333792048896816,0.312465771742619,0.293923131948304,0.276799388152399,0.261880990309649,0.248292568463621,0.236167444929972,0.225250846734843,0.215229654458465,0.20632215851398,0.197922028889283,0.19047593599182,0.1833320289786,0.176954800484281,0.170921354911189,0.165408010011966,0.16029655787378,0.155447111722109,0.150993712851026,0.146688505470325,0.142801378049884,0.138963994693198,0.135486510172969,0.132102179836071,0.128974811024378,0.125976131712082,0.123126745157421,0.12045674226253,0.11783118245027,0.11544476989808,0.113018251063574
-0.129988537719923,-0.133192371814254,-0.136543961619535,-0.140047119740576,-0.143745714917435,-0.147639821687363,-0.151758373734542,-0.156105302142235,-0.160718661018795,-0.165564100658098,-0.170691167066855,-0.176203858227589,-0.182058107522364,-0.188327968986959,-0.195042523492176,-0.202199360245648,-0.209878409601484,-0.218434682902621,-0.227098775106509,-0.237041637077721,-0.247735126547606,-0.259373478092589,-0.272158127155456,-0.286241904439887,-0.301840472656849,-0.319211873676939,-0.33863946660328,-0.360528458005794,-0.385338694055961,-0.413573483747919,-0.445968323668632,-0.483121106696391,-0.525512374237721,-0.573513445470768,-0.622711344424055,-0.659204878598644,-0.635106855123148,-0.390266549323576,0.196503378667041,0.741486081404697,0.983704265003114,1.07063605676824,0,0,0,0,0,0,0,0,0,0,0,0,0,0.0234178438553915,0.0677833050053293,0.103153653090714,0.137246944572146,0.167523792059846,0.200803789522754,0.246572609227485,0.301186462419472,0.322701634903204,0.319981397147072,0.310112396985849,0.298532529771885,0.282379291647165,0.265900031831211,0.250364994127927,0.236796186248651,0.224211747631938,0.213738254044264,0.203824444438202,0.195432073353028,0.187668594164206,0.180778767205079,0.174580705566166,0.168726154062281,0.163627749367593,0.15855303208223,0.154196229414977,0.149809432306103,0.145897534374613,0.14209693027792,0.138600737991167,0.13528797065197,0.132052587640205,0.129133285057284,0.126199622982521,0.123530864335032,0.12086754256984,0.118388710318625,0.115994974758762,0.11369346478134,0.111521949730293,0.109369760529581,0.107402345935878,0.105392383293494,0.1035654056658,0.101718627752749
-0.128333978141608,-0.131431492911577,-0.13466206481346,-0.138049196419241,-0.141609499183368,-0.145358799025237,-0.149297369604833,-0.153479237434276,-0.157867261779039,-0.162489426437417,-0.167370532881253,-0.172588734484908,-0.17812623490259,-0.184031081468244,-0.19030990176794,-0.196996739573479,-0.204197532988871,-0.21172878267879,-0.220230403007322,-0.229143145629252,-0.238824923653243,-0.249302687449936,-0.26068312929457,-0.273061217544973,-0.286615382305398,-0.301387083061624,-0.317627639929926,-0.335382312757144,-0.354810002011946,-0.376025261142886,-0.398586294034081,-0.422355590010716,-0.445470536433876,-0.464311848249936,-0.470755657819952,-0.445775920725165,-0.353580699941709,-0.143814938920782,0.17741936476865,0.495036100935129,0.713651725412635,0.829355456162206,0.881170361257922,0.89393311251516,0.879529238561924,0.844141979842341,0.797271206426184,0.429538074473058,0,0,0,0,0,0,0,0,0,0,0,-0.00235336253910366,0.0358696662073145,0.0945591906606506,0.242169042416556,0.172599133942379,0.138176326860867,0.101026533342777,0.0834902069933951,0.0785831237390236,0.0800142707838663,0.0815662403688594,0.085092365590344,0.0880431420426384,0.0910630046738824,0.0936386392019527,0.095737837495329,0.0973527686571206,0.0986207858827794,0.0993419887507381,0.0999650764696485,0.10002314175745,0.100190093146776,0.0998156127266475,0.09964169445659,0.0990050611610291,0.0984609794045325,0.0976989983488981,0.09699316427973,0.0960234922188491,0.0952801305849521,0.0942362890967506,0.093409657667471,0.092326568344161,0.091437008096424,0.0903538626694943,0.0894115013139645,0.0883223345280929,0.0873826514753029,0.0863064355366924,0.0853660374427103,0.0843055765806806,0.0833822082728011
-0.126542903174031,-0.12952271199099,-0.132621521106381,-0.135869913682195,-0.13929406016252,-0.142872658764749,-0.146636128558952,-0.150576963587945,-0.154767455518275,-0.159136868781278,-0.163751112138723,-0.168647656438578,-0.173836425069574,-0.179337057735845,-0.185180877508875,-0.191345833674652,-0.197915718476447,-0.205058942173063,-0.212386983488347,-0.220533737034959,-0.229133115497287,-0.238318956695091,-0.248189801919131,-0.258743945179493,-0.270059700875461,-0.282146922983191,-0.294962667961795,-0.308487087372469,-0.322493578912586,-0.336654066651195,-0.350135376013386,-0.361770312215789,-0.368595948599679,-0.366213187598612,-0.346524073621055,-0.296017947315949,-0.195975978557834,-0.0364688848203629,0.170656617853825,0.378396895522546,0.544987137618921,0.655803352367474,0.719124879477228,0.746352593134634,0.745289411309227,0.725166412112481,0.686364405324118,0.628109510270241,0.552496239447202,0.47739313910756,0.406563931542933,0.342634955475648,0.286413610343388,0.237189845639332,0.196144610109849,0.163516459696817,0.138731034253488,0.12284630930404,0.120557966343931,0.130253100634414,0.137868665748721,0.183301496352733,0.036535317950485,-0.0176841869953417,-0.0398639444425069,-0.0424735643770599,-0.038872948998289,-0.0276532964297889,-0.0169329404643357,-0.00341550204459824,0.00508827595942894,0.0169380145414827,0.0238701391904961,0.0317889231108192,0.0375301219255565,0.0426348365342169,0.0473613776239256,0.0504337373034028,0.0543509355858356,0.0562096907058871,0.0590402002918387,0.0607467833721566,0.0625959380885782,0.063680850563736,0.0648101721867858,0.0657771604349836,0.0661442383469641,0.066967210356643,0.0669794400416882,0.0675777539799586,0.0675234436437063,0.0677763479339461,0.0676567697152749,0.0676462030584236,0.0674365895791127,0.0672686521562325,0.067018027782638,0.0667447152682765,0.0664311141713824,0.066176035174429,0.0657838041216005
-0.124635669726873,-0.127489111084615,-0.130450240675976,-0.133555526839055,-0.136811163587066,-0.140216848457324,-0.143773446195261,-0.147400103275588,-0.151305708660734,-0.155533254117711,-0.159857897271069,-0.164425294374353,-0.169241166764384,-0.174319579312536,-0.179660723060741,-0.185282912991884,-0.191164908728773,-0.197753803433339,-0.204355046388124,-0.211352633066891,-0.218811369002518,-0.226690295210062,-0.234993633410097,-0.243684611845409,-0.252777245754131,-0.262123798970538,-0.271655781020915,-0.281103953377327,-0.290011063297523,-0.297916180616842,-0.30352753221984,-0.305288587586951,-0.300519312564575,-0.284759098179719,-0.25215494490818,-0.194999458086772,-0.106178087556979,0.0163165260710027,0.161284127112668,0.308154568098126,0.434487905221853,0.52897119725769,0.590749329002781,0.62378152135264,0.632634777245346,0.622186931053407,0.5948705139899,0.553040118470569,0.500452178801318,0.443674038533386,0.387751878849315,0.335040679826908,0.287431224917788,0.245129736459913,0.209094313970536,0.179715609082271,0.156961856777392,0.141979901300423,0.134650296614938,0.133319658485136,0.134050776464982,0.127257668612644,0.0888084608921142,0.0446572382806185,0.0227054874049155,0.0165343233523756,0.0199411487149517,0.0284208957219689,0.0394297012516523,0.0509426096203846,0.0620035303344386,0.0713841581737715,0.0793659484539216,0.0856968308712491,0.0899923099187574,0.0933535454557756,0.0944298666274269,0.0956264437412464,0.0942208521313644,0.093597800565866,0.09113695473202,0.0893080544251245,0.0867453681637213,0.0846086346386718,0.0821355948930257,0.08017059819617,0.0778672491709505,0.0762997219554265,0.0743176418814973,0.0729436175074305,0.0714566478794259,0.0702162244531808,0.0690293010984018,0.0678299513584232,0.0668709521724101,0.0657587462203466,0.0650335440365447,0.064060215325398,0.0633830330746523,0.0625557610597724,0.0618742645809453
-0.122597709977729,-0.125320972121116,-0.128143206382741,-0.131087105626076,-0.134106356983356,-0.137342620303649,-0.140792663241144,-0.144226753060419,-0.147748375649265,-0.151697885787228,-0.155747932085821,-0.159965049517787,-0.164383951093846,-0.169011346548481,-0.173844244135846,-0.178922462182818,-0.184103221736584,-0.18968916291077,-0.195696197310839,-0.201761335154213,-0.20810227652098,-0.214636222733196,-0.221395482240403,-0.228257473293418,-0.235158055632421,-0.241952340762384,-0.248356102531085,-0.254107228667663,-0.258610871776178,-0.261182854472078,-0.260597593478747,-0.255200332384935,-0.242782085020658,-0.219869106285835,-0.182627037773459,-0.127436445010761,-0.0513303036612959,0.0445748141165477,0.152302996466699,0.260877807494648,0.358007730459165,0.435815188512387,0.491290863559091,0.524538026371646,0.538333551428893,0.535412974596054,0.518147508358593,0.489050609189932,0.451099645838973,0.408702344419281,0.364877490082751,0.322330627542766,0.282558857217757,0.246838726392129,0.215595737624139,0.18938904494934,0.168372454175949,0.152742331338938,0.141968433192278,0.134392822483524,0.126552803442707,0.113124166139027,0.0905075270412841,0.0661380241417061,0.0489635728852893,0.0407753268740435,0.0396508110224616,0.0431929440317657,0.0497079767011862,0.0574440890169152,0.0654060289295083,0.0729870994129573,0.0797521749983829,0.0855656472272575,0.0904469779339775,0.0944178238955502,0.0975967011897009,0.100049718217907,0.101893703217878,0.103189779377979,0.104046472558065,0.10450397870627,0.104651035415048,0.104478817140123,0.104132325862221,0.103454546075014,0.102799984863236,0.101657062045757,0.100619426700163,0.0992093906501071,0.0977696492092097,0.0962174067203694,0.0943808734089638,0.092780739986496,0.090633236314731,0.0890021817378444,0.0866317246820859,0.0848388500309804,0.0826404140250216,0.0807765203807036,0.0787995660792974
-0.120449651925274,-0.123040014471716,-0.1257110040862,-0.128494694201632,-0.131284848956897,-0.134344896285031,-0.137549494466448,-0.140983956777569,-0.144434676048425,-0.147770294538297,-0.151476613196131,-0.155301610818188,-0.159309843149302,-0.163475786754414,-0.167790423481318,-0.172287504299788,-0.176925456089418,-0.181894286685376,-0.186798786024787,-0.191913915475079,-0.197127655740719,-0.202388875195923,-0.207642414323636,-0.212770637945867,-0.217659405692334,-0.222073493492114,-0.225728791572486,-0.228309128967727,-0.229111269298897,-0.227468966775641,-0.222270334265462,-0.21212536703576,-0.195154164093227,-0.169204281640992,-0.131912324529984,-0.0811010505685956,-0.0167835225847391,0.0593208856295237,0.142715637710651,0.22605455690767,0.302112284504651,0.365830794924688,0.413648707490702,0.445006901110761,0.461008066292927,0.463237268928274,0.453394978076082,0.433629104120045,0.406369183357595,0.374689518355959,0.340684532637782,0.306715148508823,0.274100176531549,0.243942492406118,0.217000483860025,0.193722331365226,0.174261195556263,0.158519650331602,0.145908934576286,0.135145983208741,0.124215740727616,0.11094209930239,0.0948567740118944,0.0787128669667035,0.0658390379996584,0.0580042878840555,0.0550405024968443,0.0557470533855559,0.0591168618947418,0.0639450760773397,0.0694220764216488,0.0749606910208028,0.0802006587923756,0.0848966325171509,0.0889805572333754,0.0924101491342428,0.0952278167911633,0.0974648700106614,0.0991930171180562,0.100460089509929,0.101336145701351,0.101871602863903,0.102114206971388,0.102112070307575,0.101903702797851,0.101524519451355,0.100995795304978,0.100351339563751,0.0996118034806035,0.0987909636506384,0.0979025105918945,0.0969702153809867,0.0959918177193126,0.0949837157423458,0.0939503180193133,0.0929041895160882,0.0918359924568826,0.0907654936210488,0.0896859345868234,0.0886072455791955,0.0875313204073128
-0.118212451149919,-0.120658603957611,-0.123172919972691,-0.125801637809337,-0.128521881242215,-0.131242417214998,-0.134203240877719,-0.13730573199228,-0.14042458126172,-0.143650115918829,-0.147018259898501,-0.150480141280857,-0.154061256457924,-0.157771316123752,-0.161574645079205,-0.165515273207558,-0.169446790436183,-0.173541717294073,-0.177810191353989,-0.181975073484342,-0.186129860453553,-0.190154796658825,-0.194011615793976,-0.19754721874122,-0.200581633451059,-0.202933333436348,-0.204233471702594,-0.204132670347442,-0.202056814130183,-0.197245478226893,-0.188882280119306,-0.175786765084842,-0.156653996509813,-0.130036230507854,-0.0944480528804269,-0.0494239295982104,0.0050110209078566,0.0666705994105626,0.132828156038135,0.198496262513467,0.259367261836449,0.311655739296691,0.352401870979923,0.381104918827735,0.397689161144322,0.403082111463246,0.398500404584602,0.385573593442212,0.366378011669667,0.342754346983451,0.316627642258081,0.289552482998014,0.263003826104543,0.23776974840345,0.214683292807618,0.194162878364058,0.176293196364608,0.161006939583534,0.147875067258219,0.136049061612794,0.124459017110464,0.112302855357147,0.0995407653157055,0.0873943473578728,0.0773041555095563,0.0703247825418436,0.0666727429010953,0.0657823058202012,0.0670809084670876,0.0698521278092742,0.0734144015084074,0.0773147556961244,0.0812032487425416,0.0848643309946135,0.0881554582204141,0.0910163735313679,0.0934289006296941,0.0953988579475636,0.0969592331668987,0.0981395447387485,0.0989836169306758,0.0995297451923453,0.0998140325567625,0.0998753150955033,0.0997411169742426,0.0994458187279023,0.0990073323604465,0.0984547123728665,0.0978026130480166,0.0970705303441839,0.0962702400785194,0.0954169043708312,0.0945205468344028,0.0935889945599529,0.0926309274125257,0.0916538276886291,0.0906612897439879,0.0896601951942019,0.0886549419653118,0.087647629515044,0.0866413203937345
-0.115884376603684,-0.118177093003946,-0.120540949988921,-0.123000651126875,-0.125477168916467,-0.128086144348731,-0.130795107921127,-0.133579103617681,-0.136450413777747,-0.13939271651597,-0.142422461682038,-0.145538542358955,-0.14871207546407,-0.151953355333834,-0.155269937529077,-0.15863566291183,-0.162031580173566,-0.165424215280442,-0.16878255399171,-0.172061690601639,-0.175197447126047,-0.178103069649226,-0.180676836652791,-0.182779483341912,-0.184216753070076,-0.18478870473543,-0.184140606910004,-0.181913562968486,-0.177631533119747,-0.170639769776738,-0.16019350232157,-0.145475254236497,-0.125588228556783,-0.0996253531168885,-0.0669308561786938,-0.0271738500520081,0.0188311014212313,0.0699462972401801,0.123323546230675,0.176387570207086,0.225705684079553,0.268903448842539,0.30367475902463,0.329361161080476,0.34558119869275,0.352821416383923,0.351950137599065,0.344095695822768,0.33066971458346,0.31332617366984,0.293242532392169,0.271969674168405,0.250389369958566,0.22947584361033,0.209834614496644,0.191857227164116,0.175667677257867,0.161317293961652,0.148488642240969,0.136709918356841,0.125473748263903,0.11447870415122,0.103726241801939,0.0938048558660595,0.0854910634453817,0.0792973885858713,0.0754210412250147,0.0736667101476214,0.0736627965146398,0.074925231737763,0.0770659517664376,0.0796780427980963,0.0824519375029375,0.0852000945027883,0.0877683910990561,0.0900748818303012,0.0920736548942418,0.0937488896131552,0.0951060648542144,0.0961589017722935,0.096931515125129,0.0974499195660071,0.0977398865162642,0.0978303209893195,0.0977431158773131,0.0975058292552703,0.0971362925193558,0.0966540106473895,0.0960787942524894,0.0954216707992537,0.0946988233871036,0.0939185490094406,0.0930954819643913,0.0922334825469802,0.0913441179532943,0.0904307604172136,0.0895012271597492,0.0885589554220229,0.0876091906085875,0.0866545666791994,0.085698586979174
-0.113490532189856,-0.115634089641544,-0.117640752435928,-0.120189120082314,-0.122418518329469,-0.124812164816842,-0.127285222533646,-0.129821173347151,-0.132411570908256,-0.135061453847765,-0.137757412806381,-0.140499845546843,-0.143283957464299,-0.146078036114248,-0.14891099225765,-0.151626657448266,-0.15458167421582,-0.157372411430886,-0.159852427055652,-0.162288436141863,-0.164504926256556,-0.166377794526298,-0.167807991726856,-0.168669626255364,-0.168730594711866,-0.167813857831374,-0.165615047884198,-0.161754580756829,-0.155839159153465,-0.147397490109721,-0.1357930085531,-0.120416526900198,-0.10069155956141,-0.0760975050966703,-0.0462991082050431,-0.0116005603826431,0.0277584797378004,0.070247674120546,0.114388523889136,0.157894345365681,0.19870003915344,0.234641283595456,0.264406245320181,0.287179037865003,0.302551644792233,0.310764812377694,0.312349145993081,0.308060339462163,0.29909040538774,0.286442440452522,0.271246583681727,0.254516671189238,0.237141814638429,0.219837513118944,0.203247431052306,0.187627799214429,0.173205844308685,0.160064818580409,0.14800944463218,0.136862239668314,0.126375890814446,0.116439084030183,0.107085468100127,0.0986280101535709,0.0914791585530966,0.0859037821491467,0.0820032268711283,0.0797613075894721,0.0789262427818389,0.079193607327228,0.0802778113010811,0.0818862920601649,0.0837627987916887,0.0857316592967513,0.0876580046582608,0.0894474837057702,0.0910463660013562,0.0924183812970628,0.0935564323278927,0.0944569294132214,0.0951321681462851,0.0955956206774094,0.0958639042094311,0.0959595017304598,0.0958956713059931,0.0956955329260844,0.0953753520085338,0.0949489040139035,0.0944336599724568,0.0938401570451624,0.0931809630397985,0.092465912835032,0.0917052378569777,0.0909071590646205,0.0900779193177952,0.0892241397426423,0.0883514493955609,0.0874641034063209,0.0865664070156292,0.0856617580121458,0.0847535131643412
-0.111030022765917,-0.1130307594648,-0.115012647196016,-0.117153852335959,-0.119270609773209,-0.121459289928277,-0.123704609860655,-0.12598676009716,-0.128310931370587,-0.130657047341063,-0.133053426508904,-0.13542312716823,-0.137816579635188,-0.140191574253565,-0.142548430706217,-0.144763760749084,-0.147114226965742,-0.149211904064301,-0.151082956629681,-0.152758228238761,-0.154123961476166,-0.15509110982527,-0.155526006869082,-0.155311935675602,-0.154249544627422,-0.152117707655811,-0.148698742358312,-0.143658900601557,-0.13664817057353,-0.127277164485503,-0.115113385320244,-0.0997313478648137,-0.0807224328607221,-0.0578234598536871,-0.0310601929702069,-0.000482974156779954,0.0332576082149424,0.0691898215332382,0.10608786143151,0.142309980811774,0.176286338706227,0.206672287802398,0.232275309734964,0.252445926383978,0.266795939838516,0.275374687844,0.278564591051198,0.276862363803958,0.271089470879267,0.262112759156333,0.250661922887494,0.23765959400252,0.223727836048911,0.209556509376403,0.195590261989674,0.182152604635818,0.169502257724281,0.157666340422516,0.146662719876707,0.136395798243029,0.126804445525877,0.117822545925824,0.109567490834601,0.102156818336937,0.0958020539619748,0.0907282021471593,0.0869420532418035,0.0844438043607458,0.0830831301099914,0.0826659918969896,0.0829866465885458,0.0838137176097793,0.0849754965839869,0.0863068526512009,0.0876767322617076,0.0890142675200963,0.0902402878614908,0.0913259080123091,0.0922414679025353,0.0929820171861849,0.0935435877094851,0.0939351732578925,0.0941631915820512,0.0942435351650569,0.0941861209808917,0.0940072760365773,0.0937185650952005,0.0933336930515696,0.0928643020450197,0.0923214814568864,0.0917164420771825,0.0910574241788078,0.0903525508269046,0.0896101059694244,0.0888352764988324,0.0880363507489259,0.0872155704786597,0.0863790050277756,0.0855297790097134,0.0846725606286783,0.0838088039491313
-0.108530605248616,-0.110372100427436,-0.112250181477879,-0.114153507872268,-0.116112418133519,-0.118072297432322,-0.120078642862527,-0.122121901679198,-0.124179337097977,-0.126249216400313,-0.128302032082583,-0.130351115062053,-0.132383465259844,-0.134354111305913,-0.136245007455907,-0.138045546322999,-0.139722480100828,-0.141254455137708,-0.142552577289324,-0.143528422802597,-0.144152074300295,-0.144323119846372,-0.14390693689017,-0.142790300116419,-0.140805023484519,-0.13775130344877,-0.133399750412802,-0.127509179413325,-0.119801629290154,-0.1099590764072,-0.097678006216512,-0.0826506436295762,-0.0646917058652379,-0.0436277417843974,-0.0195123516515875,0.00738032873225132,0.0365478722289586,0.0672233795314056,0.0983997340693359,0.128875380062066,0.157621964163431,0.183499388837786,0.205677789500641,0.22355572021485,0.23682691907279,0.245434652701721,0.249660289374132,0.24975413530867,0.246419521894548,0.240192887810805,0.231731104791632,0.221683295538627,0.210614268313017,0.199027501102611,0.187378004601542,0.175903638485721,0.164908426679665,0.154429158295073,0.144547859610005,0.135295061467786,0.126613836086024,0.118549106176843,0.111179371493968,0.104596095581744,0.0988979649296683,0.0942172321976349,0.0905808448191543,0.0879784295131637,0.0862801754349217,0.085411134052969,0.0851764530671732,0.0854302808191554,0.0860330712790907,0.0868439893007051,0.087757550633299,0.0886943152856064,0.0895912098008589,0.0904046935555208,0.091109225121375,0.0916860442703226,0.0921288642000935,0.0924370861666742,0.0926124107771483,0.0926643428323992,0.0925987860520704,0.0924270782924386,0.0921572148141024,0.0918011745284604,0.0913678859772089,0.0908672294574215,0.0903073120787682,0.0896944873601543,0.0890381273619219,0.0883445418417717,0.0876194001420877,0.0868675911099942,0.086095088753749,0.0853047189585048,0.0845012882073265,0.0836876668531992,0.0828667248873201
-0.105987985203854,-0.10768531729083,-0.109391401528825,-0.111147457320033,-0.112887680321719,-0.11464565221519,-0.116439642004723,-0.118232243892422,-0.120037846643171,-0.121822729414841,-0.123595203891711,-0.125312851926487,-0.126978450346352,-0.128574808020141,-0.130035325812892,-0.131383877144648,-0.132642026072922,-0.133510800801666,-0.134296369662335,-0.134673362624497,-0.134639748214736,-0.134124456927897,-0.13300306748108,-0.131140337142037,-0.128412566994911,-0.124657670130905,-0.119658367871121,-0.113202910956283,-0.105072931051018,-0.0950884373310344,-0.0829674202182502,-0.0685726747936311,-0.0517531746139851,-0.0324749318892321,-0.0108205975406269,0.0128877477976115,0.0383033003862803,0.0647054469970499,0.0913294306066877,0.117357089840169,0.141893655074261,0.164165241514983,0.183481617444526,0.199378267155211,0.21158203161093,0.220002255185324,0.224797772261113,0.226172136054099,0.224587766454892,0.220491456490206,0.214348128718698,0.206686732982682,0.197953838657994,0.188578977718466,0.178925105397368,0.169236050534046,0.159743476673754,0.150585297186592,0.14186173617961,0.133591035879845,0.125826703035181,0.118619347512961,0.112024757892825,0.106119038310288,0.100975009253664,0.0966573619888021,0.0931984033430685,0.0905586351951871,0.0886895865665143,0.0875074749790067,0.0868888717819811,0.0867188184304177,0.0868855057543888,0.0872791387140083,0.0878152673561881,0.0884141933303737,0.0890224809200847,0.0895963657578167,0.0901046542527229,0.0905274091751676,0.0908521271747733,0.0910738531578935,0.0911900956022593,0.0912051777131996,0.0911213259820778,0.0909465716231448,0.0906867549260571,0.0903499833053854,0.0899435052674204,0.0894746157511071,0.0889508087332733,0.0883786475961081,0.0877640330879994,0.0871138393463777,0.0864320129044396,0.0857245808215699,0.0849941630211504,0.0842467837890628,0.0834853991665812,0.0827121227764582,0.0819315303321049
-0.103408605924846,-0.104975024173305,-0.106518132258645,-0.107834720484881,-0.109589830722019,-0.111220112708971,-0.11279644052935,-0.114347847438372,-0.115902294180282,-0.117432611261263,-0.118903152787444,-0.120328579989019,-0.121649557649903,-0.122871909170818,-0.123965777375006,-0.124845625597106,-0.125797634832996,-0.126144303194076,-0.126364637331106,-0.126212356873684,-0.125626476812576,-0.124524216692295,-0.122812946148417,-0.120373358251833,-0.117077743474585,-0.112761943495826,-0.107329898928528,-0.100563569358236,-0.0923022194291118,-0.0823395658327987,-0.0706116319300029,-0.0569345106181666,-0.0413003165676717,-0.0236836523389122,-0.00424650184335419,0.0167512772805735,0.0389861547271543,0.0618464600007702,0.0848459756073779,0.107247362685998,0.128415393778739,0.147731478413084,0.164693101774674,0.178885610322914,0.190094753861508,0.198202512545695,0.20333899713217,0.205592245421424,0.205321440603222,0.202832327854762,0.198516317447062,0.192767984413089,0.185952205086131,0.178419789301852,0.170472807258655,0.16234395892253,0.154253060294946,0.146322527891613,0.138684037438334,0.131377138944961,0.124494634206124,0.118080817274608,0.11217907254902,0.106875409663994,0.102220879843119,0.0982405443961125,0.0949584224546474,0.0923632757941602,0.0904113622975003,0.0890326462430624,0.0881481071438216,0.0876739905881253,0.0875109184134642,0.0875810988013203,0.0878130465230995,0.0881336638108196,0.0884956106218689,0.0888592087323363,0.0891910536531105,0.0894703596467857,0.0896817891471176,0.0898176548634227,0.0898717959471903,0.089844991155029,0.0897370107455347,0.0895518989158054,0.0892941628835934,0.0889686243864685,0.088581380325525,0.0881380052468065,0.0876438386689015,0.0871055558257602,0.0865269133944516,0.0859147415365881,0.0852722288839172,0.0846041747385615,0.0839135096973267,0.0832049500610397,0.082482419480143,0.0817474156338008,0.0810034414307172
-0.100811765651845,-0.102206882363539,-0.103617339012131,-0.105090273728885,-0.106395979974579,-0.107802003187442,-0.1091609515192,-0.11049963653351,-0.111802993580794,-0.113071877870119,-0.114271179340248,-0.115401171431128,-0.11643410473694,-0.117311702781247,-0.118055918317081,-0.118539442223965,-0.119142364177217,-0.119024187642574,-0.118790644987015,-0.118173504404111,-0.117115818615526,-0.115532449596683,-0.113339110382108,-0.110436368224524,-0.106699157263717,-0.102034307494038,-0.0963263561429165,-0.0893844922599995,-0.0811194131389761,-0.0714064099192352,-0.0601556156453422,-0.0472936124038707,-0.0327985295221619,-0.0167443366017274,0.000728694219991234,0.0194055317332671,0.0389591520065991,0.0589485272202976,0.078954247084365,0.0984044896207129,0.116838435433389,0.133731338820403,0.148710467007351,0.161428349171779,0.171721060834962,0.179449174921575,0.184717733731395,0.187546757558916,0.18822055517828,0.186970300084698,0.184083614022192,0.179865835866166,0.174629098919087,0.168635669989187,0.16217192841468,0.155412231491345,0.148577143669571,0.141781979081391,0.135139468616388,0.128749344618398,0.122689847985962,0.117000299741414,0.111747512380451,0.106992922007706,0.102769998882092,0.0991126194224009,0.0960326420917085,0.0935193621117554,0.0915512737156571,0.0900583182266744,0.0890038184013086,0.0883093366385204,0.0879047779236099,0.0877296979598475,0.0877138987044804,0.0878086911918921,0.0879665841052631,0.0881465466544601,0.0883257599504252,0.0884758248085727,0.0885846794138962,0.0886387542504219,0.088632694143598,0.088562497267213,0.0884272859153319,0.0882280524249111,0.0879668967290233,0.0876475655198873,0.0872742713558438,0.086850092348007,0.0863811629826732,0.0858704687730677,0.0853233763145712,0.084743679463343,0.084135534471557,0.0835022392947349,0.0828485360798711,0.0821767864638124,0.0814895627731969,0.0807905173057705,0.0800814357995298
-0.0981977648402309,-0.0994607849208375,-0.100696619271924,-0.101928314910255,-0.103169778051211,-0.10437188803602,-0.105549193697613,-0.106664455188691,-0.107757223186813,-0.108774274597346,-0.109725595400715,-0.110575195100803,-0.111314674202957,-0.111907223060004,-0.112309673332538,-0.112447103521412,-0.112464097956202,-0.11222332964778,-0.111596497686378,-0.110577005739137,-0.109123355118211,-0.107150220963192,-0.104575487833173,-0.101315784165732,-0.0973029112362085,-0.0924051468240643,-0.0865201632883167,-0.0795416440814416,-0.0714239186796147,-0.0620239869433297,-0.0513257333189396,-0.0392744607729746,-0.0258901369407332,-0.0112694378636484,0.00449842334259652,0.0211530886747783,0.038461354936431,0.0560661746191619,0.0735847970416788,0.0906434152055755,0.106794135431547,0.121691944616076,0.134991723811626,0.146443564315538,0.15589528351013,0.163222341014692,0.168492101141095,0.171718293600437,0.173087780866166,0.172770266308938,0.170998860370702,0.168016398801652,0.164056853507669,0.159362651684951,0.154137717713766,0.148572801306342,0.142834241326005,0.137060700181026,0.131351218289436,0.125805328580868,0.120494456599212,0.115478464606017,0.110822119862098,0.10656802875913,0.102749180852295,0.0994028737651556,0.096534665057374,0.0941361202181686,0.0921857568204817,0.0906514230133829,0.0894938937248588,0.0886475496573261,0.0880744246092395,0.0877107964405804,0.0875064725360057,0.0874195600246553,0.0874100611854423,0.087440274262499,0.0874860577241588,0.0875247264576548,0.0875396423749598,0.0875195578452859,0.0874552264622232,0.0873426365600548,0.087178413206197,0.0869621888311692,0.0866947137556578,0.0863770065538375,0.0860125782415564,0.0856039702730468,0.085154459570411,0.0846679891582857,0.0841476057658269,0.083597136218374,0.0830203100604752,0.0824189011186703,0.0817978851453054,0.0811596138606616,0.0805055200565201,0.0798396568762631,0.07916300712858
-0.0955994597629845,-0.0967125061621952,-0.0978265697180379,-0.0988954188042589,-0.0999571828590946,-0.100991239017046,-0.10197600452547,-0.102905062912775,-0.103767588112604,-0.104574404966175,-0.105272580185889,-0.105870634973862,-0.106343590593433,-0.106661457868769,-0.106785016842613,-0.106697062607741,-0.106368799849087,-0.105744738795265,-0.104782103397081,-0.103438134088787,-0.101648762734818,-0.0993589546641856,-0.0964986353901366,-0.092996317609927,-0.0887629248573017,-0.0837219541124789,-0.0777949636592045,-0.0708992517443265,-0.0629824829779021,-0.053969006669816,-0.0438479379343762,-0.0325925552522536,-0.0202542248088247,-0.00691471189080318,0.00732728711710452,0.0222314954161705,0.0376500030970078,0.0532221893020865,0.0687085896751611,0.0837397446799081,0.0980174077497752,0.111230512228043,0.123124150634288,0.133481952273945,0.142180386592879,0.14910564481904,0.154287490632399,0.157747140311913,0.159608434764105,0.160004807652229,0.159111216002624,0.157110268943008,0.154213096131073,0.150583027502712,0.14643827149185,0.141893959621951,0.137141635593231,0.132270027374193,0.127403021963909,0.122623445044058,0.117998469974176,0.113605407407837,0.109495110382857,0.105699397342469,0.102265545363013,0.099218097610463,0.0965620663510017,0.0942966157567914,0.0924078691357297,0.0908776419586501,0.0896625288081321,0.0887270947518347,0.0880323889387109,0.0875319188266955,0.0871867039466023,0.0869594559713537,0.0868126317842254,0.0867198016614681,0.0866543778028595,0.0865961402510617,0.0865300705542475,0.0864428989805043,0.0863263921530164,0.0861739637459779,0.0859819479112533,0.0857480384710378,0.0854721866533752,0.0851537297499548,0.0847959035471814,0.0843985381407494,0.0839661073370811,0.0834992639170568,0.0830025340701622,0.0824777705438088,0.0819280177026284,0.0813562278256048,0.0807645771671846,0.0801561046221227,0.0795322084358647,0.0788983690788925,0.0782522376645776
-0.0929206214100352,-0.0939792071305723,-0.0949253971982854,-0.0958779122897376,-0.0967769159668177,-0.0976452457323057,-0.09845841926976,-0.0992058547152828,-0.0998734902111829,-0.100454376036151,-0.100940417031879,-0.101295667681885,-0.101523557674656,-0.101593760485776,-0.101478488788466,-0.10111344035643,-0.100560924293345,-0.0996229053974663,-0.0983497730270505,-0.0967357590911108,-0.0946874502732298,-0.0921508170735753,-0.0890702493014484,-0.0853814592820686,-0.0810262912083081,-0.0759234283298889,-0.0700373797554844,-0.06328089986897,-0.0556297416750441,-0.0470389751822144,-0.0374917251409107,-0.0270105989521494,-0.0156344937560305,-0.0034432636888817,0.00944783620996283,0.0228730323061421,0.0366473537129352,0.0505311683704265,0.06428392667564,0.0776349473982122,0.0903348075266834,0.102129744788208,0.11282601209369,0.122227817928837,0.130246316191066,0.136780534034304,0.141830595662802,0.145416439123077,0.147631264643048,0.148563051682737,0.148350097759568,0.147145082256048,0.145097178123191,0.142372160373466,0.139111320843576,0.135463597021658,0.131545797836407,0.127484932868878,0.123358727001577,0.119276907631544,0.115281953683984,0.11145471925531,0.107838169786892,0.104474801976507,0.101402366543477,0.098638342984911,0.0961971093005423,0.0940814759158924,0.0922835981013262,0.0907806221139575,0.0895505163464833,0.0885684066273711,0.0877963819089603,0.0872023485912332,0.0867528181882648,0.0864186275072296,0.0861664912233459,0.0859746508007117,0.0858189057067961,0.0856802366421782,0.0855450970135511,0.0854003201382795,0.0852371241177177,0.0850487461545751,0.0848306188983211,0.0845791827444641,0.0842941810481099,0.0839739136727686,0.0836198007034366,0.0832319896608401,0.0828129948987652,0.0823638215981856,0.0818871199484737,0.0813851876869327,0.0808602988268064,0.0803143066412389,0.0797504815691326,0.0791696903962995,0.0785757899495813,0.0779681438175216,0.0773517703672066
-0.0903977349234231,-0.0912528422475006,-0.0920919310902651,-0.092894768053811,-0.0936434674731726,-0.0943484141293326,-0.094998100680398,-0.0955705187751033,-0.09605795969911,-0.0964547131730032,-0.0967236705850689,-0.0968700886148239,-0.0968742313742701,-0.0967161256900037,-0.0963550118634952,-0.0957808119403839,-0.0949154918655438,-0.0937702677376411,-0.0922990535166155,-0.0904570113877059,-0.0882048116287598,-0.0854883098709503,-0.0822559551718838,-0.0784526629078468,-0.0740340636829494,-0.0689366466395619,-0.0631392245817668,-0.0565690821748655,-0.0492206871076446,-0.0410581542262623,-0.0320868616591574,-0.0223421556966002,-0.0118373431338118,-0.000694413699321527,0.0110256309598792,0.0231395898880864,0.0355163845231058,0.0479496073204951,0.0602331999683028,0.0721669454337748,0.0835206767016458,0.0941208375096008,0.103778251176709,0.112357730679798,0.119764527531124,0.125910252415889,0.130812215524923,0.134455102572609,0.136903394956114,0.138237696648698,0.138560063456784,0.137983586662843,0.136647741200195,0.134657680931732,0.132171011174809,0.129273577642083,0.126105535605603,0.12274405277663,0.119293138892019,0.115823608341803,0.112397980905932,0.109087510249514,0.105923717177696,0.102960166685534,0.10022532340202,0.0977329313660066,0.0955072471967729,0.0935508402832619,0.0918535779267624,0.0904071064585033,0.0891954373598744,0.0881971629269165,0.0873822045892303,0.0867286268590333,0.0862079125910333,0.0857934111582654,0.0854634258467555,0.0851942505088393,0.0849655363420175,0.0847622886851894,0.0845689171724705,0.0843757827030122,0.0841725322075068,0.0839529194244389,0.0837115500216675,0.0834449678832985,0.0831510174150667,0.082828417027102,0.0824774304905247,0.0820974650365983,0.0816903243997198,0.0812561949631489,0.080798002029844,0.0803166346481906,0.0798141947387637,0.0792924228013014,0.0787533100011753,0.0781988310488239,0.0776307222206202,0.0770505985518136,0.0764605147136146
-0.0878395064713921,-0.0885663206914583,-0.0892830919927603,-0.0899527729865047,-0.0905592072539268,-0.0911132835393835,-0.0916075466652167,-0.0920218754739768,-0.0923358994867152,-0.092547770508569,-0.0926445698348567,-0.0926075623997704,-0.0924103515977287,-0.092038944200087,-0.0914717166447158,-0.0907372643817638,-0.0895699982936741,-0.0882915688742117,-0.0866249710392069,-0.0846051263035747,-0.0821867011635619,-0.0793344434911124,-0.0759995636520403,-0.0721284222676498,-0.0677081958193258,-0.0626726843198178,-0.0570008167696364,-0.0506531623936355,-0.0436232996467058,-0.0358914554430874,-0.0274770896865745,-0.0184030216532866,-0.00871182772313462,0.00150435445947712,0.0121799576958159,0.0231568304453702,0.0343338396825724,0.0455160836170794,0.0565743281934518,0.0672940136030021,0.077505524050792,0.0870687657804001,0.0958448416317873,0.103696602708585,0.110554762357523,0.116342431744984,0.121069918053434,0.124709473793598,0.127317472542059,0.128950088685269,0.129684353981551,0.129618705858705,0.128846873150517,0.127484171312551,0.125626133233697,0.123384118445549,0.120844596590661,0.118105772363823,0.115235447134496,0.112321699619227,0.109402938108622,0.106558695060091,0.10381400123868,0.101218192921825,0.0987935347518396,0.0965655744257396,0.0945511331269807,0.0927531827273007,0.0911715504974049,0.0898008356584396,0.0886295046816785,0.0876374284823039,0.0868075254987079,0.0861212750379649,0.0855539119811848,0.08508723191662,0.0846989458289206,0.0843715123119131,0.0840872560825594,0.0838329828238843,0.083593907066902,0.0833606927127053,0.0831246801865385,0.0828786141917715,0.0826176855113657,0.0823376095702757,0.0820362502206597,0.0817113178237693,0.0813626856738816,0.080989684049416,0.080592847860709,0.0801731004888275,0.0797309416732926,0.0792681424816775,0.078786247153205,0.0782863632181455,0.0777706552506445,0.0772400394969667,0.0766967262154858,0.0761422191184542,0.075577330037677
-0.0853024979529835,-0.085930645393815,-0.0865147503640261,-0.0870581309533715,-0.0875369351115843,-0.0879472614821164,-0.0882949484886944,-0.0885544226854349,-0.0887176074352226,-0.0887657093701059,-0.088692607454207,-0.0884789463417273,-0.0881117014740504,-0.087562475159908,-0.0868014118869582,-0.0858312041375023,-0.0846305169286282,-0.083139571624931,-0.0813103397728141,-0.0791546630581494,-0.0766134943074349,-0.0736619008072195,-0.0702641457234272,-0.0663790105667739,-0.0619907918748735,-0.0570447023804189,-0.0515335315693183,-0.0454302633866656,-0.0387222959342597,-0.0314192854244237,-0.0235253564858421,-0.0150825938188509,-0.00612661219857345,0.00326243054428309,0.0130070139130554,0.0230040095604853,0.0331234309050552,0.0432432591048718,0.0531912828567626,0.0629088750358897,0.0721376665344321,0.0808180960065655,0.0888185025596134,0.0960348937273105,0.10239944038151,0.107854472778076,0.112392623420936,0.115996446378807,0.118697737051373,0.120548277325542,0.121603261491043,0.121936552944405,0.121637633042538,0.120779257920545,0.119468153862957,0.117772507573825,0.115788541461882,0.113585241320983,0.111236998192571,0.108809915239849,0.106353677437884,0.10392097478923,0.101557888765949,0.0992991303365266,0.0971663469487607,0.0951882310678335,0.0933769393723205,0.0917394799289798,0.0902811485629077,0.0889989359819691,0.0878793628371202,0.0869156571445832,0.0860925200505119,0.0853941828495936,0.0848034945214127,0.0843029771395619,0.0838760372527704,0.0835073073972017,0.0831828732115459,0.082889128378866,0.0826147944868156,0.0823504819399856,0.0820878892946874,0.0818207948016416,0.0815438534910169,0.0812529728618023,0.0809456589778754,0.0806193165072204,0.0802734426832763,0.0799069440403248,0.0795198439677317,0.0791127022818045,0.078685739280597,0.0782401443012191,0.0777772808354599,0.0772980344007581,0.0768035944941366,0.0762957859738753,0.0757754474712843,0.0752442076077638,0.0747032436052769
-0.082806480302527,-0.0833215264468412,-0.0838002499832291,-0.0842161924173015,-0.0845691925705255,-0.0848577046015487,-0.085070820591109,-0.0851892543806002,-0.085208740719138,-0.0851132094974023,-0.0848853565089418,-0.0845215540713323,-0.0839926430402013,-0.0832914573030565,-0.0823846904775097,-0.0812753096586213,-0.0798978585594759,-0.0782810908546649,-0.0763354704560159,-0.0740740641373063,-0.0714482014130621,-0.0684388283122704,-0.0650155475259335,-0.0611455777215264,-0.0568199494896805,-0.0519947068927172,-0.0466628606900822,-0.0408044996887892,-0.0344273567020958,-0.0275357744956106,-0.0201344571567934,-0.012280495268097,-0.00398429834422657,0.00464930996104649,0.0135866109216207,0.0227005528664126,0.0319152932015238,0.041096455371847,0.0501651081741619,0.0589369988310693,0.0673380590740957,0.0752515860903086,0.082579433604402,0.0892363480635951,0.0951571427175332,0.100300571841259,0.104649788148721,0.108189761571412,0.110956375391377,0.112946730872465,0.114250315068095,0.114907861296112,0.114981577513984,0.114553823320498,0.113687296309562,0.112464549846164,0.110948501666811,0.109209345727634,0.107316572029523,0.105321986279661,0.103270587112488,0.101219132960817,0.0991976228893661,0.0972465075991189,0.0953858974530016,0.093643183948351,0.092025246560702,0.090548519962266,0.0892174168218641,0.0880267086182951,0.0869745077456158,0.086054903065992,0.0852539411264917,0.0845604728437547,0.0839622646855683,0.0834448760696246,0.0829953954751132,0.0826005510482541,0.0822477654652346,0.0819260838521129,0.0816258528127718,0.0813385471642285,0.0810561826029337,0.0807732609334871,0.0804843830911193,0.0801856794834079,0.079874335146049,0.0795478688129144,0.0792051778207477,0.078845147001012,0.0784674814323903,0.0780722322136579,0.077659550394784,0.0772304434892477,0.0767851365385835,0.076324809551634,0.075850911447609,0.0753639422067171,0.0748655615839755,0.074356534324683,0.0738386562384816
-0.0803497905876912,-0.0807654061296166,-0.0811329766552881,-0.0814346755183351,-0.0816720171286751,-0.0818410070791076,-0.0819277810349521,-0.0819227913986535,-0.0818138366392201,-0.081588812942831,-0.0812340886172638,-0.080727433694952,-0.0800602788798687,-0.0792272903206658,-0.078186019799507,-0.0768584601553052,-0.075351382702015,-0.0736727447754492,-0.0716547186723278,-0.069292930129265,-0.0666683782504423,-0.0636122547515338,-0.0601709939239233,-0.0563970686551448,-0.0521393927760641,-0.0474558045301755,-0.0423332552071233,-0.0367020415827581,-0.0306600004756515,-0.0241501442379377,-0.0172186303710616,-0.00988972831573832,-0.00220722137940063,0.0057660313052787,0.0139710824644566,0.0223226352365273,0.0307366578326923,0.0391185720259576,0.0473638107004977,0.0553657433058072,0.0630386121192122,0.0702788025834412,0.077017659643546,0.0831726944940595,0.088695734609152,0.0935483860133195,0.0977091264381642,0.101169925802674,0.103950828452543,0.106060381610221,0.107536719696457,0.108445186667313,0.108830896313582,0.108746132241876,0.108263062026578,0.107434059769169,0.106325606985423,0.104994957961134,0.103494715416613,0.101882086680932,0.100194033053043,0.0984797945730031,0.096770756251038,0.0950965386665184,0.0934884324440332,0.0919629748592051,0.0905328298736919,0.0892130490773621,0.0880066431457912,0.086915441121039,0.0859391441503371,0.0850720575158993,0.0843045976300069,0.0836304732936914,0.0830387036409319,0.0825188283469915,0.0820594834111976,0.0816502294911684,0.0812805402928224,0.0809413219365719,0.0806239822511016,0.0803205907134574,0.0800247337230071,0.0797306700082238,0.0794337927498729,0.0791302432729788,0.0788171170139625,0.0784919872929339,0.0781534205218902,0.0778001308400363,0.077432029955435,0.0770485898098135,0.0766493065761609,0.0762357976572029,0.0758072588000442,0.0753650195516977,0.0749101466475087,0.0744435291638263,0.0739655451035062,0.073477910399453,0.072980976833474
-0.0779360014853942,-0.0782582281940697,-0.0785169370074238,-0.0787183716952888,-0.0788522691483919,-0.078910217359535,-0.0788828723548956,-0.078760429765653,-0.0785305194314181,-0.0781846853237988,-0.0777164709515536,-0.0770919807652524,-0.0763088521376247,-0.0753544574152634,-0.0742004115436576,-0.0727815929424177,-0.0712399429805523,-0.069497917882389,-0.0673298190211793,-0.0650673391740126,-0.0622807266767311,-0.0591870663809962,-0.0557985367387182,-0.0520352250618019,-0.0479119790826901,-0.0433211230924962,-0.0383219962157632,-0.032899954603576,-0.0272973523434442,-0.0211789693539691,-0.0146977212117986,-0.00786728624145042,-0.000722234293821092,0.0066579772214522,0.0141962437656329,0.0218720742456553,0.0295960623982273,0.0372632139082707,0.0447932367497507,0.0521238788062162,0.0591519640562275,0.0658128103429891,0.0720273192855575,0.0777433565561555,0.0829048457313781,0.0874893956086471,0.0914683898929413,0.0948373144902404,0.0975977807075764,0.0997869374792014,0.101408289905545,0.102519163686452,0.103144543726547,0.103352499737646,0.103180961941813,0.102690420873968,0.101926329504018,0.100945565632488,0.099789609587828,0.0985103947428679,0.0971437658982977,0.0957300502653295,0.0943019027551356,0.0928857529714065,0.091507363527737,0.0901831671934788,0.0889313444515167,0.0877621836701418,0.0866792758337841,0.085690198596491,0.0847941402283073,0.0839852852980278,0.0832620409577735,0.0826180783987024,0.0820433916720538,0.0815313603807235,0.0810727685654949,0.0806593940250933,0.0802826635268702,0.0799342022104239,0.0796072814256832,0.079294391794556,0.0789904948565671,0.0786901269665545,0.0783889486899926,0.078083482759657,0.0777708000357768,0.0774486127823159,0.0771153779180302,0.0767697904970368,0.0764110368280252,0.0760389199044869,0.0756531608621378,0.0752541551326884,0.0748419821029618,0.0744172224138026,0.0739806162443304,0.0735327532105018,0.0730747274865209,0.072607114279187,0.0721306614359489
-0.0755779777136871,-0.0757961034046744,-0.075963849237217,-0.0760686855878549,-0.0761030964074042,-0.0760591824796692,-0.0759279981439796,-0.0757000682482946,-0.0753651288407551,-0.074919855423035,-0.0743407523104198,-0.0736156394399818,-0.0727310449661864,-0.0716646917082869,-0.0704298619844815,-0.0689968184331515,-0.0673479109997737,-0.0654588757089348,-0.0633156704587632,-0.0607863580245679,-0.0580951959703254,-0.055067765491483,-0.0518157312033772,-0.0480636752999457,-0.044097945078313,-0.0395379619419435,-0.0347505030411279,-0.0298858206171337,-0.0243886981355783,-0.0186378264837335,-0.0125801828225208,-0.00616768759231998,0.000520911821572524,0.00736976707870896,0.0143333089499865,0.0214417447893578,0.0284979086462157,0.0355181474296784,0.042446827719315,0.0491996136574926,0.0556692620833292,0.0618018953169419,0.0675615212352201,0.0728793801196677,0.0777104749480706,0.0820418882560937,0.0858435800198469,0.0891143188567022,0.091847885917175,0.0940737923858904,0.0958013247616669,0.0970603811009271,0.0978878566486015,0.0983265295225781,0.0984218690003571,0.0982123361653443,0.097744831680716,0.0970650607091203,0.0962090856805939,0.0952247205402675,0.0941409721272211,0.0929979687088742,0.0918208547367154,0.0906362277028216,0.0894693156614376,0.0883328510279825,0.087247799860223,0.0862204619231356,0.0852603842595945,0.0843733822722591,0.0835578234674084,0.0828147119224012,0.0821419066798255,0.0815344595905574,0.0809858120271941,0.0804903238292687,0.0800415670124064,0.0796329604895629,0.0792565770454052,0.0789064980476593,0.078576182349269,0.0782601533018684,0.0779532705902119,0.0776506986005586,0.0773488206689737,0.0770442493635339,0.076734255089039,0.0764166242917086,0.0760897248541627,0.0757525166620547,0.0754035924763977,0.0750433368176388,0.0746705344086225,0.0742861198284081,0.0738894571475213,0.0734815049200054,0.0730620986157284,0.0726327547877103,0.0721932373958932,0.0717451078031353,0.0712882977324457
-0.0732578060106932,-0.0733887387550809,-0.0734734644467882,-0.0734894670565497,-0.0734355477397716,-0.0732982815783917,-0.0730726660899089,-0.0727497831430306,-0.0723238752432658,-0.0717771028665583,-0.0711021411815342,-0.0702854222161285,-0.0693180890027292,-0.0681750312396541,-0.0668516688178073,-0.0653616496963006,-0.0636444293788464,-0.0617097876811781,-0.0595075865988535,-0.0571537139599216,-0.0544046892518491,-0.0513846081401463,-0.0481065832256236,-0.0445074400648925,-0.0406221690573661,-0.0364554511486186,-0.0318261985787423,-0.0269737690863908,-0.0218277820754862,-0.0164003183684877,-0.0106437560650624,-0.00467446268717233,0.00146526184076892,0.00782666258865351,0.0143851534142411,0.0208446134199449,0.0273952821047622,0.0338865655305057,0.0402854204373626,0.0464649434915572,0.0525083445712649,0.0580849936908003,0.0635393267670359,0.0685271190739752,0.0730117928963909,0.0771089515504031,0.0807658387129271,0.0839265231041323,0.0866170102414634,0.0888641442683808,0.0906594733479789,0.0920384319126066,0.093027308598893,0.093653787991006,0.0939638324847641,0.093994306292894,0.0937783155633337,0.0933566254303677,0.0927623609270091,0.0920328496745476,0.0912010119971173,0.0902945773941272,0.0893446307050192,0.0883691090159739,0.0873958585032159,0.0864351916271568,0.0855056745165594,0.0846122304315483,0.0837701570266198,0.0829819552497944,0.0822495524272027,0.0815750142812357,0.0809564541120491,0.0803904305349596,0.0798750916483192,0.0794033799613963,0.0789715564150989,0.0785736969673206,0.0782047035371962,0.0778592399957994,0.0775315586673045,0.077217210748262,0.0769116735027047,0.076610985303305,0.076311628329987,0.0760106449646262,0.0757054324137526,0.0753941058475261,0.075074869455807,0.0747466960250365,0.0744083621093815,0.0740598578902207,0.0737002964555349,0.0733299125905802,0.0729486414971017,0.0725567356005536,0.07215466785419,0.071742576670833,0.07132151328246,0.0708916799808778,0.0704538149532274
-0.0709844756183336,-0.0710494449958024,-0.0710449291864726,-0.0709780683268028,-0.0708412266380449,-0.0706227002762735,-0.0703148804374794,-0.0699084231556614,-0.0693904674123487,-0.068759256758952,-0.068002723638497,-0.0671084144780828,-0.0660683776235707,-0.0648587781256809,-0.0634826233280138,-0.0619298121847413,-0.0601689198707797,-0.0581941253365656,-0.0559953117473603,-0.0535289365908225,-0.0509524988341827,-0.0478995582670288,-0.0447208347568057,-0.041226942351781,-0.0374481782291025,-0.0333904930696232,-0.0290431716964401,-0.0244046563677325,-0.0195214891783378,-0.0143568573643183,-0.00898541882274549,-0.00340213113447276,0.00235743643462415,0.00826758426869161,0.0143172244129943,0.0203277764353798,0.0263866704311677,0.0324009326958574,0.0382193280757681,0.0439904683993115,0.0494955069338214,0.0548509934186758,0.0598651936849852,0.0644993026955811,0.068702108360679,0.0726141287125829,0.0761121619069711,0.0790991357592406,0.0818047381131002,0.0840695438679988,0.0859420112806027,0.0874022516418662,0.0885003477538086,0.0893050704125534,0.0897946598738095,0.0900195809899442,0.0900201497305939,0.0898213521362815,0.0894515790705413,0.0889487945969372,0.0883336883857093,0.0876411472977784,0.0868892825493828,0.0861060985676058,0.085305203271033,0.0845053144277614,0.0837168533948576,0.0829558594436305,0.0822260713685458,0.0815335027207223,0.0808843836742712,0.0802793068866175,0.0797167237584149,0.0791974994836964,0.0787188045512406,0.0782765725458333,0.0778668106425669,0.0774858187623696,0.0771296748863089,0.0767937276718149,0.0764736280168534,0.0761653787808582,0.0758652925717025,0.0755698614261288,0.0752758886724732,0.0749809704839506,0.0746825571502343,0.0743790985507321,0.0740687979492157,0.0737506259665519,0.0734234990221477,0.073087051535432,0.0727407896228531,0.0723845939584042,0.072018398895642,0.0716422738683052,0.0712567848685858,0.0708617084434095,0.0704576684647462,0.0700463671299955,0.0696263705368043
-0.0687734315869386,-0.0687255337425657,-0.0686867718090152,-0.0685418448993014,-0.0683294646180055,-0.0680339229471025,-0.0676500167029333,-0.0671712280964706,-0.0665784598619429,-0.0658744783374553,-0.0650438999171107,-0.0640843017023851,-0.0629815336907135,-0.06171983872857,-0.060285669245472,-0.0586954362362825,-0.0569089043515002,-0.0549165013083073,-0.0527187142675852,-0.0503075724734988,-0.0477197324884119,-0.0447155663579667,-0.0416001073108856,-0.0382134461453141,-0.0345578655739826,-0.030665664504292,-0.0265165361930139,-0.0221168353091419,-0.0174793476719577,-0.0125978784813357,-0.00754258955997804,-0.00230585829558205,0.00321795456427276,0.00858032101676514,0.014188730017253,0.019805405916398,0.0254430194198126,0.0309954218335094,0.036467420861656,0.0418150148716682,0.046939726601414,0.0519042914711109,0.0563710622833563,0.0607373320642703,0.0649044053893645,0.0685003872065339,0.0718914225194347,0.074856006834139,0.077455740841525,0.0797083734625626,0.081547559340514,0.0830598242471577,0.0842741714029406,0.0852470318769457,0.0858778857696809,0.0862824667110031,0.0864215981646903,0.0864498585302632,0.086274913934143,0.0859622849419794,0.0855462469495361,0.0850394770420322,0.0844692033894815,0.0838531834042171,0.0832140126440177,0.0825582375342076,0.0819078715118127,0.0812652575499384,0.0806426193198348,0.0800424654486936,0.0794743084260919,0.0789359105986414,0.078435251507338,0.0779651298154535,0.0775255722279799,0.0771160490857073,0.0767334945488614,0.0763737169961812,0.07603484391746,0.0757123873403725,0.0754038690418331,0.075105757746053,0.0748147332238741,0.0745275719272275,0.074241714255318,0.0739549808723236,0.0736653104111286,0.0733712665920644,0.0730708694394598,0.0727637261369345,0.0724482544471419,0.0721245143420384,0.0717914914207331,0.0714495883959112,0.0710981623406101,0.0707376474441611,0.0703680978596996,0.0699898877937121,0.0696028610908286,0.0692085717231868,0.068806843290974
-0.0666224753602747,-0.0665523779042168,-0.0663923272008034,-0.0661922524917843,-0.0659069473215984,-0.0655362240380793,-0.0650834687597192,-0.0645294579672475,-0.0638773107861317,-0.063106929888865,-0.0622154522851442,-0.0611994882346584,-0.0600488685552754,-0.058743142635265,-0.0572834810413854,-0.0556560779450924,-0.053851986901583,-0.0518530898786599,-0.049667981143869,-0.0472683312217948,-0.0446346344631798,-0.041797704036665,-0.038743196018719,-0.0354632340325052,-0.0319336008776357,-0.0281944192571983,-0.0242211490125747,-0.0200382074091183,-0.0156391328311379,-0.0110472191519665,-0.00626825070676694,-0.00131715171103272,0.0037285582539832,0.00884495199476882,0.0140693953130476,0.0193125707833922,0.0245136559570495,0.0297036177543476,0.034775930021887,0.0397568050519757,0.0445616328978903,0.0491457616975498,0.053500714821665,0.0575958862792463,0.0614089358592315,0.0648970251352797,0.0680683386464498,0.0709467753718311,0.07347800248545,0.0756794713227315,0.0775687744095073,0.0790827580416332,0.0804676215149819,0.0814110963832824,0.0821338247952377,0.0827314353583542,0.0830449553688184,0.0832496103860857,0.0832481673132197,0.0830700106315606,0.0828003489704809,0.0824674168568876,0.082111170112018,0.0816124302722456,0.0811411830246963,0.0806175935131388,0.0800934197652618,0.0795558691561412,0.0790342418522938,0.0785206099823686,0.078027643500131,0.0775633362701353,0.0771260522742493,0.0766944509627625,0.0763019788076472,0.0759279217096673,0.075574971618282,0.075239975052378,0.0749203550698412,0.0746155831287122,0.0743228160977279,0.074039569120203,0.0737588914973329,0.0734826075814136,0.0732065502674946,0.072931938111993,0.0726535180142366,0.0723685304739343,0.0720788708753583,0.0717830081802992,0.0714800676535178,0.071169104705719,0.0708500492962196,0.0705221416696431,0.0701858014256892,0.0698405061964801,0.0694870410403813,0.0691248358354552,0.0687546382955527,0.0683769869163008,0.0679924783905324
-0.0645250028777646,-0.0643841927485337,-0.064173825206835,-0.0639020414004894,-0.063554383382705,-0.0631284838045277,-0.0626119029609548,-0.0620014093052263,-0.0612892783630589,-0.060453549995862,-0.0595160199638042,-0.0584596923930075,-0.0572600839377454,-0.0559281092403046,-0.054439099033091,-0.052790646355247,-0.0509779738562794,-0.0489814119933954,-0.0468119963102037,-0.0444443524078085,-0.0418599312897513,-0.0390882867092909,-0.0361203055909704,-0.0329467340189795,-0.0295488118825079,-0.0259519167996529,-0.0221633395130196,-0.018173509550493,-0.014009367076911,-0.00966117255845358,-0.00515274359563794,-0.00051102850005923,0.00422552242155179,0.00903238538077714,0.0138951070380988,0.0189081082093789,0.0236343218751477,0.0284992523743048,0.033235006569943,0.03786569671593,0.0423513697640208,0.046656595171128,0.050724773483265,0.0545683421958927,0.0581867652514962,0.0615381399283533,0.0645697370051112,0.0673358449386593,0.0698102681529148,0.071967738566926,0.0738261330807901,0.0754848924005415,0.0768094167314094,0.077912975980496,0.0787770090399239,0.0794266367951315,0.079912895140217,0.0801893754387223,0.0802787782413271,0.0802755610575699,0.0802182379257996,0.0800273500543636,0.0797681225134392,0.0794049320253012,0.0791046936809615,0.0786784009214658,0.0782564998186207,0.0778243587819268,0.0773954610750784,0.076976142136805,0.0765633248275819,0.0761688066423359,0.0757808844783483,0.0754043522682495,0.075054987333735,0.0747264475704627,0.0743985337849763,0.0740916451019829,0.0737911264770606,0.0735070212866511,0.0732380186988315,0.0729659673719336,0.0727003243755225,0.072437032006271,0.0721741058477439,0.0719222549099539,0.0716433304619185,0.071370956944094,0.0710944560478015,0.0708104685231799,0.070521083623876,0.0702218983136437,0.0699171222404429,0.0696028619231815,0.0692815030192799,0.0689518328651233,0.0686140253037635,0.0682679718212972,0.0679141105949072,0.0675527865833255,0.0671846401219805
-0.0624835548410255,-0.0622811933547894,-0.0620093169657874,-0.0616796624759649,-0.0612918535870744,-0.0608040961890203,-0.0602354677971559,-0.0595672064061904,-0.0588017378633156,-0.0579291126667383,-0.0569511082065993,-0.0558490208323351,-0.0546281995617026,-0.0532629054305237,-0.0517540545144982,-0.0500927486111577,-0.0482797495984789,-0.0462970361633563,-0.0441449187770351,-0.0418108764166248,-0.039294855537545,-0.0365914259350175,-0.0337022683259217,-0.0306332116347643,-0.0273643607598725,-0.023910122432271,-0.0202821490636158,-0.01648540640502,-0.0125263083864463,-0.00842979957762208,-0.00417249317546153,0.000178534650060577,0.00464212189871468,0.00915541225914327,0.0137095413196804,0.0185668912902922,0.0228791797636353,0.0273634446093596,0.03179609034985,0.0361227354938425,0.0403322907946646,0.0443687877696938,0.0482137025736475,0.0518500352386655,0.0552631409610912,0.0584451949829468,0.0613614320005623,0.0639975079566526,0.0664202593782297,0.068563532325182,0.0704251581294602,0.0720477769842546,0.0734386068418243,0.0746067263971424,0.0755409122683852,0.0762909708054454,0.07685478708304,0.0772739225003842,0.0775313741833775,0.0776753987014007,0.0776992965835337,0.077639951534233,0.0775059002870753,0.0772906757540635,0.0770494014895597,0.0767335901369556,0.0764363471247379,0.0760960477075104,0.0757740827882743,0.0754582338451918,0.0750619424207783,0.0747299448418579,0.0744047394659463,0.0741167657504444,0.0737685988760338,0.0734876821436213,0.0731968149855118,0.0729433062224984,0.0726513114001721,0.0724022572660802,0.0721390257699618,0.0718887211264971,0.0716390996338915,0.0713912596173879,0.0711409768763424,0.0708894570375772,0.0706347964663853,0.0703763992833076,0.070112746470548,0.0698427519131941,0.0695554665453361,0.0692791268554164,0.0690069109673275,0.0686932364747251,0.0683852997662148,0.0680704293668272,0.0677483263312925,0.0674170007483528,0.0670793453797807,0.0667339043777571,0.0663825243456876
-0.0605027472352304,-0.060248493600041,-0.0599303981697262,-0.0595125878989914,-0.0591015426113133,-0.0585810984921216,-0.0579485800598121,-0.0572363077352592,-0.0564299070336027,-0.0555244826418353,-0.0545103650632556,-0.0533750240394218,-0.0521212232350327,-0.050741820491364,-0.0492253250408699,-0.0475588666285957,-0.0457500452608425,-0.0437853201392713,-0.0416614446899786,-0.0393750851929145,-0.0369141770343978,-0.0342773304423219,-0.0314796604474509,-0.028507992218594,-0.0253653592113367,-0.0220552917931616,-0.0185868576886345,-0.0149653316817552,-0.0112026610732887,-0.00732746841878035,-0.00330544355198976,0.000788035642220711,0.00499124184345722,0.00922890968125169,0.0135299432415133,0.0178154984797088,0.0221007563455105,0.0263103711467987,0.0304762064039517,0.0345243768927757,0.0384719479456415,0.0422606861475173,0.0458882550503444,0.0493261893127737,0.0525771547901367,0.0556046226112487,0.0584023925648905,0.0609471536491583,0.0632975144518654,0.0654315925480282,0.0673258901824733,0.068893787527514,0.0703094101582181,0.0715148200907282,0.0725151698761009,0.073345289720026,0.0740037433982467,0.0745069292793627,0.074872966804949,0.0751186222614836,0.0752636789672511,0.0753127669770191,0.0752831994420055,0.0751969220415257,0.0750528935560722,0.0748837286012016,0.074629969017301,0.0744037934567516,0.0741463950255475,0.0738169616115147,0.0735943618576072,0.0733366546094384,0.0730027457313963,0.072792295661942,0.072526205199598,0.0722488975547467,0.0719982197893651,0.0717623217213908,0.0714967081652585,0.0712751838339911,0.0710247764896192,0.070784109127023,0.0705794941440315,0.0703549648453472,0.0701116032813971,0.0698701564885201,0.0696380085595253,0.0693887734695561,0.069139684349559,0.0688841927246447,0.068618575846765,0.0683522819016615,0.0680758613992681,0.0677908369634297,0.0674987579952914,0.0671992901528543,0.0668915722300433,0.066577372360841,0.0662544203812227,0.065926003931442,0.0655884079592204
-0.0585771298123949,-0.0582793294083675,-0.0579162202317414,-0.0574858374787939,-0.0569764619519984,-0.0564131980741883,-0.0557565061624791,-0.0549999815067945,-0.0541534118900594,-0.0532191577385391,-0.0521713756488931,-0.0510170884795897,-0.049748855353739,-0.0483555730013537,-0.046832015575008,-0.0451705832625561,-0.0433735096684175,-0.0414314891375646,-0.0393399017030145,-0.03709450432265,-0.0347030744106751,-0.0321420801084434,-0.029421904331613,-0.0265584283100192,-0.0235402966746243,-0.0203663121744142,-0.0170545491483861,-0.0136006650803142,-0.0100175069519266,-0.00633183208582416,-0.00253841155974882,0.00134540799733196,0.00529111190933301,0.00929115513091024,0.0133197507359401,0.0173500608466461,0.0213647719616481,0.0253440910099834,0.0292541218168819,0.033067554004371,0.0367555617439392,0.0403389344082223,0.0437534923390014,0.047027193409201,0.0500975483501901,0.0530022777601614,0.0557108614311594,0.0581599144683908,0.0604159178478894,0.0624645406958825,0.0642952166217733,0.0659404889877993,0.0673756383656959,0.0686193280942709,0.0696779847963517,0.0705674326637774,0.0712997692240322,0.0718869728370447,0.0723482836977804,0.0726887058184797,0.0729303836600848,0.0730746454636939,0.0731455456897717,0.0731507081238743,0.0731060328724178,0.0730045425616934,0.0728701176032808,0.0727031474245744,0.0725300948457408,0.0723731186943451,0.0721357212023362,0.0719071528980404,0.0716738106423087,0.0714606889698039,0.071206797755427,0.0709948127918705,0.0707991287194418,0.0705950006394937,0.0703572505548597,0.0701554816370212,0.0699202228973526,0.0696986037735572,0.0695174582214824,0.0692620205947512,0.0690862630497474,0.0688431896127399,0.0686391759167182,0.06841795379572,0.0681880990446831,0.0679384752205888,0.0676792981919652,0.0673711334930347,0.0671515950663049,0.0668936481054359,0.0666187389933923,0.0663344896354109,0.0660409324264832,0.0657411918494426,0.0654339642255024,0.0651201215802025,0.0648000864567016
-0.0567096428125448,-0.0563659479633668,-0.0559631341736896,-0.0554889330594239,-0.0549444566556758,-0.0543385144040383,-0.0536576026808191,-0.0528595767355812,-0.0519869614426642,-0.0510206697479686,-0.0499529291824542,-0.0487782235121308,-0.0474919719849351,-0.0460947674356547,-0.0445719690256448,-0.0429193798225983,-0.041137772429367,-0.0392257468031296,-0.037169591522778,-0.0349734814694204,-0.0326332364998971,-0.030151689716012,-0.0275308009372609,-0.0247633102303234,-0.0218587253892743,-0.0188126372633994,-0.0156417299076542,-0.0123496949442579,-0.00894377941074983,-0.00543489110404852,-0.00184309003497633,0.00182471799459341,0.00554089925099931,0.00931462081007713,0.0131000195278084,0.0169029511251415,0.0206722019152328,0.024417216510943,0.0280878501163146,0.0316885382858317,0.0351876425841947,0.0385624753407954,0.0417998198939437,0.0448898083308852,0.0478287899627144,0.0505819030803564,0.0531702418481162,0.0555655600076132,0.0577529744013482,0.0597553067146427,0.0615690243273711,0.0631946784987091,0.0646363230426466,0.0659010212895085,0.0669981858933469,0.067938490133278,0.0687327564370791,0.0693898359409206,0.0699262170292724,0.0703475574577788,0.07067207170013,0.0709058000665541,0.0710644492631963,0.0711553611085081,0.071191856934453,0.0711744102820175,0.071118835375807,0.0710326248612343,0.0709160102680763,0.0707961853903601,0.0706437902236141,0.0704754319241671,0.0703070115136203,0.0701291009322558,0.0699530706741481,0.0697611855629921,0.0695432112733643,0.0693578843773536,0.0691982891795284,0.0690195504718509,0.0688247761614205,0.0686303199485086,0.0684182091700911,0.0682514170388344,0.068057920365619,0.0678550105546795,0.0676613267012244,0.0674251151934777,0.0671896961770148,0.0669763833479837,0.0667427699547524,0.066503883790791,0.0662201932581935,0.065986721388712,0.0657538961640504,0.0654803382734758,0.065199167774127,0.0649060580136814,0.064601464443016,0.0643306762805218,0.0640175397191444
-0.0549005989420383,-0.0545192770848886,-0.0540772391207186,-0.0535698227447787,-0.0529902029936995,-0.0523545848276226,-0.0516083796723075,-0.0507982174953349,-0.0499072668340862,-0.0489227194501318,-0.0478367699511237,-0.0466528770559573,-0.0453585898032112,-0.0439570593176285,-0.0424412269604421,-0.0408041983025637,-0.0390425688923528,-0.0371615145580707,-0.0351462624716293,-0.0330030882569556,-0.0307228388530605,-0.0283187676749684,-0.0257759832937561,-0.0231073429282077,-0.0203142596201097,-0.0173955141445185,-0.0143645139273214,-0.0112196537925084,-0.00798088567970156,-0.00465011105240888,-0.00123739023896663,0.00223121711209265,0.00575497646810393,0.00931734373524754,0.0128923548310151,0.016471734695786,0.0200298079586909,0.0235566121005076,0.0270273054557099,0.0304158297379795,0.0337220516221274,0.0369283204233657,0.04000040116303,0.042934209111397,0.0457222812572361,0.0483732950679945,0.0508344876428303,0.0531593258454063,0.0552796290587139,0.0572349955069695,0.0590150735384325,0.0606231834520699,0.0620666529180202,0.0633475512939711,0.0644765482079155,0.0654565319652868,0.066302673906633,0.0670192211789477,0.0676209997627223,0.0681134738266975,0.0685104780795032,0.0688179810334398,0.069052724887188,0.0692175370033296,0.0693296377913154,0.0693869245873144,0.0694000153603125,0.0693798272475698,0.069333521181661,0.0692485761279137,0.0691713019320141,0.0690568500701692,0.0689371115798617,0.0688103916100348,0.0686979916152292,0.0685134106630808,0.0683706652371926,0.0681856765842931,0.0680480922293304,0.0678839611127223,0.0676975669135143,0.0675541470881407,0.0673726705395429,0.0672034948584422,0.0670292041280578,0.066841291947406,0.066647678026192,0.0664665870869431,0.066248169784286,0.0660419315026002,0.0657918013453124,0.0655889044952546,0.0653619343147616,0.0651067294298655,0.0648630860329845,0.0646218994702908,0.0643537191037644,0.064084585380481,0.063805673025292,0.0635294368297092,0.0632242064080137
-0.0531506722948758,-0.0527349352623469,-0.0522583921297856,-0.0517192789072797,-0.0511125941461892,-0.0504369125283351,-0.0496761378159587,-0.0488379451212402,-0.0479259543926006,-0.0469214149309855,-0.0458254780280668,-0.0446323818299898,-0.0433362208120018,-0.0419355240931505,-0.040429449183953,-0.0388090745456805,-0.037070868630614,-0.0352230325614743,-0.0332516711784918,-0.031155626965946,-0.0289401290799803,-0.0266130477189704,-0.0241565137422399,-0.0215841833324292,-0.0188995759084913,-0.0160951252089774,-0.0131941687330625,-0.0101927808322991,-0.00709995003435715,-0.00393192544602513,-0.000694278301895659,0.00260463231126586,0.0059398780656013,0.00930470886513989,0.0126927605323592,0.0160646172886858,0.019433010599469,0.0227556115718842,0.0260360114176277,0.0292428107978978,0.0323763363547142,0.0354040428522301,0.0383276547847778,0.041115814525307,0.0437909443099372,0.0463066623728202,0.0486898996834481,0.0509093482606473,0.0529797253929834,0.0548879019668312,0.0566354893591744,0.0582262401228867,0.0596642848377424,0.0609552878121344,0.0621019091540381,0.0631149358638937,0.0639986394803772,0.0647634180524136,0.0654177260523609,0.0659697886314369,0.0664296843238263,0.0668056056719006,0.0671068331413684,0.0673412925487579,0.0675179729412702,0.0676439866163601,0.0677205196824522,0.0677611091963072,0.0677716753986459,0.0677520606028422,0.0677155206083191,0.0676540928703438,0.0675814992277183,0.0674946597854002,0.0673872171809069,0.0672709193777608,0.0671548937533997,0.0670316283145303,0.0669034298375235,0.0667584577508731,0.0666141622004596,0.0664789733251011,0.06632183826008,0.0661677453476026,0.0660092998540048,0.0658431231921775,0.0656657669448605,0.0654877849568233,0.0652965696547832,0.0650942159570165,0.064898109816374,0.0646867604692449,0.0644695965909433,0.064245526093115,0.064010264598676,0.0637735151552078,0.0635146938949877,0.0632845747515391,0.0630008599163934,0.0627187194238757,0.0624590613044017
-0.0514535593540277,-0.0510042869551258,-0.0504988375274898,-0.0499294757679021,-0.0492966154099933,-0.0485923523768247,-0.0478139372921396,-0.0469916038206419,-0.046032264057995,-0.0450100049757652,-0.0439063918765617,-0.0427095967210125,-0.041414430331331,-0.0400182945619269,-0.0385259368689317,-0.0369273473983646,-0.0352170208522007,-0.0334031572691848,-0.0314742368240855,-0.0294317902375144,-0.027280861964918,-0.0250268372802649,-0.0226490170596342,-0.0201667359658118,-0.0175831395649993,-0.0148955875192976,-0.012117132949957,-0.00924983626725168,-0.00630502536454935,-0.00328631320426311,-0.000209844258456039,0.00291627910471803,0.00608252722908342,0.00927079317146467,0.0124680693368763,0.0156699097022972,0.0188510231878748,0.0219977273225816,0.0251024241660334,0.0281407399772561,0.0311116584487867,0.0339870583946075,0.0367700102985473,0.0394356241145574,0.0419869796404401,0.0443975886526643,0.0466879749370721,0.0488270503664852,0.0508363326561045,0.0526917435124847,0.054410467976359,0.0559788361723176,0.057410941566657,0.0587028292658708,0.0598658558690176,0.0609015719043026,0.0618185189013016,0.0626233385873315,0.0633211612826009,0.0639239324750677,0.064436006374,0.064868602633195,0.0652269336805404,0.0655205760550888,0.06575529963665,0.0659397744270105,0.0660718267391207,0.0661665991121017,0.0662374550903397,0.0662696713116061,0.0662817653247201,0.0662637341998019,0.066230594501381,0.0661856100110409,0.0661122719829493,0.0660416562535517,0.0659576705430611,0.0658643759963388,0.0657576524030075,0.0656496653548083,0.0655274836220689,0.0654119901113901,0.0652804467878222,0.0651396785204903,0.064993133504324,0.0648467272285935,0.064690058421032,0.0645395674883878,0.0643406028836642,0.0641623636496566,0.0639844064484826,0.0637873430830909,0.0635851977627009,0.0633751199184792,0.0631579363710302,0.0629289419022369,0.0626983391162634,0.0624478335507224,0.0622181568980941,0.0619577336992516,0.0616985316290995
-0.0498103920844922,-0.0493355935543193,-0.0488010342701613,-0.0482088962138086,-0.047551210738798,-0.0468236341796718,-0.0460284121209661,-0.0451716768021179,-0.0442171462282862,-0.0431951340116099,-0.0420811031894505,-0.0408824764012155,-0.0395930951252874,-0.0382092506249335,-0.0367306858761022,-0.0351556048895277,-0.033476401240739,-0.0316972608739113,-0.0298191561735375,-0.0278257439215752,-0.0257317740133425,-0.0235615752766076,-0.0212566528182556,-0.0188619773464439,-0.0163787298213314,-0.0137985835277152,-0.0111373305870081,-0.00839452879078475,-0.00557984423369638,-0.00270514515833662,0.000226212521452647,0.00320083664442306,0.00620446362759582,0.00923283592520513,0.0122696118121153,0.0152958608078174,0.0183129107016605,0.0212949372357615,0.0242352434909935,0.0271226615302117,0.0299357995704004,0.0326733918558151,0.0353206824712907,0.0378623365686536,0.0403031738991014,0.0426261840757703,0.0448222021719834,0.0468919987560305,0.0488358325359904,0.0506468457000448,0.0523255931177346,0.0538746547111529,0.0552910549744663,0.0565846742255094,0.0577518838348772,0.0588063409435774,0.0597451912029273,0.0605829581524844,0.061318078231903,0.0619651591342545,0.0625234138748983,0.0630067857056964,0.0634138641575712,0.0637603344901457,0.0640445077326714,0.0642828555280097,0.0644682737586032,0.0646192064051659,0.0647300815603007,0.0648080107371264,0.0648587079436637,0.064887717789912,0.0648936784294371,0.064849729684477,0.0648477171594031,0.0648225997931566,0.0647658186259684,0.0647034991999618,0.0646268601772878,0.0645396723036415,0.0644443265783889,0.0643495891438021,0.0642377137297925,0.0641161607479795,0.0639918729841466,0.0638584282666018,0.0637155811083114,0.0635617069603435,0.0634102839381075,0.0632466476016542,0.0630780124648912,0.0628970284689822,0.0627101886092446,0.0625154180814222,0.0623111906793217,0.0620985179075194,0.0618850404752403,0.0616571578067528,0.0614217844836808,0.0611660599456975,0.0609358993661099
-0.0482263669266574,-0.0477252291327707,-0.0471689894410072,-0.0465522494283967,-0.0458757365139521,-0.0451311087427334,-0.0443153093001461,-0.0434291939464592,-0.0424827597340983,-0.0414526728960254,-0.0403425845668606,-0.0391455305707878,-0.0378640992493177,-0.0364922928958395,-0.0350301755299489,-0.0334803521414565,-0.0318324263524451,-0.0300901317957819,-0.028255994579467,-0.0263182452758718,-0.0242868754626234,-0.0222188042589905,-0.0199395947601466,-0.0176408811796373,-0.0152538459939562,-0.0127785204311033,-0.0102255909835624,-0.00760299079794341,-0.00491725137276363,-0.00217192724392516,0.000615481612717206,0.00344482308505381,0.00630234720280163,0.00917516385891405,0.0120570251430898,0.0149366466595601,0.0177972336689278,0.0206271397919372,0.0234253807873155,0.0261616289756742,0.0288461693779638,0.0314474216454574,0.0339749754931129,0.0364038207436473,0.0387432629864269,0.0409674701899964,0.0430886879894844,0.0450829378491498,0.0469719430340707,0.0487299827044883,0.0503753752846403,0.0518952896096387,0.0532992536388009,0.0545861525021722,0.055757713450872,0.0568235096792902,0.0577797177420257,0.0586432958108844,0.059407476415763,0.0600898820999788,0.0606866366099854,0.0612113296002114,0.0616651236661673,0.0620569223613499,0.0623928519073213,0.0626762636713057,0.0628863305801861,0.0630999171927741,0.0632573974478184,0.0633753095167321,0.0634724394795625,0.0635275257439328,0.0635409810143053,0.0635466461472276,0.0636152980375606,0.0636105101097722,0.0635869008830522,0.0635481906893155,0.0635000429636947,0.0634395175728206,0.0633709246929922,0.0632888115011114,0.0632032556564176,0.0631049362914877,0.0629962348779285,0.0628783500233802,0.0627532424730173,0.0626273752562801,0.0624830223555681,0.0623361805306608,0.0621820188879614,0.0620157613941284,0.0618427990028017,0.0616619541225609,0.0614739326698602,0.0612783626715849,0.0610742633545561,0.0608623763218619,0.060664698280945,0.0604164136694036,0.0601772219293374
-0.0466895894271549,-0.0461668525484137,-0.0455889368791356,-0.0449554637224755,-0.0442609867762261,-0.0435025082431768,-0.0426723316402106,-0.0417840007533353,-0.0408194639149536,-0.0397894332568604,-0.0387178246359245,-0.0374905168350338,-0.0362229655102862,-0.0348684106475362,-0.0334258316823799,-0.0319018541302495,-0.0302878879354604,-0.028583617516081,-0.0267957397662916,-0.0249145697970174,-0.0229560818312048,-0.0209327963380408,-0.0187380391273863,-0.0165175336579664,-0.0142206688034924,-0.0118429744226499,-0.00939676564199129,-0.0068841161086184,-0.00431366820885714,-0.00169479901736483,0.000969591068413093,0.00366470181882444,0.00638463206421419,0.00912402399702054,0.0118602202248126,0.0145961985345804,0.0173171589932938,0.0200053426721646,0.0226627649733478,0.0252703674350486,0.0278202293496761,0.0303036115689519,0.0327154885725422,0.0350437831617834,0.0372816423255994,0.0394206228444321,0.0414653179184502,0.0433949730668526,0.0452253354208158,0.0469382172786478,0.048545212534865,0.0500383872202306,0.0514229942303348,0.0527009041013661,0.0538711544532252,0.0549443434720968,0.0559160085509591,0.0567978356451432,0.0575888091186436,0.0582971029538039,0.0589284311366848,0.0594861783840337,0.0599791349750567,0.0604084585449759,0.0607868024808771,0.0611072922170597,0.0613913965074051,0.0616218707007958,0.0618160138410234,0.0619729482219019,0.0620992268019885,0.0621657073007493,0.0622730282889577,0.062346541078972,0.0623908176640647,0.0624125432463572,0.0624179125851892,0.0624074692433216,0.0623858593981422,0.0623493031474397,0.0623011465269892,0.0622449372252449,0.0621777578015091,0.0620948076505286,0.0620085553389702,0.0619077085137469,0.0617978780758674,0.0616865450428198,0.0615666184882534,0.0614341562122636,0.0612913759552115,0.0611407164916892,0.0609805241442665,0.0608162306523898,0.0606430692826476,0.0604609338160578,0.060272223707711,0.0600732641904917,0.0598660680337361,0.0596521640783661,0.0594338961694952
-0.0452069066610325,-0.044665018009694,-0.0440704738353115,-0.0434195515583029,-0.0427126585903245,-0.0419444357599346,-0.0411050204217464,-0.0402037238616152,-0.0392443174156324,-0.0381940382672828,-0.0370632070948452,-0.0359297610123447,-0.034664520949746,-0.0333293131635492,-0.0319082199418343,-0.03040920553373,-0.0288283078610132,-0.0271611330873974,-0.025416929587128,-0.0235809064132688,-0.0216741118949272,-0.0196991408121829,-0.0176180459284439,-0.0154720183920351,-0.0132551572825609,-0.0109704710722596,-0.00862085476037212,-0.00621423496657444,-0.00375747965045597,-0.00125248728169905,0.00128545987881059,0.00385688263141515,0.00644805779676348,0.00905216361485861,0.0116642610762787,0.0142680485824788,0.0168556140668989,0.0194237799899381,0.021949677388899,0.024435067123102,0.0268726951979384,0.0292403932807782,0.0315470146671904,0.0337712404837712,0.0359213583123854,0.0379750774788482,0.0399480067074636,0.0418154101523025,0.0435876828550962,0.0452584951115818,0.0468252653611812,0.0482942410595145,0.0496551974491156,0.0509237071675623,0.0520866079856162,0.053164029908203,0.05414344572757,0.0550396519703299,0.0558508187636527,0.0565832966167725,0.0572425851024445,0.0578297895980286,0.0583555191930354,0.0588198738305175,0.0592311102929268,0.0595897772384543,0.0598947812302028,0.0601692072113367,0.0604090539854236,0.0605854108619714,0.0607555176947057,0.0609073622530175,0.0610210431614558,0.0611134882396802,0.0611829480447638,0.061232728169966,0.06126366635251,0.0612792423645071,0.0612798344131143,0.0612693929311461,0.0612446045093202,0.0612071832391476,0.0611594481850822,0.0610986566585887,0.0610277965565303,0.0609461385685769,0.0608571682708604,0.060760852411681,0.0606553612931703,0.0605375979470194,0.0604093212739264,0.0602734248049405,0.0601289768477184,0.0599754023584676,0.0598151790070381,0.0596475457257258,0.0594762494781168,0.0593020227859661,0.0590969511440828,0.0588977965621871,0.0586912404846439
-0.0437743885933261,-0.0432148096780008,-0.0426042684942339,-0.0419410378954656,-0.0412210273892491,-0.0404423100807777,-0.0395974891304287,-0.0386948758549098,-0.0377312812653749,-0.0366995162552653,-0.0356580267382997,-0.0344700036018526,-0.0331997351379264,-0.0318695957073725,-0.0304732021368396,-0.02900002357724,-0.0274540249203914,-0.0258273185648939,-0.0241274829605929,-0.0223432178528769,-0.0204894976148995,-0.0185564799566408,-0.0165652316990179,-0.0144993669202249,-0.0123669908645215,-0.0101683590213606,-0.00791264986148732,-0.00560491989213654,-0.00324847509595334,-0.000854806251965218,0.00157585366336563,0.00403001881497082,0.00650434357454905,0.00899066158770799,0.0114755621949765,0.0139591780494987,0.0164228367547075,0.0188666585265621,0.0212784020342464,0.0236507257550241,0.0259744315209197,0.0282464399039676,0.0304504241014807,0.0325865912195239,0.0346484350778144,0.0366282792480499,0.0385273824692272,0.0403335580146787,0.0420543916338659,0.0436772487953905,0.045210527010679,0.0466435659114461,0.0479878177659722,0.0492409792414321,0.050400631231784,0.0514729098535033,0.0524603620973727,0.0533632073032829,0.0541916290793966,0.0549415165228836,0.0556245638310701,0.0562397288422975,0.056791424061276,0.0572868101542704,0.0577271142483744,0.058126641306311,0.0584776866449289,0.0587698651660164,0.0590311544644922,0.0592542397647771,0.059440293072388,0.0596181694633537,0.0597773321385515,0.0598970651647768,0.0599919909748483,0.0600691490792662,0.0601269754392254,0.0601684264996085,0.0601923376858607,0.0602037236774101,0.0601995426093736,0.0601828962716957,0.0601546486499571,0.0601114984286379,0.0600595488673028,0.0599970394825272,0.0599252444412576,0.0598454211182046,0.0597522800158781,0.0596502919705465,0.059536255049201,0.0594127797597783,0.0592849628831055,0.0591457775091663,0.0590013788538157,0.0588421492813391,0.058675874832906,0.0585234882769086,0.0583371006248529,0.0581507307547329,0.0579579709013796
-0.0423897242870758,-0.0418168768735895,-0.0411940376819082,-0.0405187918228595,-0.0397904802375113,-0.0390061195449413,-0.0381575903025424,-0.037253193092366,-0.0362865755559537,-0.0352641037390675,-0.034211097477625,-0.0330094271692217,-0.0317990769224095,-0.03048840153308,-0.0291146034001273,-0.0276690937749801,-0.0261555925058747,-0.024568384393788,-0.0229101128031027,-0.0211776216195738,-0.0193790432597472,-0.0175114137672931,-0.0155898994839818,-0.0135895648898463,-0.0115292016027264,-0.00941698065044608,-0.00725051245037278,-0.00503498459457095,-0.00278096133920883,-0.000487629108114417,0.00183296123705835,0.00417906493576838,0.00654261332626219,0.00891588058622037,0.0112937083411257,0.0136603012018776,0.0160158968851278,0.0183491720261046,0.0206502012150137,0.0229193782490058,0.0251374810712987,0.0273095919016324,0.0294227921853961,0.0314730476269323,0.0334542792827122,0.0353647563634105,0.0371928257435381,0.0389459473626467,0.0406083067002711,0.0421925507671806,0.043683651285783,0.0450944390767517,0.0464130337991987,0.0476499399055006,0.0488009674459327,0.049868332491928,0.0508583861311686,0.0517677838371791,0.0526064964049475,0.0533729265403739,0.0540718307298969,0.0547093275768198,0.0552853929580754,0.0558064988554683,0.0562751082318953,0.0566890283601649,0.0570401300843689,0.057409324980899,0.0576769621359351,0.0579336801265447,0.0581814487340586,0.0583851943718468,0.0585556191254902,0.0587013853454753,0.0588237383047315,0.0589240224811948,0.0590063930460591,0.0590722834127628,0.0591181018637,0.0591501507030096,0.0591672740035226,0.0591703842120814,0.0591590253030162,0.0591363813442241,0.0591014649593294,0.0590566288983191,0.059002965324817,0.0589361559823134,0.0588596494674572,0.0587705744142223,0.0586721368766895,0.0585642576188451,0.0584481724909732,0.058323152523506,0.0581915370937159,0.0580514273457702,0.0578964888263619,0.0577409840101095,0.0575833946638423,0.0574086905158244,0.0572312719794291
-0.0410560389085404,-0.0404692831487077,-0.0398353152363321,-0.0391517393323769,-0.0384152387071557,-0.0376247701634342,-0.036774632632222,-0.035869173484878,-0.0349073610319835,-0.033890116472462,-0.0328139015718471,-0.0316576496943308,-0.0304575410552717,-0.0291764724177414,-0.0278246695524855,-0.0264109042868116,-0.024929903484439,-0.0233830495859125,-0.0217692333372408,-0.0200852407985856,-0.0183374512090354,-0.0165279238420938,-0.0146632390127786,-0.0127394648761834,-0.0107599745737227,-0.00872572479095183,-0.00664040102972078,-0.0045144634005064,-0.00234846512345807,-0.000151815254898653,0.00207319844096271,0.00431849469447356,0.00657799778058192,0.0088466805375394,0.0111135531783883,0.0133770344298997,0.0156244344297445,0.0178549292806866,0.0200595642210456,0.0222260125764575,0.0243555045812519,0.0264346726335791,0.0284608268075833,0.0304324784452349,0.0323354283173565,0.0341749720313695,0.0359424483983977,0.0376360700718299,0.0392532520474778,0.0407912512478319,0.0422494746307236,0.0436276922628508,0.0449256020260591,0.0461425855105059,0.0472831850231544,0.0483447805410559,0.0493332532303843,0.0502484547097575,0.0510915964653163,0.0518715622679374,0.05258414777603,0.0532389555673104,0.0538355783865906,0.0543775970570549,0.0548698825564468,0.0553126508709235,0.0557154176670052,0.0560641736121716,0.0563938103544003,0.0566811035176541,0.056936058891618,0.05716025906338,0.0573575392990941,0.0575274896070726,0.0576753368023219,0.0577996876049434,0.0579047070716589,0.0579915901527078,0.0580602641531204,0.0581116978910166,0.058148595346913,0.0581703830787674,0.0581752255850484,0.058172367726094,0.0581544994007679,0.0581305025792913,0.0580887716610394,0.0580394776807281,0.0579739800005147,0.0579007925166672,0.0578180904404168,0.0577253447611533,0.05762296324453,0.0575124372838933,0.0573942923451752,0.0572642290806652,0.0571312502930088,0.0569879422034657,0.0568384947490624,0.0566760237201618,0.0565092465172324
-0.0397616031549206,-0.0391660114586963,-0.0385240386586773,-0.0378325959892499,-0.037091017302736,-0.0362987778273356,-0.0354527948332628,-0.0345472198266606,-0.0335888427771841,-0.0325791515787091,-0.0315103036515676,-0.0303723720449415,-0.0291785780698811,-0.0279248819054062,-0.0266085808745139,-0.0252197578724165,-0.0237695157890979,-0.0222607680876253,-0.0206877629451857,-0.0190524347113637,-0.0173590522923122,-0.0156113495032468,-0.0138070210266019,-0.0119410786189197,-0.0100345967883435,-0.00807600146048951,-0.00607064360616906,-0.00402850890714702,-0.00195111938517177,0.000154363735500975,0.00228627271684205,0.00443727601769622,0.00660308919250107,0.00877226155236477,0.0109459769898137,0.0131075415934513,0.0152615625894048,0.0173919543542802,0.019500285543513,0.0215754258286312,0.0236155596382611,0.0256101536616336,0.0275588936626894,0.0294486435939745,0.0312881082209008,0.0330572370418723,0.0347670853701568,0.0364052388248466,0.0379744303331348,0.0394698619330744,0.0408939583534256,0.0422402810348439,0.0435164319046431,0.0447146574607388,0.0458421625701366,0.0468960607645762,0.0478804025726804,0.0487966596144012,0.0496456217741013,0.0504313195874787,0.0511573081386436,0.05182360547571,0.052436460675998,0.0529974533833432,0.0535101652407983,0.0539653799647895,0.0543446730495187,0.0547834069775397,0.0551344938085982,0.0554430723004681,0.0557171461704743,0.0559665388205754,0.0561873951217011,0.0563789370206939,0.0565488661540904,0.056696284699807,0.0568226223522185,0.0569289979763548,0.0570189663147739,0.0570892936699496,0.0571444190710602,0.0571827636180865,0.0572083811611578,0.0572209857539758,0.0572237315909565,0.0572137908417885,0.0571865941023057,0.0571499727896,0.0571003946709693,0.0570430740329272,0.0569739092691204,0.0568958115566119,0.0568072174435653,0.0567094438496038,0.0566041366012048,0.0564879365608607,0.0563668428847264,0.0562380587277465,0.0560995710004911,0.0559517511466726,0.0557976809561717
-0.0385177698038308,-0.0379136837858629,-0.0372638112636055,-0.0365651580757842,-0.0358206428742389,-0.0350264237385574,-0.0341812494308011,-0.0332776801113119,-0.032326523458545,-0.0313195572296175,-0.0302661249969145,-0.0291476156037182,-0.0279708103189489,-0.0266994102388131,-0.0254654911727022,-0.0240882653423223,-0.0226736814937954,-0.0212048616281466,-0.0196718132328966,-0.0180861386799747,-0.0164411465490804,-0.0147464929968387,-0.0129913910062672,-0.011237239265034,-0.00935817156136253,-0.00747098584600166,-0.00554245447582363,-0.00357690202113413,-0.00158099052109352,0.000442465175531481,0.00248559770018209,0.00454822550938821,0.00661854536643656,0.00869769085933213,0.0107753001910461,0.0128495797200792,0.0149115140127462,0.0169545708299137,0.0189756366591936,0.0209642651873067,0.022922540058783,0.0248350275676649,0.0267069707031671,0.0285286513763828,0.0302961928072401,0.0320094524882359,0.0336582660545375,0.0352463386995037,0.0367690444664813,0.0382238609795238,0.039611750066815,0.0409291157287464,0.042175356842243,0.0433594029173008,0.044467634808194,0.045514921532595,0.0464909566237276,0.0474090613991018,0.0482607066830678,0.0490499983615458,0.0497858287910567,0.0504644900194053,0.0510915570912087,0.0516684856433972,0.0521954620411157,0.0526909540449767,0.0531453037975119,0.0535374315199416,0.0539036239090871,0.0542374271894386,0.0545288662014597,0.0547976839379723,0.0550401200456533,0.0552555347832676,0.0554445768947075,0.055612256866989,0.0557595712573148,0.0558846840558495,0.0559930161532864,0.0560826205649188,0.0561535869310821,0.056211565258413,0.0562547528077802,0.056284368913903,0.0563028630022349,0.0563059914504005,0.0562953866145074,0.0562714466269166,0.0562383674975848,0.0561941440974308,0.0561398164227045,0.0560747739807688,0.0560007237859081,0.0559139529602758,0.0558221166606681,0.0557202970070681,0.0556114607756642,0.0554922638486343,0.0553682609363198,0.0552349222423865,0.0550904382870366
-0.037312325945815,-0.0367013150554037,-0.0360440776129929,-0.0353454057874859,-0.0345994267245278,-0.0338056441367019,-0.0329636079489968,-0.0320654534939514,-0.0311251014913059,-0.0301274769979002,-0.0290806569040933,-0.0279806901856134,-0.026821956738347,-0.0256097825238565,-0.0243243013234097,-0.0230592106763485,-0.0216369324192577,-0.0202039739192597,-0.0187137612617415,-0.0171716786310533,-0.0155759918593151,-0.0139357607709833,-0.0122415545580592,-0.010521021251528,-0.00872637728462067,-0.00690365781165355,-0.00504937151217123,-0.00316303917461524,-0.0012420740222987,0.000700984231098354,0.00266569760866577,0.00464335949641105,0.00663266123401714,0.00862457161228941,0.0106180372806599,0.0126031684648075,0.0145786222148505,0.0165378010188006,0.018475373341498,0.0203881174810954,0.0222637529599139,0.0241072633339378,0.0259037913661844,0.0276603043494082,0.0293638043332402,0.0310163956410303,0.0326140647766051,0.0341519435337001,0.0356288461729992,0.037046751184666,0.0383982003209246,0.0396873078175817,0.0409113205914762,0.0420719836928264,0.0431700623569127,0.0442008128016127,0.0451741688733286,0.0460836984449571,0.0469374487078573,0.0477322446448812,0.0484728146455001,0.0491601596101641,0.0497987372562334,0.0503858271565973,0.0509107811012834,0.0514242425403808,0.0518935390004792,0.0523157106001917,0.052716152281233,0.0530646907176271,0.053369956152615,0.0536576182614828,0.0539182738758538,0.0541531143286411,0.0543619075622065,0.0545486728919412,0.0547144215213003,0.054858362673911,0.0549836432526367,0.0550905559514631,0.0551791766095959,0.0552512745129771,0.0553151968586357,0.0553623443784484,0.0553918930714722,0.0554098562830385,0.0554129875486895,0.055405064795035,0.0553860226488446,0.0553554126999668,0.0553150122887989,0.0552628140512507,0.0552002556401813,0.0551274191156211,0.055048207748263,0.0549622540476435,0.0548639251364647,0.0547563790111375,0.054642157568331,0.0545216265198281,0.0543927028378613
-0.0361541987679366,-0.0355357988748483,-0.0348759371543953,-0.0341734884147082,-0.0334269488050152,-0.0326347730494379,-0.0317957680604555,-0.0309058196211475,-0.0299694974237023,-0.0289813451322869,-0.0279516297744154,-0.0268691196142901,-0.0257266307760528,-0.0245380039433907,-0.023288632861365,-0.0219893211685878,-0.0206588835349965,-0.0192579851909368,-0.0178091859683615,-0.0163099164287269,-0.0147623320306958,-0.0131746416346631,-0.0115360802314184,-0.00985103513108181,-0.0081354518890649,-0.00637735062836427,-0.00458776585491608,-0.00277123308884053,-0.000924314481680043,0.000942504856429327,0.0028280319891418,0.0047267203687875,0.0066369004735612,0.00855012692953046,0.0104638893533559,0.0123698178809684,0.0142666883035888,0.0161459160192266,0.0180056783143636,0.0198390852152115,0.0216461182962034,0.0234168407352045,0.025150594150824,0.0268406259798348,0.0284863156513631,0.0300821170211196,0.0316270329731562,0.0331173232162194,0.0345543931362059,0.0359310313742897,0.0372524434666364,0.0385093793606181,0.0397106297678512,0.0408496804078691,0.0419302045451237,0.0429517271717835,0.0439129516751822,0.0448206096174598,0.0456703513693115,0.0464680695659743,0.0472114866844819,0.0479038089370449,0.0485505490472529,0.0491497832748034,0.0497143247295606,0.0502483014695919,0.0507028557351564,0.05113631495487,0.0515370519390866,0.0518950062877279,0.0522379166128527,0.0525439428818804,0.0528220731411249,0.0530741117396879,0.0533022613447218,0.0535061207663473,0.053688248546308,0.0538505732174056,0.0539911751287693,0.054112435843796,0.0542199407038872,0.0543097740918017,0.0543902536452666,0.0544500443794265,0.0544959289011629,0.0545256377399291,0.0545442966942607,0.0545496340456381,0.0545451989242613,0.0545271499039188,0.0544998830705686,0.054459287743527,0.054410182237338,0.0543551433510468,0.0542863574633291,0.0542097950755596,0.0541243160981652,0.0540307352354404,0.0539267090089849,0.0538175296087119,0.0537033053287515
-0.0350321495657588,-0.034410636311585,-0.0337488619284143,-0.0330458147816984,-0.0323002680630678,-0.0315112183357603,-0.0306774865079958,-0.0297978233067057,-0.0288663002605515,-0.0278920968393708,-0.0268730689089395,-0.0258069315217691,-0.0246857954190914,-0.023521299548324,-0.0222951465324388,-0.0210298429816243,-0.0197195739137628,-0.0183664455803108,-0.01695634653981,-0.0154964536044936,-0.0139951850046631,-0.0124524817787212,-0.0108655929768066,-0.00923938775565684,-0.00757880712882256,-0.0058836845237335,-0.00416043190818082,-0.00240771178689308,-0.000630799628873705,0.001168163754384,0.0029809174538445,0.0048079805175112,0.00663965152032951,0.00847745586786358,0.0103127442828086,0.0121466538617127,0.0139667919749179,0.0157761326209673,0.0175608579007433,0.0193272762086646,0.0210614897879962,0.0227663604758869,0.0244365580934925,0.0260670131100703,0.0276571750811237,0.0291999132853716,0.0306966184609089,0.0321402822827354,0.0335357627323842,0.034877628271447,0.036162579693755,0.0373959281581886,0.0385682005112557,0.0396884441096614,0.0407512361406652,0.0417603256618586,0.0427133701090371,0.0436102037730288,0.0444591668054507,0.0452548708380071,0.0460002640184548,0.0466994871728516,0.0473495103105187,0.0479584248822402,0.0485272439399161,0.0490408312699477,0.0495399174001734,0.0499707656247721,0.0503749217301964,0.0507878816952183,0.0511383646926456,0.051461405810823,0.0517544469735135,0.0520218503075177,0.0522658641024141,0.0524866321031202,0.0526845892298975,0.0528626951935129,0.0530163700816163,0.0531560707115111,0.0532788464585987,0.0533885067185181,0.0534772718245205,0.0535518202669086,0.0536125242690899,0.0536547573535972,0.0536884547269115,0.0537067296356314,0.0537153929427644,0.0537102553825981,0.0536953903332861,0.0536683077307536,0.0536356428932678,0.0535879953115921,0.0535335241930752,0.0534677565237191,0.0533920698996942,0.0533116765006303,0.053221587789303,0.0531239898070737,0.0530122857189372
-0.0339505888117735,-0.0333256167824585,-0.0326617053334276,-0.0319581769465277,-0.0312140818402699,-0.0304286974109399,-0.0296006242345752,-0.0287290357945291,-0.0278082524190638,-0.0268484450675073,-0.0258404891679073,-0.0247940030987753,-0.0236987506932778,-0.0225499081852067,-0.0213549181234689,-0.0201132877250928,-0.018831289933729,-0.0175135895593861,-0.0161447607963869,-0.0147328815108103,-0.0132657903592244,-0.0117718262539278,-0.0102373713133245,-0.00866707996343393,-0.00705853987295612,-0.00542069497029793,-0.00375767743900351,-0.00206710782348105,-0.000359304549908112,0.00137372253235124,0.00311990741043474,0.00487682157806266,0.00664074425790943,0.00840672051060216,0.0101726419445646,0.0119313356881312,0.0136819655730457,0.0154201007263987,0.0171407479773714,0.0188382897392828,0.0205114114949992,0.0221522344758396,0.0237630321092894,0.0253362010327567,0.0268713134103832,0.0283663280757769,0.0298137064271071,0.0312172571978008,0.0325711523203761,0.033876420026826,0.0351313663079494,0.0363337134915628,0.0374858400420803,0.0385802526692987,0.0396285072857733,0.0406216651192808,0.0415643341993421,0.0424563100868481,0.0432973346963116,0.0440918834309729,0.0448365999518555,0.045539260131462,0.0461947005238095,0.0468057294397186,0.0473638803137504,0.0479115796965949,0.0483541667819907,0.0488750943661934,0.0493015057080227,0.0497059228463469,0.0500719345315785,0.0504070988276296,0.0507144748181292,0.0509968285423199,0.051255173712099,0.0514917787431511,0.051703330547288,0.051893627048557,0.0520658504583629,0.0522182079839722,0.052359936622511,0.0524821295771285,0.0525837738188564,0.0526701603416163,0.0527428750091119,0.05279982079117,0.0528465869590064,0.0528782902777867,0.0528991488937442,0.0529071267232233,0.0529032596895643,0.0528897961471395,0.052866820115545,0.0528315535613904,0.0527879882456776,0.0527339612472112,0.0526704250158339,0.0526020365429024,0.0525209265894565,0.0524322950438347,0.0523347511983552
-0.0329046746802312,-0.032277988738344,-0.0316147513498443,-0.0309133352880772,-0.030173067442241,-0.0293929771122004,-0.0285708692733072,-0.0277072212296164,-0.026798262764525,-0.0258481644875811,-0.0248603025907569,-0.0238239421601794,-0.0227500898085914,-0.0216248970690165,-0.0204610423210341,-0.0192468653613781,-0.0179942960170768,-0.0167602476958392,-0.015382908820137,-0.01403949949236,-0.0125808384477083,-0.0111299272503915,-0.00964600071024618,-0.00812494796242016,-0.00656699316576182,-0.0049867826920488,-0.00338044829792874,-0.00174807551270855,-0.000101339455318937,0.00156582350294124,0.00324673054886073,0.00493669188681589,0.00663641308458647,0.00833560603980458,0.0100358048503247,0.0117284714577283,0.0134130194006458,0.0150840700827777,0.0167392400702968,0.0183747472555683,0.0199878058031323,0.021571287433142,0.0231252033172161,0.024645159656048,0.0261282291880637,0.0275737713414373,0.0289798274208106,0.0303385259213188,0.0316561242702048,0.0329250332600795,0.0341490054374295,0.0353245281963226,0.0364500147801498,0.0375289109196213,0.0385542423949508,0.0395352272070163,0.0404647623006974,0.041348919200381,0.0421854442574516,0.0429743152185645,0.0437209747825441,0.0444220744520634,0.0450808378188403,0.0457014190198419,0.0462674046862774,0.0468072303424942,0.0473254947017597,0.0477972633975896,0.0482400725294988,0.0486529598827373,0.0490313442714234,0.049378396018239,0.0497006664228935,0.0499956168909669,0.050267285590847,0.0505165430823434,0.0507417036036367,0.0509450011723888,0.0511313421977357,0.0513049162526834,0.0514542622999954,0.0515858022663504,0.0517028309482057,0.0518018905408069,0.0518891478576846,0.051959823193814,0.0520164921432944,0.0520618875617974,0.0520946184619797,0.0521144776256305,0.0521229952080562,0.0521215858102349,0.0521091108428817,0.0520853892767777,0.0520521682836079,0.0520095631553819,0.0519576657600382,0.0518964782716606,0.0518270262812314,0.0517482168140716,0.0516650634254923
-0.0318978456051533,-0.0312704960008859,-0.0306071311080062,-0.0299072807701552,-0.0291702181557454,-0.0283949892215617,-0.0275808659534302,-0.0267272693235897,-0.0258330850224612,-0.0248952149218214,-0.02391611054591,-0.0229019000164512,-0.0218491303846758,-0.0207474553887701,-0.0196076028180621,-0.0184233893629858,-0.0171971396708934,-0.0159701297889506,-0.0146478808785975,-0.013321419781076,-0.0119273478496792,-0.0105256450291016,-0.00908587323292213,-0.00761358388064247,-0.00610941560130677,-0.00457956064393287,-0.00302925853265773,-0.00145536717111287,0.000138466764949623,0.00174437035993714,0.00336532503503877,0.0049931927680271,0.00662723978156644,0.0082642534370747,0.00990091224409724,0.0115332579787148,0.013154732286389,0.0147669729428366,0.0163598677027703,0.0179358302044766,0.0194896656627224,0.0210204553166737,0.0225188726606936,0.0239904910373004,0.0254245141330572,0.0268234438280661,0.028185345255093,0.0295086526390982,0.0307842125451809,0.0320243358647068,0.0332148892821906,0.0343632343447718,0.0354655557524522,0.0365216511974951,0.037532609138729,0.0384953012516104,0.0394152638343304,0.0402879185207026,0.0411182543096069,0.041904515241569,0.0426466247456575,0.0433483866498803,0.0440090201861749,0.0446128449973694,0.0451800349677624,0.0457531655938263,0.046273907948524,0.0467573912494805,0.0472120565260377,0.0476295024419676,0.0480171793681805,0.048376955781418,0.0487092965136762,0.0490162452921238,0.0493004605689686,0.0495616171290304,0.0497995262467569,0.0500200178046839,0.0502222242659889,0.0504029344940907,0.0505652900876057,0.0507100497628525,0.050837704818057,0.050947981383913,0.0510460068262102,0.0511290223488833,0.0511990956205772,0.0512547260681197,0.0513008618000995,0.051332054595783,0.0513521684792523,0.0513626305226932,0.0513617301069895,0.0513482727605201,0.0513288974023484,0.0512925804314295,0.0512519630594895,0.0512021271494344,0.0511444371800176,0.0510751669049503,0.050999574006982
