0.446678834665235,0.452885701644916,0.459089785003903,0.46529726841503,0.471479253711565,0.477641650619221,0.483771625249618,0.489845709958729,0.495870750409468,0.501819442114576,0.507689599595496,0.513466510620287,0.519134274594674,0.52467543520759,0.530100925263487,0.535305811982014,0.540364285222435,0.545212304909701,0.549913315061406,0.554491790899884,0.558726168669844,0.562683215519444,0.566364692055207,0.569807943887413,0.572958133230203,0.575812169590239,0.578289765648726,0.580479088925479,0.582307438568134,0.583750369872451,0.584855866603905,0.585567293845639,0.585900512263415,0.585842358371051,0.585408511833421,0.5845684532808,0.583332623909513,0.581729344539583,0.579726564000213,0.577334713038315,0.574585254838045,0.571466655786451,0.567991630432455,0.564271966489583,0.560108750970908,0.55558882154847,0.550943122961461,0.545851375174601,0.540567943999113,0.535036604125276,0.529302204283136,0.523359061197202,0.517222142534824,0.5109186398586,0.504472854160789,0.497908617647907,0.491233703468858,0.484474978819035,0.477656071791924,0.470777330922274,0.46384921134306,0.456912631132652,0.449970303800677,0.443032903770532,0.436108313856304,0.429210038674643,0.422363277677251,0.41555322906501,0.40879486072013,0.402103073994504,0.395479550522993,0.38892767468733,0.382450823026558,0.376057319902906,0.369739103237145,0.363511591739235,0.357364567038366,0.351307231155201,0.34534884022245,0.339478939196062,0.333688446512561,0.32799917809155,0.322383678009504,0.316855654570463,0.311445347626718,0.306103236221642,0.30083378791955,0.295641959418681,0.290542478218063,0.285535684938303,0.280608132731755,0.275760693414551,0.270994075390551,0.266288405805041,0.261665048608638,0.257125159186752,0.252667817739295,0.248269279871968,0.243947450565103,0.23970304456878,0.235540072802122
0.450342033901442,0.456766327180999,0.463205211740119,0.469633204082914,0.476059248092819,0.482464592937716,0.488842808664479,0.495181269721497,0.501466629101783,0.507676739892809,0.513822271215363,0.519855960750902,0.525787499642564,0.53161454887212,0.537275361659813,0.54275339788653,0.548079919245274,0.553233613682306,0.558202809959858,0.56293783171767,0.567440463811095,0.571612613859689,0.575531102202262,0.579219657915018,0.582545108730179,0.585519611697405,0.588222006489747,0.590545673039108,0.592501343301296,0.594065700363305,0.595242844798909,0.596036203703895,0.596417216374931,0.596376370830568,0.595950889167974,0.59508250805046,0.593808511801638,0.592128345326612,0.590029219081205,0.587517778211357,0.584632713019852,0.581346577863557,0.577696002669002,0.573899524216966,0.569327135626142,0.564630861951944,0.559669465440075,0.554376052327072,0.548817878766537,0.542989427192591,0.53697110089716,0.530848096926211,0.524294120414032,0.5176751737918,0.51090592121059,0.504033425497068,0.497043556692448,0.489984579730132,0.482859370346218,0.47567949988262,0.468462898369811,0.46123710150767,0.454022229035258,0.446813819357184,0.439627692656184,0.432485453061459,0.425390916467337,0.418359413677277,0.411376979316284,0.404479195355968,0.397659456745819,0.390921436064219,0.384253067358485,0.37769875924432,0.371216592678131,0.364835875562208,0.358556351315135,0.352353466479624,0.346269491293587,0.340263821513555,0.334367994832466,0.328567097936552,0.322852102750078,0.31725153635306,0.311699764932248,0.30625865465584,0.300920020383672,0.295684662493697,0.29051132981749,0.285411973038281,0.280417298212777,0.275508245196701,0.270665707190547,0.265914982921527,0.261230445901884,0.25663680057625,0.252122756696165,0.247679741532576,0.243315632429745,0.239019439091674,0.234801662236473
0.453971948140346,0.460633463567483,0.467304130460612,0.473986386254838,0.480665580174327,0.487323872415505,0.493971815619651,0.500567061897493,0.507120728457131,0.513615979170167,0.520020005785709,0.526341562576076,0.532556814070714,0.538660771468748,0.544597673845801,0.550377098490786,0.555976594249959,0.561425616476677,0.566674446498313,0.571644151631427,0.576381433003838,0.580834346831256,0.585005982510481,0.588925441636893,0.592429795159993,0.595618667392852,0.598497483638447,0.600968431703632,0.603067181829009,0.604766460650585,0.606024109309054,0.606904713461229,0.607330303193114,0.607321204552674,0.60689293680376,0.606010357554089,0.604679150098444,0.602925215204034,0.600719482688649,0.59809606112351,0.59505688314432,0.591597193545783,0.587755507771121,0.583442026886341,0.578994022532638,0.574010989806855,0.568749664457732,0.563178452276436,0.557317913583499,0.551187255092185,0.544748322808343,0.537964069389503,0.531327849504179,0.524551843018583,0.517473591921456,0.510276051741138,0.502957196425995,0.49556662269693,0.488103644158583,0.480605554185052,0.473083043310997,0.465557214338894,0.458052941624903,0.450563260812316,0.443101663544657,0.435705228069825,0.428366898147815,0.421090954976152,0.41388930307788,0.406767050218246,0.399749131120914,0.392810523383807,0.385976409972195,0.379238690288138,0.372606190293633,0.366062620754515,0.359620388619344,0.353309012546863,0.347083136246204,0.340962836888485,0.334947958165259,0.329028594553316,0.323216425160106,0.317514199847831,0.311902784754793,0.306382496427301,0.300939631704638,0.295596213969352,0.290368314605621,0.28521122714866,0.280148600153661,0.275169630362339,0.270265285882862,0.265447949197113,0.260724659529038,0.256078426682049,0.25150817646449,0.247014832034405,0.242602968819906,0.238267806181674,0.234003850025578
0.457590999807738,0.464481793752272,0.471404664543401,0.47833097437322,0.485268236450362,0.492201117333349,0.499106391952181,0.505988773871901,0.512834078824071,0.519612104711924,0.526315686559413,0.53294214224396,0.539459998384139,0.545840061797987,0.552104237098527,0.558169632175127,0.564071783397268,0.569831388981012,0.575341326851352,0.580625360093148,0.585612560461683,0.590337713609038,0.594777664170681,0.598886358687377,0.602633225078007,0.606044906098513,0.609134622222208,0.611780809756795,0.614030107874018,0.615855084461152,0.617226452695795,0.618188374457207,0.618675824638144,0.618697585016519,0.618270444107352,0.617363136503264,0.615981573861978,0.614151017349961,0.611834341110451,0.609090035680024,0.605888737079218,0.602240674849765,0.598185379094818,0.593745291508566,0.589186627232716,0.583665438759824,0.578126954344861,0.572259558723143,0.566077390937856,0.559624542089117,0.552980211270761,0.546062326946657,0.538909789669043,0.531568529149212,0.52414308456469,0.516576873760694,0.508913696880236,0.50119498414936,0.493409504484474,0.485564087245764,0.477712506191713,0.469864308636166,0.462054670096748,0.454268264297988,0.446529241201858,0.438857682754865,0.431267688271608,0.423742660829992,0.416309143626838,0.408974757380713,0.40174057429276,0.394605241679543,0.38757816881666,0.380675869192108,0.373877983502902,0.367184069345798,0.360608487886196,0.354142858060751,0.347793033955239,0.341556532602037,0.3354200094385,0.329409717280103,0.323489408034736,0.317682421535426,0.311976384459541,0.306382562908621,0.300873426339153,0.295465469655987,0.290153143028508,0.284927158592392,0.279795815674731,0.274733109123788,0.26978457372071,0.264916169861368,0.260131960647455,0.255426874259521,0.2508106138289,0.246275062598492,0.241818956561388,0.237436359112611,0.233132203571758
0.461151913658119,0.468300243059545,0.475472877588463,0.482669536519116,0.489885580943141,0.49708980617559,0.504289167799895,0.511470006642034,0.518596493577038,0.525684148726592,0.53270494871229,0.539616350022928,0.546527527394946,0.55306114263645,0.559725055233574,0.566383091261459,0.572402499199225,0.57846195258843,0.584255092320195,0.589822664631449,0.595111103313242,0.60013045325604,0.6048388385066,0.609208782579952,0.613180294219973,0.61685812781936,0.620158203821442,0.622988674388369,0.625408966245829,0.627368070310047,0.628875939279426,0.629914061458558,0.630479633076823,0.63052281906662,0.630115196761584,0.629172376729541,0.627754652781848,0.625830441901248,0.623410314186374,0.620514462630403,0.617127824596351,0.613293372814053,0.609007627508974,0.604276541162215,0.598988469495596,0.593845975308291,0.587814164299971,0.581606441818396,0.575095206226459,0.568285844161165,0.561219970798629,0.553970886568035,0.546456037537192,0.538748385329208,0.530914581728134,0.522962639026319,0.514938508094189,0.506841617961269,0.498745072352116,0.490561175981565,0.482359444467233,0.474159013053023,0.466002614816936,0.457917097399878,0.449890394158089,0.441936635164104,0.434082107893096,0.42630413244827,0.418623313667303,0.411069553667735,0.403626779125636,0.396298296086458,0.389079219522809,0.38199145876015,0.37503446444097,0.368182462021346,0.361456132452804,0.354873567337639,0.348382004490624,0.342033275206136,0.335788875091613,0.329668495445657,0.323656762555912,0.3177626785973,0.311968675318435,0.306278151181088,0.300683560741237,0.295210663094871,0.289824401240692,0.284537989995266,0.279332181791477,0.274232364596201,0.269216672083762,0.264285256909726,0.259453080924294,0.254705523909187,0.250042334025564,0.245456758520302,0.240951727414082,0.23653216007899,0.232187243585845
0.464695565272203,0.472086489893814,0.479527557356863,0.486997759268377,0.494482572317533,0.501984025960796,0.509476831538475,0.516954148343586,0.524403553391618,0.531813739177417,0.539139012211831,0.546422241197451,0.553432192533223,0.560470095531122,0.567563739107971,0.574264332308826,0.580846662897984,0.587257655135295,0.593385857567933,0.599292044688754,0.604898368820713,0.610253545619394,0.615209194982494,0.619869713412635,0.624120810460985,0.628072016835598,0.631558940617535,0.634618123299125,0.637202806229727,0.639343644212631,0.640975230480705,0.642119748010484,0.642752141829327,0.642845690543078,0.642442215686096,0.641484798400509,0.640007482473118,0.637994102095765,0.635446171917032,0.632399437109148,0.628825559843492,0.624789446863019,0.620272506809313,0.615307083140878,0.609829685224039,0.603138840954511,0.597994271117967,0.591296333098795,0.584406978138578,0.577218622195235,0.569757914466356,0.562056829824992,0.554171113395918,0.546077845939905,0.537829465589222,0.529491388816181,0.521036918214096,0.512519178853622,0.503966962638117,0.495558334397992,0.486860113736992,0.478382062170414,0.469920170680378,0.461513035565233,0.453175749365811,0.444933275783566,0.436793898491033,0.428757798383259,0.420834907722584,0.41304320473365,0.405388810441675,0.397849454868352,0.390449897441312,0.383180147419897,0.376060251162613,0.369058548591311,0.362197013017959,0.35546355781523,0.348866259818494,0.342389932284175,0.336020285154573,0.329807269502592,0.323707768104366,0.317714550699458,0.311837924767921,0.306067939078297,0.300423832519023,0.294860555099921,0.289405229890485,0.284070090239621,0.278790510193931,0.273623317953317,0.268542350642348,0.263574910870334,0.258693885305683,0.253901750281447,0.249183647012479,0.244557050899264,0.240013097701275,0.235543647912778,0.231160353407731
0.468154022176687,0.475820107025685,0.483535410729298,0.491287781501131,0.499074967143655,0.506880955833654,0.514684302311995,0.522487005920684,0.530270213502749,0.538004468544324,0.54567788801427,0.553234548102973,0.560802569818736,0.568252177050826,0.575438990200771,0.582582468034748,0.589537291501455,0.596296600785865,0.602774599743422,0.609037961487829,0.614987321739653,0.620678636293543,0.625913951482726,0.630838772432902,0.635447632738119,0.639679912799785,0.643403242577632,0.646699277131417,0.649467137174098,0.651795895389265,0.653565850866156,0.65482979821821,0.655541162364638,0.655687337500377,0.655292937452344,0.654301594239816,0.65277706547426,0.650657700711027,0.648003524020863,0.644779683963154,0.6410351966762,0.636765214478484,0.631996056889889,0.62671311698735,0.620968481007572,0.614895175421,0.608310433619149,0.601300546836384,0.594005731560934,0.586409737973247,0.578518749793386,0.570377257528824,0.562031149935431,0.553524534195721,0.544865557743539,0.536084695007278,0.527212582980418,0.518270396541536,0.509343705274236,0.500551667696721,0.491465062055933,0.482590919702765,0.473757500470556,0.465007578896369,0.456388872788913,0.447815004387856,0.439385793975004,0.431080099955455,0.422913937514056,0.414882952166201,0.407013721793678,0.39926826392695,0.391680556631828,0.384247130924471,0.376946468844226,0.36979510332542,0.362780387646443,0.355933489759231,0.349209374462562,0.342611809421286,0.3361671338997,0.329821032453973,0.323620902254796,0.317555172286908,0.311596250221888,0.305769012251018,0.300027960230431,0.294412775388808,0.288886296413124,0.283464435670678,0.27815206959313,0.272929244936181,0.267803259837065,0.262786943915289,0.257841519221407,0.253002786534325,0.248246297129153,0.243574262710765,0.238985870861832,0.234482116807097,0.230057439025542
0.47157849251925,0.479509738212139,0.487503650552862,0.495555582117488,0.503638749659962,0.511753836072826,0.51988806097809,0.528024533923976,0.536134788396513,0.544228737585789,0.552243773911486,0.560196975310861,0.567990813764733,0.575579723112437,0.583623747415263,0.591103177728594,0.598409013372491,0.605522410205082,0.612400049577673,0.619018164909652,0.625393128897724,0.631510566896714,0.637061571447692,0.642154659802738,0.647187436460506,0.651694487039849,0.65569265047131,0.659226180213567,0.662233385464136,0.66473612053108,0.666690173516242,0.668061743738998,0.668880144451215,0.669069674074886,0.668698839939384,0.66768452004489,0.666103786242522,0.663884762853243,0.661102637785833,0.657701508100509,0.653752309422535,0.649244727774067,0.644172293998632,0.638604323065137,0.632544072026365,0.625959633819691,0.619011099836802,0.611669247924758,0.603901377761728,0.595844576108559,0.587511512984154,0.578915824498431,0.570097767333724,0.561106769689082,0.551988537160614,0.54274804977149,0.533426058350694,0.524053613163268,0.514686415753522,0.505374223604773,0.49600707963656,0.486693901090785,0.477515484538492,0.468421713109192,0.459494115683958,0.450509803252939,0.441825045242525,0.433291980489407,0.424854655373158,0.416584776194282,0.408478599637696,0.400535036358785,0.392746818320511,0.385136814557769,0.37768231753958,0.370383577586751,0.36324330364907,0.356243645524546,0.349409398456688,0.342717379793834,0.33615285379603,0.329719988548811,0.323424416913361,0.317268601639139,0.311249953153985,0.305333821240538,0.299535101076749,0.293843399653081,0.288265883332258,0.282785894699698,0.277411610451301,0.272134625191667,0.266956069497579,0.261884809188954,0.256909364452442,0.252026661516033,0.247216526399519,0.242506024950072,0.237880810546746,0.233334887674214,0.228872773044049
0.474900972788499,0.483117926394195,0.491413146955226,0.499764764712865,0.508167880090226,0.516616277046034,0.525095215390334,0.533574183229585,0.54204744033259,0.550530393034202,0.558757163775455,0.567189011157217,0.575536424392719,0.583794420314371,0.59186196320974,0.599741797333539,0.6074892183716,0.614997608537371,0.622294900596356,0.629299399000677,0.636040801666908,0.642508133321218,0.64792810868555,0.654397242255489,0.659363740199554,0.664164019435151,0.66844976553562,0.672263848414773,0.675511449605653,0.678227917044705,0.680346771419997,0.681876733932728,0.68278067789037,0.683060987828355,0.682697682244146,0.681679989832041,0.680024928465693,0.677704200719697,0.674754548326131,0.671220048414723,0.66702356578311,0.662244042166874,0.656862230323301,0.650961858135689,0.644485424633418,0.637508773775668,0.62998086745235,0.622380367223973,0.614097843671099,0.605563740021164,0.59672983410879,0.587648629199167,0.578338732306515,0.568836290474251,0.559198495723168,0.549478089755365,0.539683253265749,0.529844250571897,0.519991959079379,0.510199131613641,0.500436960226467,0.490744050896493,0.481144639929437,0.471692386560151,0.462479554244925,0.453264262644144,0.444028482634295,0.435374900459954,0.426584260127855,0.418085731325034,0.409764694318143,0.401616201425475,0.393663099640401,0.385862495317775,0.378259686597403,0.370802423973304,0.363536365976529,0.356421119808738,0.349462534449831,0.342639190631717,0.335996748397882,0.329483969214673,0.32311488920481,0.316873956391592,0.310763991273292,0.304778956903738,0.298916055270953,0.293168740208892,0.287534904960838,0.282002047595693,0.276567592914779,0.271249653112145,0.266029256776169,0.260903796074203,0.255875839963721,0.25094238649519,0.246103227171881,0.241355239499754,0.236687019994608,0.232106865970433,0.227613018972016
0.478156531740776,0.486667521386515,0.495251196365197,0.50391809646198,0.512653466813193,0.521439328903388,0.530258273323092,0.539092591448631,0.547990668518363,0.556856863003155,0.564973762141294,0.574491005731402,0.58313290985797,0.591758248595013,0.600268216471092,0.608562412906786,0.616735409155125,0.624694212899284,0.63240934073234,0.639851630294166,0.646946830881152,0.653625361542128,0.660244553883995,0.666444369923017,0.671990863898316,0.677110224020792,0.681703549731858,0.685819081810226,0.689330846845112,0.692279624714561,0.694601894855399,0.696283566680128,0.697316930976862,0.697656128237936,0.69732708081684,0.69629218125048,0.694581401839766,0.692190707715577,0.689082978542908,0.685332242999482,0.680910103966065,0.675862015625301,0.670155558952546,0.663825807930092,0.656891660933322,0.649587424087412,0.641556635974316,0.633689922282512,0.62466834509391,0.615602387305264,0.606219901254388,0.596584443038385,0.586734045518717,0.576696198936306,0.56651387824613,0.556242706239707,0.545937665172477,0.535602592506644,0.525272921936146,0.514981895816241,0.504788619583073,0.494690753225063,0.484705520474642,0.474821513709863,0.465031910853648,0.455942809602643,0.446563777313845,0.437048512138091,0.428195195982202,0.41945347903874,0.410890903013389,0.402534804272438,0.394406270352424,0.38643979911427,0.378662636622887,0.37106718833025,0.363655088432454,0.356423922375101,0.349368097947936,0.342459269262973,0.335686833807983,0.329113976862252,0.322645552399869,0.316328129603748,0.310138366034804,0.30409648984824,0.298179621938456,0.292374918636977,0.286683310922926,0.281098070248425,0.275615456165941,0.270251643042679,0.264994054516622,0.259819486642973,0.254749056637865,0.249783920465269,0.244905016479578,0.240111668721947,0.235411372824143,0.230798024352847,0.226266827402874
0.481303346078923,0.490103751636989,0.499007116313994,0.508005217333071,0.517083339301695,0.526219273433912,0.535409035409095,0.544624361864498,0.553827102992811,0.563003383871626,0.572431341482097,0.581654755311568,0.590769083461802,0.599820374545502,0.608752577024129,0.617565291210801,0.626199146026558,0.634611151851877,0.642822824384553,0.650680989382965,0.658258758993717,0.665515107460755,0.672482693424889,0.67900170267891,0.685000899168752,0.690504269979285,0.695494219366713,0.699906820364247,0.703745085615458,0.706934657772823,0.709480123011319,0.711343032726469,0.712491904906916,0.71294522745626,0.712627992251178,0.711619621049773,0.709816110430393,0.707364821410816,0.704074319155581,0.700060644961847,0.695335877374206,0.690010559338843,0.683835272930492,0.677150174944455,0.669850841347162,0.661995474028248,0.65362003448273,0.644589966796547,0.63544754210005,0.625889837276898,0.615958861379327,0.605720069037933,0.595273878462085,0.584672165901507,0.573928998572298,0.563089981099812,0.552210079664492,0.541344582773855,0.530503226982832,0.519719863518513,0.509025644090459,0.498481667257563,0.488076411842238,0.477836253789995,0.467778127885266,0.457988677973586,0.448442243815553,0.438895916658849,0.429615526302333,0.420606038052258,0.411822858751671,0.403226971309671,0.394979030092435,0.386872685414924,0.378895143176939,0.371156259168843,0.363597145816943,0.356256739363067,0.34908092225648,0.342078613603926,0.335240649534207,0.328582316173342,0.322029192802702,0.315680180357979,0.30941562062489,0.303310387814934,0.297322633244869,0.291469315452678,0.285724234810543,0.280093872153398,0.274587521057667,0.269170489791564,0.263848666139995,0.258642550488667,0.253537819309928,0.24852921055149,0.243610676864239,0.238782197651998,0.23404569575341,0.229396280685423,0.224830861740197
0.484333031914063,0.49344211292014,0.502669309436813,0.511998861750885,0.52141896951739,0.530924420896734,0.540500346461343,0.550100495754271,0.559717176754457,0.569430185930472,0.579144192093809,0.588832885259417,0.598452261298203,0.607984978157233,0.617411311775927,0.626704509202299,0.635840195718744,0.644759277585089,0.653426241615327,0.661824077438437,0.669936231059229,0.677731395908247,0.685117249011799,0.692048149168222,0.69851385751127,0.70444138931307,0.709811865879151,0.714603106954787,0.718744557685098,0.722243227211476,0.72502196688552,0.727090100282674,0.728395506280451,0.728936872892432,0.728671943026139,0.727658096121497,0.725845184498359,0.723207149240996,0.719663906434298,0.715533190364703,0.710467407246763,0.704761089733755,0.698260505978851,0.69109113405025,0.683389518094758,0.674920624918016,0.666013872984151,0.656543708367751,0.646723196229849,0.636486239155171,0.625944083595732,0.615099779481272,0.604018615885934,0.592756278323825,0.581397582829141,0.569954106202709,0.558474528893363,0.547012254840266,0.535637230613289,0.524341620570165,0.513158878188874,0.502121112694741,0.491288325589205,0.480640705418848,0.470210447063273,0.459987937091088,0.450051434038476,0.440311266718139,0.430795644913021,0.421548528795236,0.41254202623518,0.403751787029771,0.395163686594837,0.386852867222187,0.378833309226682,0.371018620959771,0.363377272468754,0.355919320510046,0.348642605434122,0.341541363815167,0.334641119043625,0.327892836215385,0.321294593623079,0.314836631180077,0.308529350351787,0.302370002570451,0.296355485654278,0.290448255520885,0.284642272028994,0.278973169129597,0.273409672152383,0.267959212130967,0.262614086724269,0.2573710112782,0.252228932223059,0.247178120772957,0.242229563495092,0.237360638221426,0.232591190197593,0.227907519324338,0.223317977317172
0.487238078218345,0.496666519568464,0.506224103245771,0.515897897064884,0.525684302154173,0.535574807086138,0.545549595068128,0.55556797218069,0.565575836151525,0.575756900360943,0.58597516431118,0.596118546990364,0.606214245491802,0.616245402691237,0.626187488449145,0.636032746427015,0.645677865447583,0.655145915165158,0.66436695025372,0.673275657617692,0.681940264125654,0.690253570298051,0.698181384768185,0.705572258594484,0.712506773425712,0.718894172920064,0.724721023340883,0.729887079322962,0.734427580284718,0.738216330203432,0.741278027969112,0.743575014360779,0.745023488912397,0.745724262778162,0.745497355486779,0.744499506901875,0.742635933780384,0.739852951648731,0.736300404450131,0.731675420969819,0.726375929558957,0.720229804635998,0.713299141804708,0.705658175363317,0.6973722422852,0.688417156650345,0.678857649352795,0.668792782290331,0.658306569741236,0.647470639471728,0.636184177043347,0.624672519466056,0.612906238873104,0.600958711430525,0.588897405077388,0.576824796328705,0.564731156552989,0.552664356704962,0.540661591562698,0.528814926668646,0.517115018529077,0.50558970864885,0.49426607875849,0.483202096531801,0.47237154228052,0.461793779207056,0.451482406648169,0.44145928668929,0.43169857380944,0.42221253476034,0.413001562171583,0.404048808985656,0.395382340367932,0.386811891487926,0.378611349739056,0.37063823344742,0.362911123412326,0.355392277056782,0.348062314257917,0.340861802937137,0.333843485427951,0.327034600486178,0.320405434322567,0.313897039856467,0.307536231511857,0.30132967349153,0.295246990704007,0.289297192881877,0.283468366394784,0.277754681868609,0.272161528735069,0.266660983512987,0.261281761866265,0.25600224849758,0.250819399386099,0.245737433322539,0.240746228640547,0.235849214924957,0.231043883846193,0.226339224883319,0.221720820739388
0.489990616595418,0.499734677329524,0.50962403785443,0.519659221640168,0.529825382621436,0.540109495232531,0.550508446291094,0.560995386954963,0.571460910126957,0.582222161242108,0.592770505081761,0.603399507499834,0.614026365711713,0.624602406144623,0.635076510946276,0.645456067641251,0.655686401495306,0.665724819959838,0.675502625097389,0.685011834554622,0.694269297707335,0.70318868846507,0.711631506795358,0.719583926791383,0.72707019357743,0.733930272546628,0.740234802611175,0.745851690470459,0.750761317200097,0.754936750927682,0.75828827888098,0.760845730675159,0.762504588726551,0.763340179166932,0.763243458351863,0.762254172272965,0.7602263890034,0.757322173815047,0.753413097306094,0.748608319438969,0.742985784728501,0.736429905035318,0.729020422486704,0.720894480653311,0.712008370637133,0.702479009481949,0.692297367020614,0.681586965804576,0.670227385204738,0.658758354861894,0.646748041532684,0.63442309148292,0.621925814272858,0.609271865709229,0.596505157780086,0.583675435916602,0.57090091447311,0.5581876021607,0.545575712306157,0.533108470479027,0.52087204187698,0.50884345935755,0.497049660775841,0.485504831889332,0.474271585707301,0.463331799471415,0.452688531776156,0.442339439779486,0.432318906499057,0.422587714709258,0.413148540270358,0.404004459461686,0.395158217637781,0.386533961342551,0.378156543199274,0.370053787758166,0.362191965011178,0.354546727591462,0.347517341763787,0.339836133667916,0.33285208992074,0.326001682936302,0.319348496661312,0.312796846004193,0.306366883077871,0.300123028160216,0.294013578521142,0.288034354141976,0.282170706208303,0.276425714417372,0.270790077021014,0.265261429120976,0.259850988540328,0.254529980130099,0.249314989579749,0.244188749674722,0.239175992832896,0.234247320472835,0.229409125530832,0.224668823050906,0.220020242107005
0.492596071291727,0.502666697557582,0.51290595463878,0.523307083730181,0.533854910190093,0.544548973343196,0.555362847839754,0.566240614751393,0.577317896034782,0.588325900177832,0.599555932294041,0.61072728652852,0.621881060453416,0.633003237197708,0.644086573821638,0.655071098893282,0.665881439177642,0.676552623453187,0.686955289388401,0.69707475973782,0.706941213773186,0.716468745870133,0.725524495846146,0.734082763447149,0.742126862254881,0.749555404700647,0.756391249819946,0.762479576299331,0.767868384573664,0.772414210827851,0.776104178137195,0.778984779704166,0.780852773214372,0.781790550820926,0.781891137071539,0.78081314837889,0.778824443083071,0.775663033719842,0.77154169954618,0.766470275617302,0.760497903012215,0.753523363188578,0.745560030262144,0.736941161711293,0.727365447493455,0.717124536962544,0.706234598332677,0.694818479575052,0.682579163552797,0.671110528861368,0.657566872455325,0.644443758153663,0.631107686372022,0.617636193698858,0.604096193314897,0.590524569671219,0.576984223895036,0.563580046132217,0.550328169307758,0.537253685617122,0.524386082027102,0.511805111617174,0.499515443918922,0.487534438043832,0.475857796284212,0.464557174563461,0.453590280337792,0.442936405231765,0.432630641629617,0.422665474550809,0.41302422228343,0.403695961810041,0.39467692737477,0.385934399544464,0.377491866922717,0.369268731771089,0.361306181830724,0.353591898638821,0.346380947017677,0.338847172763308,0.331746075802822,0.32478502079994,0.31836322292339,0.311457250772272,0.305045489413024,0.298805804864987,0.292654821326194,0.286647249416074,0.280765778756247,0.274980078481198,0.269316756824859,0.263757998714079,0.258301815886607,0.252942717970271,0.247708287336656,0.2425521385583,0.23749503564044,0.232544440739423,0.227685235452514,0.222911707935659,0.218227142215263
0.494999336631235,0.505408129659502,0.516005258430316,0.526785289680642,0.537721857922059,0.548826345767006,0.560076964506846,0.571449919315122,0.582959067237937,0.594553951457679,0.606269891152255,0.61798857216977,0.629727200030397,0.641460588806033,0.653144577817243,0.664749291216532,0.676232051570919,0.687562618795729,0.698617803926871,0.709436483875856,0.719999927189848,0.730213833925007,0.739894033003074,0.749102854542549,0.757805462268951,0.765805684047594,0.773219840375066,0.77986735005351,0.785711402685956,0.790731709125539,0.794798524348493,0.797992619488517,0.800152984483557,0.801361668987021,0.801375032344661,0.800422046172665,0.798255588338256,0.795017621851475,0.790555412318857,0.785261941685124,0.778865143523884,0.771278723650699,0.762866242500667,0.753568936360157,0.743316504589681,0.732398749368393,0.720762108345647,0.708528125144924,0.695630484476868,0.682030059498156,0.668511024703976,0.654619855835511,0.640426226765394,0.626067762248468,0.611652157588982,0.597297230187791,0.582999375227519,0.568813121635447,0.554833569758935,0.541105340718271,0.527646025167698,0.514481267760039,0.501681855836367,0.48922187898027,0.477137847504183,0.4654197698118,0.454097068855383,0.443169825351223,0.432606950534832,0.422413582766704,0.412581517428927,0.403094820964027,0.393922659732362,0.385058927248939,0.376511558247852,0.368226551771159,0.360217278211575,0.352477837202982,0.344934506521062,0.337602546069676,0.330464375481849,0.323516209611824,0.316926076720968,0.309864155297209,0.303440614876546,0.297387595251945,0.291125498453528,0.285145912729439,0.279242304329777,0.27342860535613,0.267729666334773,0.262125643340039,0.256643604864254,0.251241396442641,0.245998792594758,0.240807914921926,0.235728440180359,0.230751970118132,0.22584874057258,0.221040105564183,0.216348647951899
0.497209042707018,0.507957127686005,0.518912725446057,0.530070445888829,0.541418943500126,0.552834236972918,0.564666225907483,0.576551987220315,0.588567419416752,0.600713866617161,0.612960066103734,0.625276247540689,0.637606978187196,0.649961580692834,0.662309958144075,0.674594662533111,0.686739481980517,0.698772388190005,0.710568613712748,0.722088224453962,0.733363860806443,0.744286704669653,0.754709380064926,0.764666365738159,0.774018800450917,0.782724063488453,0.790778808657303,0.797991323084995,0.804415761634833,0.809938954684732,0.814447310994239,0.817897008891478,0.820548146111054,0.821838416311966,0.822092095264203,0.821032531427391,0.818816498583761,0.815366367440163,0.810737886582482,0.805137285429479,0.798286381445079,0.79013768181096,0.781147941516866,0.771106644966467,0.760212886863411,0.748392717710289,0.735931644168236,0.722770815110645,0.708984799603376,0.694498476633706,0.679929399306744,0.664959036449537,0.649814920811389,0.634545927797297,0.619231004258118,0.603941670853297,0.58882848872796,0.573862907068294,0.559109432154802,0.544652550531661,0.530555384554567,0.516808578428211,0.503443930835387,0.490521225311312,0.478007252497696,0.465914439269781,0.454245816797128,0.44301884986927,0.432202418736035,0.421788712761719,0.411770807165052,0.402130220365207,0.392840550571494,0.383899960783384,0.375257502845135,0.366907198684054,0.358839148893236,0.351029816578193,0.343452000606397,0.336102597767857,0.328931918908536,0.321800507607924,0.315316350201664,0.308539305349378,0.302197022394146,0.295487277507883,0.289407892883406,0.283616015994718,0.277599788585518,0.271753048974236,0.26600444787548,0.260423929797314,0.254749616454315,0.249501033909669,0.244217075806501,0.23897354169982,0.233864408529469,0.228844906352009,0.223981286561843,0.219120993441574,0.214405092399254
0.499204433664524,0.510297223811604,0.521629941105043,0.533232735055871,0.544685517496254,0.556910013328605,0.569129826517322,0.58151330229903,0.594049630690395,0.606734956134677,0.619539545028295,0.632451669588649,0.645435292010899,0.658480818850307,0.671499847470138,0.684477688034073,0.697390340897037,0.710187270037612,0.722722683795792,0.73503952755471,0.747129913001358,0.758844883857755,0.770015840853646,0.780744532524479,0.790884142174292,0.800312338306712,0.809053185479077,0.816960542132766,0.823978720702744,0.830089134253821,0.835139662372299,0.839035223046737,0.841853759395052,0.843511994409818,0.843793680990248,0.842783060438632,0.840524221881173,0.836922218807044,0.832052716247141,0.82604199237796,0.818598566465197,0.810036109443661,0.800362007225977,0.789565067175412,0.777747028041025,0.765088094614328,0.751689997878759,0.737560850057079,0.722916032898826,0.707552852786213,0.691798722543668,0.675583437577743,0.659328112978666,0.642993479317923,0.626731090803075,0.610534505269375,0.594425423933337,0.578584758852866,0.563059841844552,0.547863580547446,0.533063127748405,0.518728972361022,0.504825060529122,0.491381420291369,0.478400525863864,0.465915920188631,0.453910863176427,0.442430558893812,0.431382385403847,0.420784732167117,0.410599477109277,0.400806180401133,0.391417623749793,0.382374615947708,0.373682742293577,0.365274452978134,0.35718016790665,0.349350223246424,0.341781240154144,0.33441336479018,0.327204374241395,0.320217428599911,0.313485609328265,0.306886555396176,0.300384393020669,0.293891229239108,0.287829916750468,0.28190576077754,0.275879666503757,0.270001451100608,0.264219717932401,0.258600557342924,0.252782272951023,0.247735501644268,0.242201137394122,0.236802455399332,0.231933936943419,0.22682418583495,0.22166536788913,0.217082429942555,0.212310220387905
0.500936983441957,0.512370239033845,0.524111771431925,0.536022833918633,0.54804203546542,0.560689521525154,0.573374627501877,0.586234614524396,0.599304282647185,0.612563833372025,0.625995634604508,0.639567260223953,0.653212334779126,0.666933399895711,0.680688924117543,0.694437720708606,0.708119671885625,0.721702049549827,0.735111920739119,0.748311353135585,0.761198875306727,0.773742925777946,0.785818626457099,0.797437904015677,0.808366989594059,0.818617980667668,0.828172036992521,0.836785755739414,0.844529268510894,0.851171435871013,0.856920323050886,0.861299532623865,0.864392662812977,0.866299926626195,0.866779191755403,0.865818163890612,0.863448132737435,0.859711535429752,0.854618997220679,0.848203608886594,0.840184088514262,0.830970736299507,0.820582074172073,0.808947083178278,0.796269810519898,0.782614323779545,0.768138446481694,0.752848016215997,0.736901501985384,0.720293702733782,0.703466350777491,0.686189631071851,0.668881435411596,0.651480133656541,0.634053511623543,0.616836649340828,0.599804052512249,0.583021371780834,0.566605467575353,0.550672252935658,0.535156643249211,0.520139015300823,0.505620556496083,0.491701949830167,0.478321748822501,0.465471954325818,0.453140820563382,0.441356343569264,0.430068296035277,0.419284917255791,0.409003623721335,0.3991355205926,0.389629240018009,0.380538890722744,0.371831236508642,0.363360516698027,0.355212645935732,0.347416271689053,0.339822315651863,0.332339230662276,0.325251897045472,0.31832748689571,0.311502157639705,0.304944008865961,0.298006368620537,0.292095205679321,0.285889779599109,0.279924961104797,0.273740371911112,0.267970879931665,0.262119314260392,0.256413754999707,0.250787727754261,0.245509058381564,0.240054610975975,0.234892075507007,0.229782128492246,0.224793516054324,0.21981186986134,0.214896995787838,0.210159509416645
0.502401595341009,0.514202129569489,0.52627629450159,0.538609214983898,0.551225554354786,0.564160029664183,0.577324367335494,0.590737500202729,0.604376402276885,0.618277383660286,0.632333114670762,0.646553661992645,0.66092309424478,0.675398755085572,0.689928385559565,0.704450525367882,0.718979492484638,0.733444446207184,0.747713876233326,0.761789182864988,0.775606987458209,0.789075379781395,0.802108099323233,0.81461785698821,0.826490105970091,0.837678065593258,0.848052768385256,0.85754511317332,0.86606957538293,0.873484179516146,0.879706389584502,0.884615027792002,0.888201326562824,0.890372933432644,0.891149862457381,0.890238495782951,0.887875993642323,0.883899163875242,0.878583773083053,0.871658119723291,0.863138821369734,0.853258704864237,0.84204339908263,0.829355387233973,0.815703840160218,0.800992610280302,0.785402886574648,0.768894488930402,0.751607290554387,0.733938286852654,0.715925709990573,0.697026762259022,0.678449337919973,0.659835374455731,0.641319360273951,0.622900366268912,0.60478745948307,0.587075309162608,0.569768458845376,0.552941572036085,0.536676990503717,0.521037941797139,0.505888613313601,0.491462783875273,0.47765193459107,0.464508088159521,0.45174666089974,0.439731442687471,0.428282931415934,0.417337548355623,0.406944652231091,0.397035044692876,0.387392434671873,0.37828926697373,0.369615964527071,0.361114461952664,0.352957540235106,0.345201355888191,0.337757394992655,0.330248989773867,0.323355722987412,0.316246975957059,0.309320117254388,0.302739603822747,0.296401079197003,0.290101971030809,0.283840015661407,0.277734805766418,0.271612897935215,0.266007874903559,0.260242176790249,0.254415065219617,0.249025437621347,0.243494441804319,0.238131673203228,0.232860739387392,0.227664475262942,0.222580814152975,0.217593691264192,0.212699821697911,0.207897840809629
0.50360468235485,0.515736447680471,0.528188207033505,0.540942201075098,0.5540298285436,0.567415301378042,0.581091660900147,0.595008562286622,0.609234608307783,0.623724766486556,0.638456109086497,0.653395583581923,0.668503284413406,0.683735433457216,0.699065557283726,0.714454834622541,0.729899502435096,0.745255741172415,0.760475823695566,0.775494219391082,0.790388926154118,0.804847823996745,0.818905499868731,0.832457258720593,0.845340168816972,0.857466885065518,0.868849831918882,0.879237545099356,0.888701650901837,0.896924702537858,0.90379096313837,0.909240141714812,0.913352961860912,0.915920978462285,0.916924584562215,0.91611506629269,0.913741761034082,0.909630959341198,0.903962598418918,0.896467644152155,0.887342589384251,0.876675482268956,0.864509586300825,0.850969686044944,0.836190482491439,0.820244170598288,0.803314836553083,0.785483924426612,0.766834821182065,0.747649941233868,0.728969630708469,0.708164357725837,0.688139943527042,0.668102479945569,0.648271566578898,0.628686764382993,0.609443279146173,0.590669366928192,0.572394128082572,0.55466983763151,0.537733143064537,0.521393816753938,0.505652719332285,0.49055624318345,0.476334926839456,0.462873150507885,0.449654466301245,0.437585700211716,0.426021540132541,0.414893902326588,0.404297740939356,0.394374088961181,0.384529035124027,0.375808343051725,0.367086518697336,0.358645173793585,0.350591098799388,0.342794403237357,0.335525000129088,0.327960732767392,0.320991047195738,0.314092347469435,0.307479039342105,0.300771962815035,0.294368631264177,0.288032526945382,0.281799008976005,0.275704538157562,0.269728013894732,0.263844144136524,0.25806721501149,0.252387206768602,0.24680418961903,0.241315252532399,0.235926318644035,0.230632974220343,0.225428815391069,0.220322447989826,0.215307393268296,0.210388973698195,0.205562711887729
0.504433532168196,0.516948419012391,0.529775211011899,0.542959399248422,0.556484087073841,0.570349992184546,0.584550564261156,0.599016250263222,0.613827413852938,0.628958450896058,0.644351957256308,0.660015518812498,0.675879364905591,0.691934059462704,0.708133685941943,0.724423813714071,0.740767950272481,0.757116984290121,0.773401525967899,0.789482593438059,0.805343347694784,0.820924540153912,0.836215989335935,0.850863040027093,0.864826684579342,0.87808925286908,0.890606592530466,0.901955692562285,0.91238002401162,0.921539062304769,0.929132148947602,0.935237530133371,0.940052431065584,0.943008719016845,0.944247152498454,0.943690517813505,0.941385052540036,0.937097337404979,0.930977529454391,0.923067064270177,0.913196807368135,0.901669373170832,0.888472311985101,0.873732309966492,0.8577414060232,0.840516534778142,0.822163430733484,0.802729585854827,0.782485243272145,0.761783135033222,0.740693255324942,0.719524638373054,0.697717925283006,0.676231451756977,0.654800779501375,0.633852118689519,0.613469726640425,0.593829619412899,0.574323666875029,0.55557481287098,0.538022248398788,0.520835730819955,0.504623213965346,0.488923818381586,0.474301818364016,0.460348803161873,0.448180134622363,0.434878652540254,0.422896602583939,0.411532751080161,0.401292070306516,0.391145199382694,0.381934899475686,0.372871806311501,0.363976463865753,0.355595828941062,0.348171107188462,0.340156239494611,0.332765735450055,0.325585882059856,0.318560504711978,0.311438812405121,0.305078632213336,0.298479842694112,0.292052884422963,0.285752067365318,0.279568369542785,0.273486460641543,0.267510243144138,0.261630845833981,0.255846558231454,0.250152446707324,0.244552600975541,0.2390458961227,0.233633147920631,0.22831524877419,0.223087358115128,0.217956564058227,0.212915948540178,0.207973732783654,0.203123969772848
0.504913605176034,0.517756387867156,0.531003053380434,0.544606930849086,0.558593192584983,0.572945951713874,0.587664520705106,0.602729391037223,0.618121395735697,0.63389536809327,0.649980954381301,0.666373036450804,0.683034922164947,0.700002684828086,0.717107132305483,0.734338266152057,0.75169584257098,0.769115647505928,0.786453770925235,0.803648706500231,0.820720893421951,0.837435791388618,0.853925368877053,0.869800252274162,0.885034702167423,0.899580763490207,0.913216503713864,0.925818109818798,0.937326831765322,0.947373678115238,0.955898374473785,0.962824618482736,0.968297062377039,0.971810944934361,0.973419861339708,0.97295991570787,0.970673749673531,0.966191810671544,0.959765564643229,0.951238253508048,0.940359532976557,0.928227186636199,0.913947595827345,0.89798559214244,0.880490570924177,0.86188043056949,0.841917404681786,0.820714850199555,0.798753286473339,0.776350297116813,0.753643310075329,0.730767400830553,0.707869163106989,0.683811250264333,0.661899733033426,0.639165935333071,0.6167450718512,0.596211545640247,0.576018042125399,0.555605940923898,0.537231268465775,0.519663674350231,0.503001689168792,0.4865966872626,0.471279605979155,0.457319701340702,0.443790151694813,0.431169996038037,0.419523826640191,0.4084497691287,0.398120257098105,0.387994936666606,0.37847433069809,0.36951817140459,0.360960502177106,0.352778487672453,0.344917976039259,0.337344898808707,0.330000965558247,0.322885698701074,0.315921914686383,0.309108690283937,0.302532790894963,0.296058107034394,0.289659874361649,0.283393994777634,0.277234166466504,0.271164630954021,0.265194185745737,0.25931296576932,0.25352219325157,0.24781575668379,0.242200255071597,0.236674214760476,0.231240418112302,0.225900439528138,0.220648827719159,0.215493143469841,0.210428419044128,0.205462163570437,0.200588238005508
0.504898775486629,0.518230060482577,0.531882075371727,0.5458842683333,0.560310376615266,0.575135707151253,0.590372759783536,0.606019933592483,0.622066371062227,0.638507993878969,0.655282496779565,0.672447032639709,0.689951223000618,0.707783961054284,0.725868192675112,0.744148907706546,0.762556675161147,0.781054412669192,0.799574223995744,0.81801954303348,0.836417052377513,0.854080752683488,0.872190297277648,0.889417227203338,0.905993056004162,0.921859674439124,0.936772888667896,0.950750154916179,0.963343549919411,0.974478759377904,0.984121275916768,0.992035847515425,0.998305475385418,1.00241307838868,1.00465669484433,1.00432844089761,1.001877299633,0.997451423667848,0.990413380357693,0.981337487430038,0.969832112677049,0.956607322544206,0.940819365384643,0.923634660584357,0.904627047620348,0.884405228063226,0.862526374678542,0.839385847203339,0.815269146041341,0.791454341504443,0.766643203443263,0.74219838605345,0.716418034122767,0.691618996437362,0.666769479875489,0.644068077484859,0.621154406779842,0.597712434939774,0.576806084797961,0.555954495667644,0.536164512678944,0.517414317490394,0.499619544792281,0.483443184796286,0.468057365415488,0.453520585275129,0.439937227067377,0.427491656072752,0.415388304786777,0.404281249993764,0.393692181767636,0.383876992644658,0.374566978992293,0.365737200213809,0.357334633146886,0.349293872741273,0.341588891681316,0.334152702337442,0.326948086864865,0.319933686366764,0.313117635764018,0.306442557866461,0.299910172404468,0.293479604177701,0.287155315206927,0.280927205390531,0.27479641346213,0.268744616927612,0.262781484413477,0.25690140768269,0.251104904391097,0.245386789551668,0.239755215162075,0.234208830823381,0.228752760130482,0.223389430525839,0.21811292742829,0.212931536522452,0.207842500176824,0.202851937024715,0.197953958686931
0.503941349990785,0.518427495941712,0.532329221496396,0.546737815688577,0.561604457290412,0.576924449007221,0.592702894579755,0.608940666723033,0.625631887479653,0.642729326370778,0.660227421628424,0.678182051132377,0.696551174733058,0.71527945138974,0.7343318437731,0.753713581605144,0.77325420144768,0.792880190418024,0.812733713281521,0.832457323379121,0.852123790144851,0.87175878154574,0.891019296142962,0.909672699790642,0.927642771467283,0.945070024144844,0.961455813255233,0.976831828468403,0.99071048816758,1.00323992232825,1.01411246879054,1.02301998959343,1.03014275549774,1.03507661007902,1.03767046664869,1.03782164499971,1.03572829750812,1.03086876245979,1.0231898178042,1.01350145464807,1.0012817689675,0.987233715271083,0.97075879563691,0.950235403690745,0.930367357698616,0.908261731135598,0.883771312405459,0.859032248803141,0.832739646633225,0.807805415720057,0.779285326328004,0.753506282842926,0.725990035020467,0.69973199534223,0.672449461500169,0.647205483602991,0.622472738855865,0.598613072131248,0.575823781258063,0.554185303618322,0.533652293907041,0.514333362344812,0.496208321808275,0.479246796263083,0.463415621628082,0.448657470699232,0.434944393918931,0.422196740587168,0.410316114875622,0.399334718252993,0.388878192712937,0.379291126120373,0.370163644452572,0.361537246323401,0.353337899546734,0.345509994374023,0.337992827637643,0.330750887906354,0.323715996283458,0.316863784051947,0.310170381314695,0.303606085589889,0.297164133934379,0.290811603460912,0.284549554416808,0.278366708901487,0.27226933866366,0.266237566703127,0.260283599171419,0.254404364917461,0.248601583277224,0.242871672573769,0.237223004409754,0.231654219191236,0.226173647319425,0.220784635810153,0.215481820935487,0.210273028461881,0.20515862331031,0.200142205599652,0.195219465869571
0.503858306433524,0.517962575162112,0.532296536555428,0.547114783340702,0.562426679553071,0.578238319415999,0.594556995370438,0.611374701354702,0.628693092490001,0.646510655272733,0.664768443310874,0.683494435598805,0.702756466630802,0.722462031330776,0.742528414357489,0.762980794051333,0.783709502588225,0.804658109194353,0.825769807038596,0.846887008573699,0.868277205596988,0.889066917227707,0.909906823761753,0.930347993160695,0.950053428124779,0.969141295881117,0.987189038332587,1.00394302184146,1.01938531261326,1.0334219741384,1.04570009183428,1.05597307240035,1.06430700835031,1.0701605155655,1.07289261409497,1.0741401275148,1.07241324625236,1.06711053713767,1.05821857132731,1.04936739595702,1.03614274327548,1.01968829892967,1.00275262009871,0.980765577839557,0.957221101552215,0.933045835354024,0.906079883152244,0.878917138713952,0.850639015860353,0.821945449245952,0.792816974311419,0.76336523303186,0.734128500156174,0.705654338679285,0.677266660683256,0.649910853667331,0.623527543948431,0.598271152076913,0.574217948077717,0.551447173627045,0.530024537306885,0.509929976938739,0.491214014545507,0.473796452686434,0.457671971208522,0.442754688482975,0.428989095908863,0.416276255358725,0.404523257482324,0.393640191309105,0.383534230776056,0.374104667639547,0.365255177057571,0.356901299973879,0.348970900731243,0.341408238915543,0.334132413881045,0.327116711569111,0.320289923158707,0.313617895516947,0.307077715149157,0.300648611708991,0.294313999846856,0.288053483794998,0.281858929374273,0.275727635630535,0.269664396004349,0.263654759875029,0.257708481887482,0.251828901586147,0.246017136606557,0.24027343791665,0.234604643253592,0.229010913529755,0.223503468352739,0.218085954567151,0.212755164686684,0.207517207130541,0.202375615864253,0.197331565815838,0.192384008672072
0.50281920778123,0.517033860152394,0.531757008234423,0.546981978680722,0.562731024606391,0.579022454793462,0.595859868661681,0.61325837931031,0.631221826517539,0.649763487939295,0.668803156322359,0.688379398783659,0.70851676087887,0.729179128295068,0.750300240266557,0.771966690696983,0.79397648025235,0.816276067457681,0.838805837935289,0.860846634032463,0.884528748392007,0.906941751210574,0.929400994752722,0.951641345687376,0.973185257146464,0.993959900706843,1.01393012259167,1.03238335602579,1.05010677904694,1.0652487044232,1.07970293568206,1.09050040834365,1.10116331509697,1.10769664337509,1.11203045002472,1.11321875866022,1.1110710705018,1.10680779120313,1.0974081784489,1.08525552057198,1.07114187459764,1.05367976191294,1.03360644230749,1.01082532571494,0.985202192937727,0.959235261681054,0.930488130270649,0.900490540443636,0.869492482323913,0.83792170436111,0.806006857644993,0.774076813939466,0.742429916763539,0.711341337062376,0.681029878351982,0.651707726505838,0.623534519080523,0.59668792481843,0.571262796722115,0.547328931122287,0.524945306857166,0.504102832768014,0.484817827806463,0.467014502025773,0.450668678277581,0.435660543518662,0.421932242926877,0.409346910455045,0.397813432859111,0.387201782683284,0.377410594269371,0.368327427594979,0.359825383036868,0.351831207669151,0.344247241676967,0.337001274549713,0.330030720636494,0.323278342824327,0.316697904838441,0.310235569332062,0.303877408087114,0.297597570080174,0.291385896142178,0.285223255917917,0.279102665708418,0.27302481703721,0.266996036146299,0.261007847530273,0.255068089038757,0.249185197364522,0.243361088190853,0.237598638531628,0.231905263435856,0.226283301234182,0.220745246602188,0.215294799347961,0.209933217781718,0.204663393809806,0.19949168918453,0.194417743331082,0.189443982014727
0.501131417048289,0.515630006928121,0.530689376530799,0.546295029946012,0.562458134345463,0.579214427444174,0.596577228221848,0.614557734377545,0.633164595241124,0.652407567883056,0.672243734150052,0.69269107174938,0.713755696346531,0.735392047425429,0.757535567245106,0.780503304135474,0.803957516564772,0.827471962225539,0.851201680220191,0.876935842693787,0.900537663250941,0.924527655291621,0.949889490023686,0.973682358533608,0.996839812392694,1.01948656421927,1.04163734147526,1.06256217787639,1.08178121186118,1.10115039115916,1.11627577832613,1.12957252743034,1.13992237616917,1.14679009868535,1.15240010750865,1.15391108387199,1.15214475516289,1.14691806828645,1.13803735039449,1.12586954075565,1.10994324934547,1.09077790704994,1.06902261816743,1.04405943184447,1.01657933063115,0.986954688829061,0.955470759246636,0.922580197509418,0.888660326126524,0.854044480446804,0.819206863271372,0.784409932939263,0.750047227227161,0.716383536213256,0.683727447876028,0.652249328209876,0.622166856884939,0.59362486831193,0.566752840964805,0.541629493743942,0.518283816401784,0.496712702465642,0.476907838103825,0.458787218006545,0.44229550247134,0.427304269928209,0.413712005912552,0.401382356675811,0.390173598599246,0.379954928809979,0.370594818905098,0.361945498430894,0.353893148187183,0.346344890195718,0.339177474994556,0.33232610591777,0.325712278289612,0.319280992661367,0.312972406758065,0.306753778499249,0.300596040611283,0.29448266682483,0.288404059748485,0.282345616071397,0.276301159485838,0.270277159060403,0.264279844495954,0.258309699025124,0.252371685047966,0.246479943965899,0.240637728306876,0.234851072798188,0.229127369763989,0.223472531868273,0.217899537595458,0.212412453671046,0.207016126656725,0.201711393143256,0.196506746037395,0.191400818599082,0.186399512687268
0.498902202406093,0.513688588729903,0.529065290189744,0.545023061921497,0.561593174710403,0.578807078941333,0.596682120028903,0.615234226520301,0.634477011248558,0.654402452941394,0.675015844900279,0.696358427845856,0.718390584514487,0.741116934632053,0.764110862794643,0.788929426068354,0.813510809271002,0.838434766692161,0.863997613834907,0.891897247665179,0.916567656808065,0.943222402246446,0.969468532571917,0.995625630227596,1.02205834669606,1.04655962729626,1.07104877286517,1.09371278617263,1.11516330944508,1.13558815789237,1.15260426999657,1.16819071092568,1.18068137980563,1.1901102894175,1.19618991622204,1.19856185710805,1.19725216034376,1.19191728288065,1.18264152819685,1.16943162296849,1.15228234766668,1.13145832645065,1.10711604551601,1.07962788071675,1.04929613750372,1.01657104140542,0.981849932405171,0.945631519871856,0.90827288774171,0.870316328059495,0.832162435319028,0.794221809346278,0.756822803588928,0.720361266515156,0.68509681214583,0.651273773357847,0.619136167553582,0.588819793920251,0.560438799978993,0.534084845185716,0.509775289068578,0.487507681489508,0.467243903210412,0.448890472373807,0.432364899985586,0.417506388782723,0.404199535299252,0.392252984136042,0.381524524885519,0.37183279374215,0.363030824630494,0.354956310142594,0.347476877483705,0.340458884406871,0.333806209012626,0.327409868031184,0.321210128778085,0.315142423524339,0.30915379861147,0.303204948124231,0.297269033303257,0.29133508727646,0.285396603144276,0.279446398893095,0.273477263924235,0.267504333095423,0.261533799739966,0.255575159957503,0.24963184589719,0.243723153111788,0.237855305650987,0.232036367767895,0.226274770580189,0.220580904114805,0.21496686868805,0.209437674977205,0.2040014195499,0.19865759860297,0.193416273440729,0.188275907670943,0.183244937007217
0.496092855785778,0.511135084780887,0.526817211458725,0.543115100769946,0.56006297205832,0.577715909175279,0.596087281549295,0.615198256654902,0.635073538929472,0.655725880626056,0.677148364886891,0.699303363271813,0.722342818689349,0.746162308920368,0.771174763080491,0.795681423523807,0.822136114358146,0.848995530741389,0.87610914381426,0.903250947678492,0.932020203121341,0.960573021114264,0.989003880186575,1.01751503194173,1.04594182230842,1.07298205611013,1.10074418279904,1.12632377279499,1.15047535581916,1.17269980636829,1.19295966634831,1.21053881237975,1.22509568809182,1.23622262478207,1.2436859967644,1.24703657602263,1.2461913029415,1.2408635517303,1.23106498027019,1.21673378989994,1.19802880694134,1.17507207997218,1.14826283991525,1.11780909683371,1.08426521739406,1.04806023152429,1.00960691102464,0.969556376850033,0.928484010081111,0.886651914250598,0.844824795086642,0.803312401341389,0.762558193393759,0.72302846363419,0.684952851278497,0.648614100285624,0.614246479341011,0.582030441206143,0.552061224994972,0.524462106806896,0.499203602721115,0.476292773344854,0.455653440363735,0.437182814767699,0.420750331480995,0.406185610667055,0.393307731471397,0.381932659438575,0.371838715355666,0.362840127007823,0.354734012790855,0.347368109160199,0.340585539933655,0.334214046201966,0.328159978413645,0.3223066630672,0.316586882539957,0.310929752466926,0.305294356949336,0.299635920275966,0.293943085489873,0.288194740365113,0.282402031140456,0.276556716004004,0.270659108068637,0.26472826931036,0.258775653592122,0.252818010767575,0.246858532401313,0.240922606036362,0.235018488037036,0.229158190912102,0.223350424732651,0.217609394161193,0.211947244969676,0.206370419391104,0.200889063329764,0.195501630859373,0.190219709355139,0.185043138597877,0.179979503358634
0.492661407883389,0.507957316433269,0.523911697821798,0.540521298975617,0.55783685543269,0.575896968049592,0.594756628922456,0.614423351408028,0.634929929586084,0.656269276289571,0.678387508645695,0.701483077414254,0.725437106915764,0.750305913130519,0.776125548339475,0.802765927540975,0.829886716745314,0.858282332694157,0.887284790025169,0.916657035547802,0.947260717952358,0.97807850194983,1.00904934803145,1.04008588426045,1.07100359301175,1.10169762598026,1.13133329357981,1.16002904850812,1.18731020457706,1.21259904862142,1.23558852396,1.25578342039194,1.27270607648735,1.28591237123879,1.29502071868427,1.29954396530325,1.29936183661173,1.29409382744428,1.28376033501268,1.26825548884342,1.24774488858169,1.22253017849554,1.19273372031122,1.15899408063304,1.12170330886958,1.08143321590493,1.03886275627955,0.994526825305495,0.949001632368792,0.902941703428797,0.856947765200784,0.811512754367512,0.767090806420224,0.724126396532453,0.682936008372732,0.643859449366944,0.607085177578022,0.572864107756118,0.54125490844213,0.51238452954534,0.486205181192275,0.46272151104047,0.441816228815513,0.423367107661188,0.407191015204021,0.393114069895167,0.380886618495598,0.370263272026622,0.361024535950578,0.35290575047387,0.345706274542531,0.339217408024581,0.333256089301928,0.327656914626939,0.322296944739824,0.317076486557945,0.31188936814397,0.306699475712623,0.301444296767723,0.296104887458163,0.290661391319304,0.285106762033251,0.27945325960537,0.273707694617574,0.267871880257877,0.261971932267155,0.256024263641157,0.250053312866397,0.244064051372837,0.238086421746461,0.232133908114769,0.226219766605675,0.220355741573309,0.214558117265212,0.208838495357191,0.203206316137125,0.197673941493676,0.192237512125737,0.186911083846717,0.181695884473972,0.176596726651291
0.488580569157922,0.504102804098421,0.520297500125633,0.53719401170243,0.554863459412235,0.573301495012064,0.592603144184339,0.612786796663791,0.63387648820184,0.655865592527438,0.678770772822522,0.702657242558115,0.727540129443573,0.753473996864297,0.780517281197782,0.808354505409503,0.837230176377996,0.86665392050547,0.898283537574232,0.929542496893821,0.962108615907538,0.995253357687458,1.02886794652893,1.06274087550154,1.09663421627447,1.13026288175123,1.16327846956591,1.19532496702517,1.22591338341931,1.25462322317692,1.28087140781563,1.30416482470825,1.32391923316463,1.33959122936426,1.35068833064163,1.35674611038217,1.3573597484781,1.35223980521871,1.34139188324892,1.32461235911096,1.30212191201496,1.27412441433191,1.24108567521425,1.20345649534595,1.16194654505301,1.11711537536548,1.06963368782366,1.02035769344544,0.969968283425297,0.919056711943461,0.868436293997627,0.81857078609069,0.770009727893612,0.723236152272512,0.678685045605804,0.636667973617693,0.59736840704994,0.561000657390953,0.527684588785547,0.497551626303807,0.470501173695144,0.446544581979838,0.425517696988683,0.407275151294388,0.391589240778978,0.378212483010476,0.366852188665377,0.357249565078088,0.349070507680056,0.342045986892863,0.335968259121595,0.330517010768937,0.325554779079922,0.320860585310097,0.316318388414663,0.311798170675661,0.307221258477699,0.30253002238438,0.297689777837229,0.292677655915527,0.287490339291933,0.282124419902442,0.276600659202252,0.270939432587771,0.265148718726081,0.259260665215544,0.253298963866056,0.247296043697094,0.241259114744584,0.23522357050183,0.229205846978886,0.223224345052177,0.217292353725761,0.211427205517645,0.205640634788139,0.199946605318213,0.19435468935206,0.188864048141857,0.183488247596332,0.178230897921932,0.173092202729552
0.483850336200536,0.499514891237054,0.515932975102555,0.53310909695182,0.551057241063556,0.569871910399561,0.58957158391726,0.610230719400676,0.631836231800723,0.654442929484394,0.678026286464517,0.702705037074903,0.72847119270071,0.755438173781741,0.783518576797968,0.813113248681268,0.843133572300078,0.875133382228131,0.907668014144138,0.941468576189215,0.97629957911285,1.0119606884862,1.04832170908229,1.08519412822139,1.12227066280096,1.1593539413382,1.1959925495872,1.23177310665752,1.26623939304332,1.29877433225397,1.32885554367312,1.35577061094334,1.37890642345816,1.39755978188489,1.41113849306345,1.41900986198201,1.42080426258808,1.41600502764052,1.40463351996027,1.3864052283384,1.36169806733469,1.33061179078584,1.29373685038176,1.25168370604737,1.20520856394722,1.15505141354527,1.10206991551465,1.04713603574327,0.991090820350016,0.934718099686107,0.878828715761599,0.824014391645728,0.770965128922795,0.720088603902626,0.67184183661012,0.626577212611072,0.584518388847798,0.545915274833561,0.510865543179686,0.479473621176702,0.451619673219818,0.427320388233162,0.40634739227205,0.388534177368879,0.373594796943075,0.36120135794007,0.351042453853034,0.342717741391357,0.335937836634758,0.330306525819096,0.325552618408708,0.321385767074281,0.317568777478948,0.313931493819263,0.31029882966273,0.306567215191879,0.302655983449623,0.298508166666148,0.294102227509098,0.289424950976007,0.284486207278029,0.27929770282948,0.27388771919098,0.268288332278564,0.2625196977936,0.256619297008801,0.250618370161531,0.244560132088003,0.238454831336705,0.232339780672996,0.226239260224478,0.220172850116069,0.214157006436654,0.208209257546329,0.202349618628683,0.19658313583251,0.190924404470453,0.185373828699413,0.179943697908882,0.174639870187214,0.169461047936008
0.478354903580748,0.494208713273232,0.510782639232943,0.528151924023881,0.546379056459199,0.565513437509636,0.585599392565893,0.606655237921621,0.628737515580327,0.651851441734824,0.67612533101506,0.701579897753194,0.728174677047388,0.756087131804692,0.78472310499476,0.816774118042621,0.84806037803284,0.88149283571479,0.916200755443748,0.952221751017382,0.989444732689684,1.02778564517603,1.0671247562399,1.10724403340731,1.14786617815003,1.18872261670294,1.22941784846631,1.26943137848666,1.30828404022734,1.34529821532672,1.37978164517035,1.41101816625324,1.43813554097768,1.46041549602905,1.4770090726577,1.48720736562969,1.49046575484577,1.48617801597914,1.47430160671209,1.45452537309781,1.42720903605978,1.39261755622743,1.3512842736171,1.30407643307447,1.25181089050567,1.19543889559455,1.13611147963445,1.07470015869313,1.01225788560187,0.94972214462141,0.887947725367256,0.827686104136367,0.769507337130237,0.714102562291003,0.661780858560109,0.613089004200015,0.568136062058417,0.527198289338158,0.490350102864061,0.457726330066468,0.429185653053505,0.40470398596219,0.384025200589967,0.366921198862829,0.353038600038782,0.342003617104065,0.333354851628757,0.326679230749067,0.321617770416588,0.317675433846871,0.314532347117984,0.311878705010969,0.309425072485075,0.306990233095649,0.304396876692112,0.301534553276262,0.298331380105729,0.294759418402606,0.290790833348231,0.286445413021185,0.281733522699432,0.276697800547842,0.271369981791337,0.26579916227502,0.260019366120438,0.25407167406204,0.248002926940174,0.241858433594905,0.235657748582527,0.229443271589203,0.223234524356348,0.217066712366815,0.210952277688361,0.204909269700641,0.198960223042737,0.193109937422478,0.187377349042279,0.181761265127454,0.176272486028237,0.170917988941694,0.165696429418631
0.472148896683281,0.48808528647965,0.504810759344479,0.522375303979084,0.540837377917878,0.560171068362214,0.580595145161615,0.601971208032571,0.624465269736134,0.64812605296495,0.672976313975335,0.699211967918363,0.726784368451605,0.75565328205707,0.786008581337448,0.818947152477753,0.851679839355001,0.886686661768928,0.923373953711325,0.961617815648503,1.00134084643956,1.04251671563972,1.08500998813085,1.12860061402615,1.1730837516515,1.21811570183437,1.26326442936763,1.30806976845028,1.35187565325999,1.39404915733225,1.43371265825681,1.47001115168504,1.50196559424313,1.52859552591724,1.5489404523796,1.56205447222435,1.56723082627385,1.56374460924364,1.55141093802121,1.52989794083787,1.49964146555829,1.46082288479453,1.41443595915223,1.36114618155402,1.30210111690231,1.23864816929996,1.1717961635439,1.10298527516405,1.03327162697581,0.963631844181829,0.895266243855286,0.828805770061876,0.765097154955618,0.704681803628316,0.648081031451149,0.595632390273562,0.547575806812991,0.504171014514861,0.465511992284451,0.431696477739359,0.402584889843402,0.378136968205183,0.358015358119084,0.341975609010522,0.329564289377835,0.320287546743236,0.313642189342673,0.309080561413289,0.306137191232778,0.304269194838901,0.303063226663687,0.302164411845422,0.301282645833756,0.300185801444356,0.298748242328627,0.296823159397783,0.294381031752249,0.291388623148903,0.287857412969798,0.283818229720789,0.279306155745632,0.27438527875109,0.269097239289891,0.263514040148264,0.257675935781718,0.251644858238373,0.24546918480792,0.239204550684252,0.232875963473151,0.22653052253255,0.220193076029343,0.213900416008568,0.207665930244729,0.201513173839242,0.195461963869274,0.189520546257722,0.183705228002607,0.17801789015454,0.172466501162292,0.167057830786517,0.161792117739912
0.465154698313688,0.481114421975846,0.498005490079669,0.515713328653039,0.534294824412913,0.55383927050436,0.574431191076251,0.596125549423725,0.619036409729468,0.643163135705724,0.668628038857769,0.695574176256252,0.723885853164943,0.753784796637986,0.785375819034144,0.818581625158311,0.854033664649259,0.89019474658697,0.928902790193241,0.96937153857911,1.01168897767942,1.05580678382635,1.10157616096984,1.148903995806,1.19751594026803,1.24707236011238,1.29717248267484,1.34735958708555,1.39687191971377,1.44491238732831,1.49066876398883,1.53294768933431,1.57068784637634,1.60265264727469,1.62760624097619,1.64442231826546,1.65210632493333,1.64976620174663,1.63712886295396,1.61365480558597,1.58002194377165,1.53636277910801,1.48378792225164,1.42335908262162,1.35652435901794,1.28464590104,1.20924404675309,1.13174227876536,1.05356438048608,0.976057578007672,0.900209842001885,0.827010086790871,0.757146538870767,0.691308900676002,0.62995851315397,0.573469876313309,0.522194112549628,0.476233281419339,0.43575113962225,0.400806605261292,0.371304970822312,0.347115831203825,0.327934375565582,0.313371842740075,0.30290010895809,0.295901633213263,0.291791569112529,0.289899990096349,0.289521750884488,0.29018924130419,0.291243106697354,0.292441361605904,0.293355948012727,0.293793526339846,0.293587067133635,0.292668893661361,0.290993012509428,0.288574133706089,0.285443480214486,0.281666410433409,0.27729825699257,0.272432010697808,0.26712615738852,0.261471373736681,0.255525087558986,0.249355042113895,0.243029599370676,0.236599390467676,0.230105447101871,0.223601741452647,0.217110388138464,0.210667333210287,0.204295807141547,0.198015102267582,0.191848675236389,0.185804572283145,0.179898676979725,0.174133720406376,0.168514928894626,0.163048936196609,0.157737015644065
0.457406316095206,0.473295099678024,0.489785806952932,0.507996682004002,0.52668232512862,0.546379441855981,0.567155898161903,0.58910605423862,0.612321078947372,0.636801500562281,0.662841459431831,0.690290066347066,0.719369112807433,0.750113677838321,0.782695676981809,0.816938127722369,0.854228873260248,0.891854953266594,0.932416436319047,0.975171847316902,1.02012925047555,1.06721545830338,1.11644399604321,1.16769880679831,1.22070544033424,1.27520138082937,1.33080975841813,1.38701846911963,1.44300184898413,1.49791245700158,1.55070469867206,1.6001720778426,1.64482853968659,1.68335331895271,1.71404407316393,1.73554465073953,1.74649262435376,1.74579699610659,1.73291037818702,1.70735551896497,1.66966654364207,1.62026098696711,1.56045907400317,1.4915491883889,1.41528536366849,1.33352169669707,1.24803843925833,1.1606178151242,1.07301344968053,0.986333191704866,0.902222264702865,0.821375692265209,0.744794325898837,0.673031099611977,0.606621006807546,0.545994567230929,0.491244650775406,0.442585740616051,0.400264208606274,0.364269400303531,0.334523287598661,0.310929866763978,0.293064741449034,0.280527054276531,0.272615415100139,0.268612316644627,0.267755683417169,0.269141881648422,0.271997736408601,0.275627270464809,0.279439108161556,0.282965157285563,0.285902043058751,0.288000082433374,0.289133045384206,0.289245454331837,0.288336928926705,0.286457973872364,0.283676895858675,0.280094589996212,0.275798785161189,0.270909468082082,0.265509132074036,0.259709089812983,0.253589981484645,0.247224837763237,0.240692577562741,0.234050414185429,0.227352246380466,0.220649543267341,0.213970853252565,0.207356196083001,0.200825374642914,0.194402195427625,0.188107344638148,0.181951559388555,0.175946978128532,0.170098375532909,0.164408900341037,0.158883312003165,0.153525287857428
0.448854183239326,0.464867933647368,0.481346306795788,0.499128749192976,0.518053576972319,0.537800274203675,0.558680257684939,0.580806627521398,0.604243763958985,0.62903250945661,0.655433976075499,0.683401056263793,0.713077737629549,0.74456533104791,0.778119817825135,0.81364807086532,0.85308088954321,0.891235850764891,0.933743847526745,0.978657315631649,1.02623644436424,1.0763563332848,1.12913276050431,1.18443285377192,1.24210194792502,1.30196583503859,1.36362879634292,1.42648737530379,1.48972644962533,1.55248188414709,1.61349126447389,1.67140519439757,1.72452141225717,1.77099193004289,1.80892868439159,1.83640272384786,1.85167914693285,1.85332136217405,1.84048086621807,1.81256542037762,1.77024561711704,1.71392334748676,1.64547330835853,1.5663729414346,1.47898018277957,1.38548597006732,1.28820096285034,1.18918465420667,1.09045864072775,0.993645946495779,0.90015831496229,0.811069463961265,0.727219973874242,0.649128781203161,0.577395643882746,0.51219622799485,0.45381413456357,0.402440906191971,0.358259808286268,0.321270998796129,0.291526095525884,0.268819161634092,0.252816431914746,0.242909384902925,0.238341343234852,0.238253124543016,0.241400380246108,0.246891979128897,0.253645236953782,0.2608676733175,0.267883974108057,0.274149762872632,0.279332660925536,0.283219602096225,0.28573954717931,0.286865564664449,0.286675110549732,0.285250758565898,0.282721413677293,0.279229667232623,0.274898999489118,0.269887678091667,0.264294683967321,0.258260079638053,0.251886116584427,0.245253427732322,0.238458053044172,0.2315539161788,0.224605532279585,0.217665031361732,0.210768926711066,0.203952714495276,0.197241671887039,0.190659720477083,0.184223744955895,0.177944773045037,0.171834309298659,0.165896496615175,0.160132249281969,0.154546079020243,0.149141899929402
0.439530876319063,0.455782851079101,0.471952215833666,0.488696979515394,0.508283572996313,0.528002366215479,0.548951468031336,0.571132283760676,0.594698667277467,0.619766334770241,0.646390226768433,0.674729873637181,0.704877605382174,0.737013297295997,0.771322888337493,0.807875861832822,0.849307534662403,0.888297935422614,0.932324398304687,0.979421042258408,1.02953842258835,1.08269730016655,1.13906041095632,1.19851407153861,1.26112868958817,1.32670490994882,1.39482560314227,1.46497069257332,1.53659375597754,1.60821834109904,1.67890180130929,1.74686108279366,1.81024145602481,1.866630725041,1.91358385273996,1.94877951559368,1.96971667645374,1.97459813449576,1.96215014548268,1.93157158892433,1.88367465881806,1.81898426375226,1.73983229958177,1.64847502807379,1.54776529531449,1.44019540189009,1.32915054698554,1.21674365530938,1.10542801312826,0.997030621395988,0.893264695794896,0.795031663804683,0.703265624350366,0.618498187098984,0.541021639209227,0.471225345485118,0.409153876784381,0.354860729427643,0.308744460010286,0.270801648745669,0.241172179592502,0.219787437166829,0.206228537718975,0.199811913746514,0.199615004768209,0.204474590758541,0.21275653064106,0.223348946432063,0.234897238583884,0.246387169925528,0.257046485089771,0.266382756603209,0.274001438791711,0.279790697366749,0.283705050848213,0.285805164698605,0.286236019590624,0.285144602072273,0.282735741214959,0.279189409106008,0.274693927875885,0.269421489729603,0.263527711341289,0.257162363094257,0.250434450221729,0.243455320052009,0.23631746396362,0.229089235800995,0.221841511563337,0.214627238118394,0.20748064110948,0.200437839454614,0.193526397143058,0.186769967244071,0.180177988161185,0.173768962360753,0.167546582679427,0.16151583359889,0.155676012738686,0.150028398881334,0.144578765003808
0.429282365177474,0.444911406615276,0.461485183959696,0.478517327040806,0.497208622895191,0.517128951442367,0.537940797774411,0.560034680035739,0.583654251584622,0.608795202807286,0.635586809975041,0.664155566555739,0.69468246861844,0.727294450299259,0.762197500516005,0.799238194707391,0.842233755732083,0.882199202849975,0.928002702080515,0.977029987977849,1.02953903669376,1.08564455185495,1.14556601254476,1.20923180575163,1.27693229589438,1.34841797514143,1.42348767250178,1.5016589882736,1.58231211958117,1.66446179528605,1.74640666262242,1.82639666542429,1.90204633693902,1.97073872937485,2.02914090037263,2.07428464119648,2.10279040793799,2.11221677199181,2.1005853198117,2.06715104283345,2.01230809423876,1.93747445659331,1.84542901407503,1.73887744638309,1.62179581613913,1.49773490373881,1.37005980942514,1.24211735541249,1.11637129443543,0.994965277973119,0.879713498842804,0.771675660215282,0.67163493871455,0.579871761717171,0.496703615607198,0.422088574618284,0.356153710419342,0.298876858622368,0.250707880086626,0.211731143526981,0.18238210598452,0.162600091668989,0.152095256411864,0.150380867868209,0.155839268948033,0.166953950927002,0.181896314901393,0.198718629906345,0.216156108101965,0.232724239424478,0.247677765917617,0.2603662378131,0.270612406564835,0.278283106581939,0.283519656586045,0.28643818837114,0.28731368097107,0.286364253333554,0.283874808413719,0.280097019810501,0.275252743739803,0.269580224582512,0.26323346625784,0.256415116410588,0.249222784656254,0.241814587133302,0.234257386871962,0.226652010368445,0.219043428843806,0.211513568536078,0.204080506907312,0.196785024030102,0.189654955118317,0.182705266874255,0.175948196323868,0.169399926733003,0.163061109413014,0.156935149954134,0.151019065461405,0.145312136935884,0.139819071379836
0.418122298244754,0.433536507840242,0.449827763384845,0.466915657505359,0.484702700112324,0.504785044277287,0.525471986833885,0.547554769595404,0.571051068211067,0.596137967440609,0.622936066113498,0.651611309356064,0.682308136126566,0.715206121778517,0.750553393125404,0.788572710600757,0.830403780972054,0.873037513052186,0.920173422757745,0.971003337432071,1.0257181282093,1.08456752657606,1.14790832481454,1.21575858137908,1.2885522296708,1.36612071291017,1.44848605022178,1.53532855869418,1.62597271109465,1.71961444540663,1.81474269241346,1.90894922863528,1.99967153662458,2.08365040090219,2.15678252231435,2.21484344391,2.25351661711117,2.26929555995311,2.25931387225335,2.22243302869885,2.15942384576327,2.07168856354265,1.96360149318469,1.8384552118368,1.70164011409035,1.55733874272044,1.41032354276449,1.26397866398186,1.12170320095575,0.98589867104767,0.858262162564932,0.739810459873567,0.631068159359223,0.532218501277182,0.443200398293503,0.363731451895637,0.294015515391561,0.233543466596693,0.182994727355655,0.142730028513498,0.113454087742496,0.0956726427164483,0.0891025407004076,0.0933604525383596,0.106200808096195,0.125653730509945,0.149011704896578,0.173852590052327,0.19819855303089,0.22074829555368,0.240421009046888,0.256800166702703,0.269728550928938,0.279240956389903,0.285625752573959,0.289134729272388,0.290201158110579,0.289124171929655,0.286308173892077,0.282049026791592,0.276653675201646,0.27037357785004,0.263424759567918,0.256000163477332,0.24824466211521,0.240292892039757,0.232247925011066,0.22418933525151,0.216181149116009,0.208287729681598,0.20053587485901,0.19296672392013,0.185595672465862,0.178443543917049,0.171511149280789,0.164819510618042,0.158361097735372,0.152139007237575,0.146148538337321,0.140385480378889,0.134853094305084
0.406126469546646,0.421259155010442,0.437215330358999,0.454175527513471,0.472021641493463,0.49111679879354,0.511665043449231,0.533544208111729,0.55680550040361,0.581710996480241,0.608369394351411,0.636954449684,0.667641459409313,0.700631819791679,0.73618167911332,0.774435182986735,0.817154561467819,0.860579870907957,0.908590556705838,0.960905290555561,1.01752253108591,1.07879877777918,1.14529214744191,1.21712977096486,1.29486503709648,1.37854169240711,1.46846007332431,1.56434489792565,1.6659306024584,1.77253985217562,1.88249174077292,1.99386985287486,2.10319834802364,2.20617825345155,2.29808370781307,2.37333912514264,2.42568564063971,2.45042591934528,2.44310569584768,2.40226950737973,2.32859289132547,2.22476882278771,2.09596618125697,1.94767835508443,1.78650558931065,1.61777054169469,1.44760733286518,1.28010563434419,1.11928741015301,0.967216129180832,0.826176944155155,0.696807587168402,0.579577141421889,0.473879354419964,0.379268811913348,0.295478339361943,0.221776374030378,0.157795210445866,0.104477415007894,0.0622321699127163,0.0325699344497359,0.0167065937513802,0.0152164056636848,0.0270929356383109,0.0500139129229982,0.0802257383243284,0.114477915285178,0.149373194548054,0.182297615925976,0.211680208922092,0.236604988951394,0.256788118959482,0.272286456788032,0.28338349987388,0.290578727023038,0.294305478537711,0.295190489896012,0.293629259943293,0.290160445010816,0.285118443616171,0.278930132882358,0.27181306616878,0.264089189876722,0.255914176290423,0.247453935150961,0.238866476541533,0.230237847566595,0.221662742267434,0.213200595275086,0.204906479550957,0.196813192816434,0.1889398001385,0.18131473837334,0.173946554272699,0.166835511010047,0.159996834257433,0.153417936238462,0.147103124878471,0.141042913663184,0.135229087416994,0.129662231473433
0.393270713443685,0.408030641869657,0.42361741301454,0.440185244020371,0.457804121812393,0.475237141239719,0.496636543546789,0.518010101475741,0.540887552166036,0.56546487494082,0.591804699514348,0.620112175855398,0.650580594483964,0.683427070678503,0.718952153192289,0.757413393982676,0.800094369062246,0.845292314469291,0.892912754649903,0.946199015583135,1.00433692475404,1.06768353004163,1.13684576519952,1.21227739506317,1.29464107499448,1.3841912004455,1.48168662167374,1.58693184015773,1.70018208763368,1.82099788864775,1.94776652736049,2.07856603297853,2.21025550157554,2.33749759647923,2.45404162100493,2.5519882202682,2.62306254511266,2.6604772966189,2.65748056295118,2.61223534180277,2.52486419870706,2.40023771834367,2.24520588790965,2.06727307454178,1.87553023907911,1.67753132631664,1.47963515543492,1.28776762927665,1.10542751329263,0.936147283536895,0.781038437460998,0.640857230054045,0.515267502093043,0.403353867098337,0.304179591459841,0.216427155386891,0.138976920277527,0.0713229845241055,0.0141655536677166,-0.0315454066822252,-0.0628947948659558,-0.0771088497092795,-0.0726696309227441,-0.0506483228479549,-0.0141600117774503,0.03097181066226,0.0796623337668707,0.126894878620766,0.169822058380041,0.20693565093517,0.237503145078285,0.261453367216844,0.279236832778041,0.291473415824421,0.298950835822283,0.302387986434921,0.302564451703803,0.300070106234146,0.295527677667702,0.289392812165814,0.282076773525392,0.273920086460749,0.265176680621442,0.256072535060892,0.246791779752007,0.237460328149028,0.228174215413617,0.219013686659211,0.210058063230869,0.201322872058846,0.192855452338476,0.184664772011728,0.17677623384496,0.169184767157952,0.161891054190743,0.154906391648516,0.148210480487969,0.141807866961138,0.135684925526013,0.129829209647857,0.124238556528158
0.379574272417832,0.393884497938688,0.409038811574714,0.425124570734163,0.442260309382991,0.460905416098228,0.479376426390393,0.500901297105724,0.523387450679564,0.547346335355319,0.573197555141575,0.601022984165736,0.631044342544695,0.663494442461243,0.698673080167997,0.736892069364434,0.778094427675085,0.824420226255216,0.872682350761567,0.926593374335577,0.985647434577762,1.05047503515881,1.12175431282827,1.20011146630861,1.28653636882592,1.38143247202862,1.48612063770221,1.60068656973429,1.72592737560242,1.86172759197555,2.00730818580018,2.16102662217902,2.31918892676515,2.47672511764126,2.62519327264383,2.75400314400986,2.85166795817542,2.90720166209487,2.91106805434459,2.85998238401272,2.75476297904156,2.60192066706082,2.41194285400974,2.1969508426464,1.96780857451974,1.73353592476391,1.50342762069451,1.28270928245289,1.07702845291253,0.888569262629719,0.719152659674225,0.568470890820676,0.435819192995552,0.319129308476015,0.216603135546942,0.126094509140049,0.0455924826639665,-0.0261862172500631,-0.0885662029971676,-0.140583176432279,-0.176297426895927,-0.190901855353102,-0.179601510522419,-0.143503928187502,-0.0878797959434774,-0.021623833425019,0.0459408683128162,0.108682187510191,0.16340239006842,0.208987322290623,0.245048506175639,0.27232820487483,0.291699044655705,0.304297827931142,0.311318107849554,0.313709916493885,0.312572281037192,0.308543699760253,0.302488846998,0.294810182178891,0.286042696922978,0.276567785154604,0.266621763818789,0.256430391651998,0.246174948255208,0.235990628204184,0.2259676839155,0.216177514450413,0.20666409105307,0.197462813513902,0.18860081906204,0.180088938537464,0.171927071608392,0.164118077051247,0.156648168586211,0.149521304566887,0.142716490379076,0.136233817621218,0.130055656634114,0.124162888374255,0.118548571918496
0.365034583470364,0.378836277423516,0.393426948315907,0.408931109366078,0.4254769898956,0.443177883761742,0.462234707487797,0.482149627249506,0.503996026787585,0.527363054020269,0.552519319221352,0.579649829911063,0.608978253302497,0.64075377878926,0.675280426106924,0.712864236675153,0.754398761787185,0.799623547636335,0.84761386917157,0.901513944639234,0.960918782783419,1.02648135098284,1.09910325085849,1.17954712319462,1.26909609948587,1.36853261932275,1.47946076222761,1.6027102422806,1.73971484266234,1.89080906371917,2.05673316542418,2.23599010755486,2.42580162121547,2.6208160871248,2.81045924543653,2.98219154179602,3.11848798241256,3.20118960671524,3.21519553679421,3.15652367415553,3.0256689546326,2.83514155871274,2.598989114347,2.33564141033531,2.05929001981251,1.7812356382239,1.51254297153784,1.25969897844881,1.02741065429565,0.819482969601582,0.636008290920183,0.47639357418772,0.338622582469297,0.219367429796258,0.115913200333113,0.0249182567929522,-0.0573271140780014,-0.133200427912427,-0.204440311747497,-0.265411702446308,-0.31193011945861,-0.332127006274229,-0.314152663931057,-0.257549824226347,-0.171572992172535,-0.0752568932673451,0.0167677669485165,0.0982594965082785,0.166239934925651,0.220421871673485,0.261445115476388,0.291080280930964,0.31089209433767,0.322745131854113,0.32818775111425,0.328634085035332,0.325303487557935,0.31911567686618,0.310932164850849,0.301314095170418,0.290765551679546,0.2796649921879,0.268271046004956,0.256840285965068,0.245490408564629,0.234349075717284,0.223532889977332,0.213047616777232,0.20296968162068,0.193267685199047,0.184008222922968,0.175158994584797,0.166723819832349,0.158679943323893,0.151039849649922,0.143782368140009,0.13688182109408,0.130333904698196,0.12411513684884,0.118207609886689,0.11259480140478
0.349686825029645,0.362867599854334,0.376849765857335,0.391700469522061,0.407603244670204,0.424524679780151,0.442282455236451,0.461608264259524,0.48300781672691,0.505516306950907,0.529786525746584,0.555978281630532,0.584360452317611,0.615170558342473,0.648737956290404,0.68529105054655,0.725296555160249,0.771953940810058,0.817412066528499,0.870741731036534,0.929685270786733,0.995151235982612,1.06805491882739,1.14951707377287,1.24088022433789,1.34350132060062,1.45933603005899,1.58976041961417,1.73739945646313,1.90335902829404,2.08997821724681,2.29713162670981,2.5234649381484,2.76424748058183,3.00804520757928,3.23824734897464,3.43014753671028,3.55452492221091,3.58594968252525,3.51637947989881,3.34839863102931,3.10418306278746,2.80531020181296,2.47943067232691,2.14399871999273,1.81441347526631,1.50047279235664,1.21093607839472,0.9504921695079,0.722634337498969,0.526321114616617,0.360195333331702,0.220601336733704,0.102535438583962,0.00191701743218487,-0.0862355678658676,-0.167461786321439,-0.246540952383162,-0.326686670290959,-0.405663493647241,-0.47559371626598,-0.515143244628548,-0.493512937070595,-0.400995568680221,-0.26543131381794,-0.125414357706311,-0.00103068802541252,0.101761718032482,0.183010153065524,0.244795308685497,0.289188796606222,0.319439114232929,0.337960685504117,0.347380082318394,0.349901338989885,0.34728998136831,0.340849342610774,0.331690712676596,0.320736228160046,0.308706509514095,0.296000883658489,0.282995601915922,0.269966666322095,0.257106729225647,0.244578515915366,0.232410863727401,0.220695603581499,0.209499475520805,0.198818797297469,0.188619694418488,0.178953887787077,0.169798345322427,0.161096944998644,0.152847007483546,0.145077067551968,0.13769740638625,0.130709336976428,0.124123129140515,0.117884375314853,0.111972623574898,0.106355632805987
0.333520528516835,0.346096180962478,0.359326134220996,0.373461415269806,0.388559931717986,0.404668727785107,0.421989261366446,0.439947326913072,0.459497234472444,0.482002154050039,0.505087106087135,0.530131263325316,0.557306693214894,0.586853287345626,0.619091038184184,0.65427668740542,0.69344952766561,0.736201700548431,0.782018252266566,0.834023152406181,0.891654686580182,0.955991808200995,1.02804584346626,1.10908840989921,1.20074103762343,1.30458805804972,1.42324609308214,1.55855259096414,1.71442267747297,1.89321169872383,2.0990309984661,2.3347199159079,2.60140707983498,2.89633293739567,3.21094073857728,3.52351524981213,3.79831366233709,3.98761092484621,4.04869483135157,3.96052666297074,3.73528106889295,3.41135459602749,3.02838638844789,2.62148264150773,2.21350132216251,1.82288608017721,1.45769567195626,1.12667943919793,0.835972959226487,0.588823574878094,0.383165297362879,0.214914285093853,0.0781387224649661,-0.033015319259924,-0.125963959251136,-0.205492652836051,-0.280750698725678,-0.359422817148485,-0.45024543720257,-0.554885216985116,-0.670526881691279,-0.763888621317798,-0.756258869727346,-0.592031053262744,-0.361916340304075,-0.158449443054361,0.00236779849555166,0.12643638437332,0.219251353524828,0.286192885949601,0.331164190014336,0.359214012168318,0.374003185324127,0.37904556444981,0.376865839097109,0.369611420580516,0.358952336783615,0.345987741102684,0.331701257684854,0.316684231952884,0.30149462116656,0.286327377774239,0.271440038771583,0.257041144759574,0.243245536035759,0.230010911264023,0.217399836724662,0.205467938460553,0.194205244976739,0.183512280731024,0.173418864748266,0.163971569044634,0.155031270165232,0.14661215674707,0.138718501542214,0.131269700900873,0.124254457336172,0.117663180384757,0.111437636040164,0.105577377714713,0.100020091838154
0.316605036180582,0.328397056105209,0.340909302828981,0.354250270223801,0.36841967318656,0.38365261127515,0.399977611523093,0.417749652434099,0.437545150666566,0.456639750371669,0.478362750748234,0.502103048719809,0.52779748654341,0.555771711174277,0.586313463496627,0.619754891309898,0.656694565551988,0.698699468407794,0.741407745559897,0.791204925344062,0.846567435160285,0.908625369286649,0.97842879299561,1.05743337870561,1.14735621450554,1.25016765376665,1.36872535763493,1.5057886096366,1.66592751458672,1.85332687537686,2.074464871497,2.33520311936867,2.64254939755312,2.99886329858503,3.40115089041115,3.82930925565535,4.23315989813196,4.53226185268202,4.64166964770435,4.52135314489389,4.20012282927013,3.7561656934269,3.2558612505211,2.74684053184523,2.25560392858529,1.79335533854246,1.37002075247558,0.993306349570375,0.670654665745272,0.407618709680067,0.198939019887376,0.0365106625146153,-0.0910638458536849,-0.195821717861884,-0.268852527179349,-0.330605109031193,-0.391845304585573,-0.462444728532131,-0.559869904906794,-0.696654335571092,-0.877747303277214,-1.12624140372451,-1.23462884297469,-0.84330407601071,-0.420413787063713,-0.147925404911069,0.0418984751355692,0.180940350957842,0.280831545554213,0.348463222790141,0.389833825114985,0.41180712875192,0.419676653519016,0.417692962299445,0.408681236432411,0.395071743113651,0.37912361028018,0.361391905707377,0.343090521276881,0.324659336686088,0.306648136328447,0.289129551029228,0.272242188016417,0.256292054286188,0.240982561659841,0.226672248051089,0.213036621319321,0.200388630703128,0.188395243451792,0.177234057247712,0.166764156175285,0.156944516269672,0.147801787163289,0.139248945853043,0.131217689836157,0.123742522266969,0.116728056997118,0.110127750335414,0.103978977264611,0.0981584554662819,0.0927335171513827
0.298980750533164,0.310028726868749,0.321656999659928,0.334038723025631,0.347282884726708,0.361522067153145,0.376645175518414,0.392833224503762,0.409352326008802,0.428781848538622,0.449747475322488,0.471896960272803,0.49590091754364,0.522023919876855,0.550522032418483,0.581692258120342,0.616605500637068,0.657697800195084,0.695348502727203,0.742352909825357,0.79449733275247,0.853124805813016,0.919262082902232,0.994404312177289,1.0803407155903,1.17926855879368,1.29423988966309,1.42859072003252,1.58773239847539,1.77697826452939,2.00568449529599,2.28292288770856,2.6236356082365,3.04100484990989,3.54468241382479,4.12883481418435,4.73829503047373,5.22886556579105,5.43330678008128,5.24303916883191,4.74986142020913,4.12125511257447,3.4609364688786,2.83285321317231,2.24469906990494,1.70946655931907,1.22403351808563,0.796972122415625,0.436047096554927,0.164719034333156,-0.0367448388310079,-0.184659471383603,-0.293412608710286,-0.371537684914342,-0.425314560228508,-0.461779409234549,-0.493415431041906,-0.538813391734601,-0.623029912988799,-0.797655132391924,-1.01799687126503,-1.44926987942622,-2.8933470112899,-0.880361249706016,-0.340550945709587,-0.0798744145990904,0.111930458451385,0.258509031438923,0.35700305590468,0.41811376217027,0.448409417345662,0.459660806989383,0.456856705427769,0.44430838657441,0.427601568414415,0.407187627177692,0.385673359424768,0.363688149432189,0.342185480941558,0.321112574043305,0.301211318094044,0.282152083157777,0.264388474793673,0.24753544573513,0.231982413632137,0.217219223108066,0.203747745400614,0.190881575815638,0.17925171280343,0.168077369711055,0.158076246332869,0.148247526475149,0.139552342518558,0.131087790459303,0.123468733046678,0.116089916907273,0.109403339019218,0.102939519108478,0.0970682152938823,0.0913852420916244,0.0862225871993625
0.28064507445392,0.290847080014031,0.301567978887002,0.312979005415411,0.325206204536935,0.338246485341999,0.352225971472662,0.367073768210787,0.383056216787123,0.399965120870118,0.419461752175663,0.439705575033589,0.461731593329749,0.485692821726435,0.511881184759848,0.540421385559369,0.572417645973754,0.607112576721194,0.643997196299329,0.687721786350096,0.735603084607892,0.789512131657132,0.85036816159416,0.919786893954208,0.999306211014978,1.09129771288547,1.19867624678333,1.32516247259748,1.47634514005858,1.65853300990126,1.88267406233938,2.16144481133038,2.5162176337777,2.97420099327972,3.57358289416997,4.34947433102339,5.29008299066355,6.15531976334266,6.55968554031203,6.18550861789569,5.36791243830931,4.44725672268087,3.61157445056724,2.83036522777138,2.16315849274663,1.56187888553506,1.01331722398031,0.504793803745914,0.102857392904475,-0.154351663927349,-0.321080250058626,-0.513596410021847,-0.772149369243238,-0.976202085653329,-1.14215237177384,-1.28540966074618,-1.43034266588645,-1.60663281995981,-1.82863714312371,-2.10202178257162,-1.93662577053226,-1.71095481719807,-1.50509430593025,-1.02965275482358,-0.487094599060517,-0.203663627952547,0.0176925504114917,0.189358004063495,0.301485891551897,0.374825259695847,0.41175426969415,0.427998385506384,0.429250590610911,0.420448277885785,0.406013267695376,0.387099376739552,0.367626159454015,0.346460290760788,0.326062394351558,0.306010083678855,0.286573437091996,0.268364897141154,0.250962007656836,0.234859023504822,0.219718203526999,0.205524688505266,0.192479341018921,0.180065483394882,0.168933755172545,0.157957070490216,0.148612270489342,0.138847729759108,0.130982819482215,0.122183067786609,0.115478049584395,0.107778384433341,0.101913163962657,0.0951457687861309,0.0899994714244029,0.0840760665115278,0.0794670909784143
0.261708039123555,0.27099133998081,0.280734068021331,0.291145181321883,0.302241309196212,0.31405199376622,0.326723082774727,0.340170114452547,0.354750090631198,0.370609149853471,0.385604227770743,0.405718943089161,0.425468903679664,0.446984883053066,0.470474359135094,0.49618098922733,0.524773415939562,0.555924729556981,0.592415510075079,0.627734202718936,0.670386247357741,0.718445169231579,0.772546767642442,0.834247250456787,0.905070786693565,0.986818081696331,1.08246260414157,1.19525650082811,1.33063879772993,1.49476366787182,1.69871815896798,1.9562594590343,2.29246014298871,2.74402544153801,3.37795866400801,4.30381254983597,5.68558964441614,7.44239837808377,8.35120717814986,7.34472810402248,5.89338725697226,4.62504237514508,3.58057446324297,2.72655997411577,1.348522086066,-0.138434226451027,-1.22479607957513,-1.98397694532734,-2.51067675254555,-2.79799805414216,-2.98676126324359,-3.13094877880797,-3.22777409904254,-3.32621692138386,-3.42534679904931,-3.41070826708204,-3.07973105239928,-2.7717724735974,-2.48525775151281,-2.22049930923955,-1.9706049650437,-1.72421560149718,-1.44279686526215,-1.03172391814121,-0.620149367425983,-0.315643347556046,-0.0832177780782548,0.0977690185064613,0.220440244291871,0.300164095855694,0.347099690460791,0.37167017275817,0.379385965365791,0.376972956483733,0.366973541498062,0.353128008015457,0.336380143149726,0.318760171713982,0.300414359230875,0.28278354676943,0.265017112037094,0.248600847380274,0.232527807714611,0.217713380473778,0.203561775963023,0.190393107526792,0.178024480940883,0.166528217523047,0.155828863077163,0.145817985077448,0.136510589739767,0.12786266167728,0.119803036529308,0.11218421540402,0.105157356852685,0.098572834146,0.0923978220975384,0.0866365265751013,0.0812137377130141,0.0761396505231587,0.071408439515993
0.242245767904292,0.250598387030541,0.259308828772512,0.268601229282891,0.27847461310817,0.288994449619694,0.300279029833902,0.312190723905761,0.325100403037141,0.339127667262127,0.353638362302238,0.369769940809296,0.387302046010707,0.406177472558451,0.42668291481724,0.449160915825594,0.474150642993412,0.502925553969175,0.52973065309737,0.562917286996236,0.599496898009909,0.640581726975212,0.686596670199266,0.738951405460619,0.798488377632285,0.867276996999621,0.947294026028058,1.0413181020272,1.15313905593791,1.2886597655601,1.4556224385791,1.66672796858176,1.94140918446329,2.31423623581827,2.84915002774372,3.68718300487871,5.21444984100698,8.68880206638704,11.6380193227255,8.28982511468186,1.93935591189358,-1.8926965233828,-3.84588083197392,-5.07057255595003,-5.70962516784799,-6.03854856723719,-6.21304831296385,-6.188517321716,-6.13253533875698,-6.00983735258729,-5.77016039628644,-5.20836580625528,-4.70313090003503,-4.24760263274885,-3.83456947210021,-3.46621089534724,-3.11966888240189,-2.80385568518293,-2.50413708854188,-2.23224516869965,-1.96946556105027,-1.70698311670741,-1.40806044739611,-1.05788512974778,-0.688682256013149,-0.370647400711758,-0.134723834062417,0.0257036890878371,0.14458695681445,0.226519843302088,0.278319392898921,0.30775458694305,0.321449418630632,0.323749435599642,0.319034794363957,0.309140077034138,0.296625777666245,0.282223155749911,0.267106687141734,0.251911022812654,0.236729087318969,0.222281752892605,0.208209349517802,0.194955375419457,0.182356383611274,0.170479280135878,0.159420609866981,0.148923063881148,0.139214975577234,0.130120832821577,0.121670367993189,0.113759238562569,0.106365666342582,0.0994604078134653,0.0929554544305407,0.086940563099398,0.0812681698992032,0.075969687923771,0.0710135257271638,0.0663125846015174,0.0620018992585813
0.222237320392867,0.229610564877788,0.237227147900982,0.245397156081313,0.254010926041717,0.263183494573247,0.272959183018786,0.283276561327767,0.294341932933531,0.306172675685407,0.319203403903531,0.332663451253288,0.347712677421921,0.363834625942699,0.38105502743662,0.399874418842972,0.42064258067652,0.443543036973572,0.469641150500351,0.494100838148328,0.523777868061541,0.557043036348857,0.593880339771892,0.635384006087613,0.682119333181348,0.735371354533571,0.79619398449315,0.866532979855832,0.948642160009153,1.04544838967855,1.16158543332048,1.30220585612011,1.47703499212536,1.69609954639841,1.98154003277396,2.34339189398902,2.76834620497309,1.96094841865992,-18.9359586342329,-17.3062061610184,-16.7245198974922,-15.9611569313078,-14.4215848609719,-12.9484883201572,-11.5542823332906,-10.3057253725883,-9.19327547107983,-8.19112004176881,-7.30920719386743,-6.5284920874052,-5.84952378902714,-5.26670667962569,-4.75176886567829,-4.27477273207181,-3.85651961159616,-3.46941574692543,-3.12539684506035,-2.8075197368746,-2.51038763152202,-2.23380074579136,-1.96640411705041,-1.69698736462025,-1.40847366706284,-1.09566251300127,-0.781769810749598,-0.506456498876146,-0.284342547505129,-0.119164446317056,0.00534653297887738,0.0951891088416538,0.156015708520933,0.197462204631414,0.220478177355289,0.234017601893333,0.237560624696321,0.236577883597267,0.231391752282158,0.222986667686197,0.214561167021482,0.202978382681504,0.193234200757093,0.181758081745461,0.171440402816024,0.161242583935282,0.150852404766269,0.141773720829036,0.132262350670551,0.123892228466,0.115685982189796,0.107863359412295,0.100882755840571,0.0940688691328939,0.0877469476231672,0.0818801265357944,0.0762508895067596,0.071040862521101,0.0661811203349155,0.061544545575514,0.0572034788693325,0.0532632373077134,0.0493601554697887
0.201821782634518,0.208195824869097,0.214703219555188,0.221686041941651,0.22894261379423,0.236776274910846,0.244927720325647,0.253626103148385,0.262631645007336,0.272347494133942,0.282659624593995,0.292711783333306,0.307205696507447,0.32000847001356,0.333823565835041,0.348844053508641,0.364997603591605,0.382598189812529,0.402955469135407,0.421594136615177,0.444389754829598,0.469089055059945,0.495958511435822,0.525719738260319,0.558099019025754,0.59443218715595,0.634251278973812,0.678207859913727,0.726556007094811,0.779550424078016,0.835957764690018,0.894791803561583,0.947857542015146,0.982927879501477,0.951933984921979,0.733341294151822,-0.0959731856882159,-2.97895220470185,-9.7308435041128,-14.2688957994107,-15.5107275477263,-15.0628593300948,-13.9260278510851,-12.6445114806159,-11.4232282545927,-10.2047960569011,-9.0535365972345,-8.06131797943807,-7.22013961138914,-6.48559146989456,-5.79685072345742,-5.22437525478477,-4.73568816916916,-4.25939024297731,-3.84529902383234,-3.47477459998225,-3.13496802646385,-2.82501998408902,-2.5321585973842,-2.25319540392626,-1.98700262962594,-1.72088612255723,-1.44911234678746,-1.17540086597637,-0.908597379404318,-0.667886840916191,-0.464440734570351,-0.301626677479468,-0.173894563084857,-0.0755248034221473,-0.00184251392932696,0.0515260508019766,0.0893812403940743,0.114898027811686,0.131258969649386,0.140653170741851,0.145096001999276,0.145774381817162,0.143946658897965,0.140254625515837,0.135362635215919,0.129721771920378,0.123540345210492,0.117231256043832,0.110724725984906,0.104347554985575,0.0980749072577393,0.0919436373907637,0.0862949642297443,0.0805886822751937,0.0752843528802718,0.0701876373254615,0.0653223552170215,0.0608464396895366,0.0564645936833169,0.0524258023289048,0.0486039307522071,0.0447974449592444,0.0415161034958038,0.0381523015959539,0.0351466511705605
0.181065483318196,0.186364016389957,0.191793873198066,0.197483338634037,0.203467828738994,0.209726246394116,0.21640455639042,0.223351897857305,0.230824155882338,0.238077253022085,0.247679558351093,0.256260344711266,0.263905374421833,0.27462787591601,0.285233885378116,0.296188580660583,0.308069707937732,0.32090953730137,0.333532884660011,0.347277558290901,0.362402593892264,0.378307127624178,0.39481217374973,0.412076114924969,0.42986817721329,0.447974265268704,0.46572032826965,0.482285088639107,0.495741930361815,0.5036593056887,0.500205078384082,0.477494199218854,0.41596527985366,0.284988477110461,0.0076805192480557,-0.560399487696324,-1.74802000989747,-4.00084212641564,-7.19093226153598,-9.91157338606073,-11.4957813239469,-11.889217785173,-11.6188244465879,-10.9370522324496,-10.1131353136086,-9.25773646959291,-8.40607979453394,-7.61265426248814,-6.88426996735144,-6.22629691961494,-5.63528584522894,-5.10808032539768,-4.63378163796399,-4.20230085705884,-3.81202990670605,-3.45566743983924,-3.12788106967698,-2.82342974473783,-2.5373438557109,-2.26631989714908,-2.00526938508057,-1.75006848463418,-1.49797918584632,-1.2514672835315,-1.01684698878825,-0.802744269626376,-0.615705289153696,-0.458678159709137,-0.32961261025274,-0.226130981584685,-0.144533757689993,-0.0812012241041011,-0.0331249706056546,0.00274992250387365,0.0290411085771447,0.0477113744547637,0.0606418822526189,0.069038626426041,0.0741310446016298,0.0766105277753405,0.0772715821105621,0.0764793957764572,0.0747315949565194,0.0722385109730841,0.0692704745547887,0.0660048171960542,0.0625407909593714,0.0589446448172489,0.0553486167686475,0.0517863134145547,0.0482574524230276,0.0448335493027031,0.0415278510147792,0.038341849264663,0.0352784126106444,0.0323541882116965,0.029557962309136,0.0268964930211025,0.0243561045076156,0.021944026358002,0.0196569771575963
0.160082370886793,0.164211053402512,0.168556586097419,0.172979223673035,0.177590304913577,0.18237723052341,0.187422844842233,0.192669336094628,0.198266667779399,0.203808493975741,0.209029681388282,0.215732855725356,0.219339707797812,0.229485799053648,0.235611178606126,0.241968085500043,0.250259785669656,0.258812540516827,0.267470329555719,0.27331135604677,0.279142776102805,0.286057850005288,0.292244388742799,0.29704448878387,0.299896021335985,0.300434106234915,0.29699713089671,0.286755568797716,0.267431011690159,0.23318336380215,0.176482394149397,0.0839664561225424,-0.067374752967767,-0.313765220362076,-0.724128082667169,-1.40151702379744,-2.49629529703672,-4.09285351198458,-6.02327914508584,-7.79458809646769,-9.00537563759205,-9.58239327092756,-9.6500471015156,-9.37104872004777,-8.88893686758831,-8.30894720961313,-7.68734076881835,-7.06972912562469,-6.47897564038267,-5.92495981070076,-5.41179794840073,-4.94145992626316,-4.51130670853845,-4.11474349552152,-3.74996041311535,-3.41348653515233,-3.10112541707787,-2.80918125789685,-2.53436987800058,-2.27300434664453,-2.02227647359997,-1.78008232286847,-1.54564154526914,-1.3201075075774,-1.10786696509205,-0.913030282484115,-0.739568560731485,-0.589550566865252,-0.462194072156477,-0.356642561869479,-0.270070248434505,-0.200157698694146,-0.144483755707955,-0.100655634924418,-0.0663892515591344,-0.0399794390724893,-0.0198580422875472,-0.00467749543778648,0.00650402705980942,0.0146501387698154,0.0203193573596101,0.0241278906251423,0.0264413307702994,0.0276588005610244,0.0279921908769744,0.0277004715709956,0.0269358554989904,0.0257894825507684,0.0244094395691643,0.0228049566263506,0.0210915566140968,0.0193242813001696,0.0175104109909957,0.0157167239802543,0.0139116426512024,0.0121456996477017,0.0103999884645707,0.00872406719435626,0.00708480407720181,0.00551832312239006,0.00400297965646394
0.138881769763687,0.141916819128119,0.145085802826159,0.148185025119288,0.151497394582164,0.154716001462113,0.158132339819068,0.161658012454193,0.165209744635478,0.168458214616142,0.172039437168318,0.175822428379652,0.179215678597972,0.182026000735188,0.185943101956734,0.188822682072643,0.193441190775623,0.192603603113208,0.19157540720259,0.195615009763823,0.195913900351708,0.193933364809659,0.18981456035811,0.182804497079873,0.17186909549709,0.15560009489409,0.131977068530616,0.0980291370996381,0.0492967396498468,-0.0198651608389318,-0.119973803338368,-0.263352690080622,-0.474460459700068,-0.781839713013883,-1.23549891710912,-1.89162632801517,-2.80561368639907,-3.97223400942941,-5.27271088389139,-6.48038370211099,-7.40439401836107,-7.95541710199404,-8.15957566223691,-8.08563300779929,-7.82530205831605,-7.44469636994016,-7.00152619063693,-6.53112123757234,-6.05861658704897,-5.59947523975914,-5.1611969786705,-4.74807121281487,-4.36251602226117,-4.00233349795053,-3.66663340836451,-3.35287283988751,-3.05916399349806,-2.78261244873361,-2.52113115817681,-2.27223065397546,-2.03453297416548,-1.80634477682354,-1.58756421593773,-1.37968701836109,-1.18435212650452,-1.00436131919433,-0.84214802610676,-0.69926140370273,-0.575093031969867,-0.469382343347812,-0.38021156505911,-0.306167704158977,-0.245186988801281,-0.195199181962278,-0.15466218570585,-0.122066545088324,-0.0958662934750239,-0.0749611114514863,-0.0583706261884734,-0.0452975723758299,-0.0350257921484848,-0.0270747362024853,-0.0209125580431301,-0.0162702860079965,-0.0127607800902691,-0.0102293087949575,-0.0084109562087052,-0.00719580753129415,-0.00644883922137828,-0.00610198367252034,-0.00602887216404616,-0.00618307821040299,-0.00650931010999512,-0.00697167041102211,-0.00752125911302189,-0.00815091786243433,-0.00882500903649834,-0.00953453100454994,-0.0102684880427069,-0.0109930378828184,-0.0117332480573626
0.117547367464464,0.119512133171589,0.121458431842808,0.123347793954112,0.125221099591113,0.127007799387448,0.128704594591569,0.130435075616095,0.132079268494688,0.133261417703208,0.134469530812752,0.135627946334869,0.136074874246819,0.136173466765969,0.135978687839266,0.135283742838223,0.133381418313091,0.130491605920261,0.126794109717343,0.121754116685727,0.113452619486507,0.103294327332134,0.0895958233669191,0.0716265932235098,0.0477325856468485,0.0166368204718886,-0.024319142545286,-0.0790067012109308,-0.151209367283611,-0.248328529365115,-0.378775962763928,-0.555892034914152,-0.797599383802803,-1.12655886445128,-1.57232266071544,-2.1625205355687,-2.90854502508093,-3.78871868750629,-4.71920470329713,-5.59578518139282,-6.29710877888773,-6.77405701425664,-7.01531886113309,-7.04711009220339,-6.9211591678354,-6.68188521414747,-6.36940132926248,-6.01511851177882,-5.64182133824851,-5.26507856896674,-4.89493599893026,-4.53760666392373,-4.19697598589058,-3.87324380990565,-3.56685064214486,-3.27773073972242,-3.0044323113357,-2.74528883003834,-2.49907909392216,-2.26442728518795,-2.04033694057179,-1.82617157771036,-1.62198148230658,-1.42857641056313,-1.24737210054957,-1.07997255269256,-0.927638825116253,-0.791382505769391,-0.671157110910817,-0.566695671415596,-0.47665790559717,-0.400130262751416,-0.33538221054029,-0.281037220593966,-0.235749003467317,-0.198084827698645,-0.166878615084056,-0.141197259594033,-0.119980592563345,-0.102555190494594,-0.0882585406835697,-0.0765270988667555,-0.0669398579122743,-0.0590873153264386,-0.0526958035846069,-0.0474745149092173,-0.043245304168824,-0.0397936200310452,-0.0370314162672192,-0.0347782099460764,-0.0330114941192832,-0.0315786253550555,-0.0304739653986749,-0.0295933708780611,-0.0289335262062567,-0.0284252440895723,-0.0280517435646564,-0.0277905275155557,-0.0276322781699123,-0.0275323581432313,-0.0274957604782937
0.0962379083924935,0.0970358671535424,0.0978813077501117,0.0985142144154595,0.0989445756966114,0.0992449171246864,0.0993951315458762,0.0992910026714504,0.0990099524676964,0.0980552999904265,0.0970800124071953,0.0955990295019024,0.0933238667920167,0.0904895081227409,0.0866423047180872,0.0821467971231905,0.0760441990332937,0.0688611730734627,0.0604238825164619,0.0477657083926375,0.0335239531623491,0.0155667765860066,-0.00671509246703053,-0.0347332526180589,-0.0697183012879126,-0.113771474125978,-0.169332059829045,-0.240308059133253,-0.330683770491455,-0.447114652623532,-0.597324774142284,-0.79203663287344,-1.0439751232239,-1.36885524782301,-1.78188677184844,-2.29444262366449,-2.90389507396693,-3.58452783801808,-4.28584150222394,-4.94401141144285,-5.49123932259444,-5.89025954235656,-6.12798382379255,-6.20887428948166,-6.16302804711595,-6.01689371567672,-5.79892896020288,-5.53479450622093,-5.24226593474799,-4.9359377265024,-4.62599959078591,-4.3189877931125,-4.02033318368645,-3.73196539562915,-3.45548328736025,-3.19121655024232,-2.93908242592873,-2.69831507487902,-2.46834872249843,-2.24879474176689,-2.03916870793014,-1.83879660201507,-1.64811581449163,-1.46807164618605,-1.29897799410592,-1.14230638341483,-0.998797869367727,-0.868826797916894,-0.752795791112259,-0.650417336239453,-0.560632800109932,-0.482943336869282,-0.415863533880639,-0.358486487422221,-0.309610031810565,-0.268051719794441,-0.232909223597535,-0.203250495410041,-0.178154449149281,-0.15698616693113,-0.139148428071097,-0.1240757949397,-0.111365681418599,-0.100621757808427,-0.091532401997295,-0.0838489924311526,-0.0773191104634002,-0.0717841977423392,-0.0670656539775484,-0.0630571308703579,-0.0596297893619509,-0.0567065419359452,-0.0541945833287498,-0.0520449617848937,-0.0501840129071923,-0.0485894418650602,-0.0471964591829041,-0.0459853757380032,-0.0449444151675832,-0.0440250128841991,-0.0432363743666101
0.0749179105072664,0.0746318273696226,0.0743525633193156,0.0737119873299071,0.0728376785969676,0.0716575916994237,0.0702256532646524,0.0683589728138623,0.0661889557953438,0.063258808439847,0.0598619560479216,0.056058547843153,0.0513550540077638,0.0453655256611022,0.0383852743263248,0.0301967500190056,0.0200787401379649,0.00862381767368839,-0.00650813448336869,-0.0250037085585704,-0.043407377797901,-0.0682241173974815,-0.0982656655382262,-0.134756569027349,-0.179169158366628,-0.233802008952998,-0.300887987672747,-0.384096011318863,-0.487059795601307,-0.615625246986791,-0.776040574343468,-0.976589432769593,-1.22566464455247,-1.53317138317363,-1.90567133621964,-2.34587905405434,-2.84583979768867,-3.38600642781365,-3.93082116601442,-4.44194859862836,-4.87513520668268,-5.20787109161075,-5.42476859005412,-5.52631809515411,-5.52570334481665,-5.44178907432343,-5.28853112550759,-5.09611609084166,-4.8671165814742,-4.61971682544015,-4.3608323767359,-4.09937306678545,-3.83963452078431,-3.58451365315203,-3.33643275282802,-3.0968631962183,-2.86603156905203,-2.64396023214015,-2.43077248271647,-2.22632719793949,-2.0307068253294,-1.84387255896429,-1.6659933816243,-1.49773598180292,-1.33978095545606,-1.19275741600657,-1.05724425584744,-0.933705208611426,-0.821921342262319,-0.722162805587812,-0.633523827447264,-0.555622386277296,-0.48733776385147,-0.428022777774282,-0.37657993607802,-0.33214663815705,-0.293888654401497,-0.260938358288315,-0.232604565537768,-0.208311637710986,-0.187411854204606,-0.169445263231951,-0.153965545663096,-0.140630336831166,-0.129115638426908,-0.119163338481758,-0.110535600395022,-0.103040864619278,-0.0965189718610372,-0.0908229599325355,-0.0858443595997684,-0.0814662431447213,-0.0776264925908376,-0.0742254437002554,-0.0712261173107714,-0.0685523080837414,-0.0661792449128107,-0.0640510641697436,-0.0621465311130146,-0.0604328523104682,-0.0588914962337794
0.0537356341149613,0.0523412063472646,0.0509487953673396,0.0490611790824707,0.0469316419310024,0.0442792479906322,0.0413046504652346,0.0378696987139039,0.033800133400158,0.0290049994282397,0.0228374835401279,0.0165244568935822,0.0101200213655057,0.00126150205574017,-0.00870714053610415,-0.0203449817364934,-0.0339975226247973,-0.0501036149693969,-0.0692806315056859,-0.0913188561417124,-0.116774816593778,-0.147144352143516,-0.183783581595381,-0.227583807288194,-0.279649534883188,-0.342488488134974,-0.417976484356167,-0.509747507415991,-0.620427309999398,-0.755443819129407,-0.918739771551013,-1.11686283929101,-1.35472875663601,-1.63810328902439,-1.96949429668186,-2.34671627266256,-2.76128351733859,-3.19836238465105,-3.63227159285209,-4.03916875737726,-4.38891950984179,-4.66676621792369,-4.85832450900323,-4.96635506388111,-4.99132781602614,-4.94638109388141,-4.8439973547152,-4.69840159209735,-4.52077157241037,-4.32053843418282,-4.10591348407809,-3.88343655274127,-3.65869557995533,-3.43403675611064,-3.21305296412566,-2.99688797914726,-2.78675788742106,-2.58314750949594,-2.38660281813654,-2.19741882295129,-2.01587956481759,-1.84195846410079,-1.6762132461098,-1.51926569483714,-1.37127628415498,-1.23316028897629,-1.1051152959741,-0.987437574507444,-0.88030236372703,-0.783397924027335,-0.696530339314532,-0.61920865618692,-0.550567289950973,-0.49013672244232,-0.436963124257928,-0.390433462673745,-0.349786263313673,-0.314265765512871,-0.283344366564424,-0.25640716576384,-0.232889635087134,-0.212410894366525,-0.194537026398845,-0.178892606743382,-0.165218743435384,-0.153201804320613,-0.142660287336729,-0.13336592505003,-0.125168239428708,-0.117909198728334,-0.111470164345358,-0.10573919748011,-0.100629266208049,-0.0960566285966296,-0.091954535024476,-0.0882621896309596,-0.0849186558861542,-0.0819215194599577,-0.0791843412713951,-0.0766831845008459,-0.07442119978343
0.0327196521595377,0.0303660115119064,0.0277560409959232,0.0247476396280435,0.0213460956940338,0.0173459602495947,0.0128717695891894,0.00778604321485348,0.00205716135928059,-0.00441536333830628,-0.0117584667953623,-0.0208959520944174,-0.031001480083879,-0.0417236334752431,-0.054534029071191,-0.0691497120601997,-0.08623874872978,-0.10564792316249,-0.129045107184981,-0.156640371703614,-0.184498988511181,-0.221128181560189,-0.26294233228067,-0.312346590839436,-0.370625040755919,-0.439314342231737,-0.520622123903011,-0.617332432103462,-0.732050713559765,-0.868638350923043,-1.03005115328114,-1.2207007117739,-1.44361248153221,-1.70104798670852,-1.9934622899201,-2.31692544861181,-2.66476774993575,-3.02305193559269,-3.37667382665242,-3.70602479526077,-3.99382328599187,-4.2274822208497,-4.39927237847157,-4.49956763926159,-4.53746383671428,-4.51812669608286,-4.45008556332345,-4.34277789998532,-4.20351172589688,-4.04209566388992,-3.86361802724547,-3.67537708942231,-3.48116373946427,-3.28433907030356,-3.0880889707001,-2.89416476556785,-2.70387900425596,-2.51806965374,-2.337516195157,-2.16300131011918,-1.99482858685529,-1.83341549062153,-1.67914817371286,-1.53260769293054,-1.39425151530678,-1.2643976181883,-1.14345539764607,-1.03169161488098,-0.929019433028634,-0.835488923639398,-0.750671980314283,-0.674501822051208,-0.606137533976544,-0.545283692367956,-0.491104837993198,-0.443154442385009,-0.400742038208728,-0.363302023897065,-0.330336021060808,-0.301233244668364,-0.275578250101749,-0.252983526242114,-0.233022752298217,-0.215376871653163,-0.199770064335116,-0.185932338050563,-0.173640406521834,-0.162711417339352,-0.152957427551381,-0.144251453850289,-0.136444701659151,-0.129441932970623,-0.123134516850896,-0.117446743810774,-0.112299187756193,-0.107628970479649,-0.103388759325178,-0.0995182074493508,-0.0959845527802747,-0.0927473213180636,-0.0897739230729364
0.012001267671325,0.00861572735059279,0.00489469378427918,0.000775154268175032,-0.00381300860894998,-0.00911470471407103,-0.0150407610279091,-0.0216265256643313,-0.0290145006534208,-0.0372286189314339,-0.0464620288830029,-0.0574752554061062,-0.0696338981991496,-0.083069898458415,-0.0983906902804727,-0.115808457207768,-0.135876479448836,-0.158585316337468,-0.184971367062128,-0.216009787641634,-0.249056726279633,-0.289355717190386,-0.33552788196784,-0.389252495201431,-0.451596953069511,-0.524297264713583,-0.609269114752756,-0.708322890487319,-0.823817220381093,-0.958438862026011,-1.11459445766965,-1.29479758775479,-1.50087485975181,-1.73326581878734,-1.99053130290281,-2.2695988917252,-2.56310178695855,-2.86217511460866,-3.15368052856594,-3.42609031435412,-3.66489270569012,-3.8622632087774,-4.00935255213888,-4.10564805736142,-4.15035184753751,-4.14760777979221,-4.10362828638741,-4.02368806170532,-3.91519452518421,-3.78445846581142,-3.63634250417183,-3.47680861856408,-3.30929996436743,-3.1373138313203,-2.96369016293776,-2.79010885221757,-2.61833378880274,-2.44945553888078,-2.28437475394535,-2.12406465338243,-1.96884094225414,-1.81924599555181,-1.67595313409308,-1.53935624402234,-1.40977909600197,-1.28783503672544,-1.17360623486231,-1.06740698884271,-0.969322350046814,-0.879188161600449,-0.796930041864176,-0.722327807753483,-0.654750328917713,-0.593983812871812,-0.539402933964539,-0.490628584487018,-0.447035197448185,-0.408193418538422,-0.373616584334847,-0.342805558365863,-0.315405802127676,-0.291011008254565,-0.269257816946691,-0.249905328409692,-0.232611273931797,-0.217147804265787,-0.203318901225546,-0.190900924579823,-0.179760412408788,-0.169717775162287,-0.160670912264321,-0.152480917028415,-0.145069786169707,-0.138333605498491,-0.132208472662339,-0.126616766298545,-0.121508195177532,-0.11682275820018,-0.112523753360462,-0.108563703580209,-0.104912310117732
-0.00845270245085788,-0.0127600060018091,-0.0175459232319232,-0.0226500834574324,-0.0285170526681231,-0.0350014114849554,-0.0422285754732789,-0.0502894980441234,-0.0592651436607348,-0.0690482962508149,-0.0801511195066172,-0.0927947278884777,-0.106854909968021,-0.122646172283133,-0.14023824812838,-0.16032143153933,-0.182855061616512,-0.208364614393821,-0.237648868033603,-0.269966470292334,-0.30800291329073,-0.351482077824526,-0.401054202194342,-0.457763079360846,-0.523044356988359,-0.597965097834599,-0.684365296165681,-0.783910856226763,-0.897920064125748,-1.02852853850861,-1.17743895496055,-1.34570640036943,-1.53444816484091,-1.74295813318509,-1.96979687377822,-2.21109323991137,-2.46158542929732,-2.71327041348692,-2.95777317453564,-3.18517039489893,-3.38652103755244,-3.55451912923362,-3.68328323383956,-3.77168652090458,-3.81824584029324,-3.82590979528299,-3.79817933466637,-3.73913864150568,-3.65384285761006,-3.54768634647091,-3.42447724121284,-3.28937636693089,-3.14512643033704,-2.99486429442995,-2.84140763129628,-2.68664840509714,-2.53209646259373,-2.37894497640807,-2.2283505253679,-2.08126754307649,-1.93824841113932,-1.80000023926287,-1.66701516928184,-1.53975719351845,-1.41876094770193,-1.30419435742269,-1.19649006895426,-1.09584567807072,-1.00222610520107,-0.915738408426324,-0.836181854420065,-0.76333745117331,-0.697078041168226,-0.636855249669233,-0.582300645925629,-0.533160245275133,-0.48883726034263,-0.449019745748673,-0.413250675831217,-0.381133899621558,-0.352342483660963,-0.326475195358332,-0.303265734218834,-0.282440735637377,-0.26370052889938,-0.246832087894225,-0.231638682288943,-0.217904661106459,-0.205496931562974,-0.194256991992375,-0.184055828737746,-0.174789015730596,-0.166338490742655,-0.158639480115524,-0.151585491160282,-0.14513597532678,-0.139205016255961,-0.133755249673497,-0.128725978448672,-0.124084810931154,-0.119784636823085
-0.0284383197419255,-0.0337240117201053,-0.0393902441733575,-0.0456282579109389,-0.0525105244604987,-0.0601767177971667,-0.0686914110999271,-0.0781023020435547,-0.0884015605730803,-0.099802945746457,-0.112586744225941,-0.126881332204913,-0.142780567454795,-0.160370145211431,-0.180085288397782,-0.202233330176468,-0.227083435468211,-0.254889689697207,-0.286664150445673,-0.323630367204042,-0.362644419799581,-0.407956552746101,-0.459690905419294,-0.518477923568644,-0.58536507766764,-0.661283949700496,-0.747672845817004,-0.845674274469966,-0.957385561147802,-1.08181933445838,-1.22198008306128,-1.37821459633631,-1.55021450943313,-1.73728811641577,-1.93752274525187,-2.14739742816139,-2.36270288604805,-2.57701553635363,-2.78408088555669,-2.9762925959925,-3.14715269902899,-3.29144905293269,-3.40434278201108,-3.48413220844661,-3.53048352909224,-3.54428936812921,-3.52781455626766,-3.48425883166381,-3.41722269832662,-3.33083174655738,-3.22814957394106,-3.11344380122167,-2.98906517417388,-2.85793404232096,-2.72271587896542,-2.58476274515189,-2.44578318413804,-2.30731405512994,-2.1703877565817,-2.03586750300018,-1.90438346405337,-1.77665843875472,-1.65346892921459,-1.53505757496501,-1.42193979894668,-1.3145509870774,-1.21300918681419,-1.11765314188766,-1.02855004890947,-0.945633156102111,-0.868961256061447,-0.798320843648555,-0.733464570211175,-0.674196446026739,-0.620143620031233,-0.5709861163668,-0.526386363455898,-0.485965899028948,-0.44938201047065,-0.416313488898347,-0.386453647193584,-0.359442087086995,-0.335048479556997,-0.31298727090229,-0.293015863201051,-0.274937798280563,-0.258543230857987,-0.243657977132262,-0.230127640118181,-0.217804904639571,-0.206574184342741,-0.196313338800224,-0.186927942771695,-0.178325903376462,-0.170429228748605,-0.163163485551825,-0.156471410795715,-0.150287788556966,-0.144576755617826,-0.139277530219655,-0.134366557667291
-0.0480458013393966,-0.0541912380658901,-0.0607971137763121,-0.0679421986757752,-0.075933543744432,-0.0846989974049191,-0.0943688644657601,-0.104893268524541,-0.116635825840057,-0.129428515339883,-0.143552709621214,-0.159301626907299,-0.176822317073654,-0.19599408546084,-0.217542668355433,-0.241510163269765,-0.268287397938459,-0.298283832402523,-0.331799280942945,-0.369522552799326,-0.411311861472644,-0.458401255231331,-0.511691933885652,-0.571558732960605,-0.638989180144809,-0.714758279579181,-0.79995051924972,-0.895322447876366,-1.00340286505602,-1.11734160555071,-1.25229822954407,-1.39612468515412,-1.55248096918994,-1.72024768140972,-1.89728273987305,-2.08086235283584,-2.2670742405423,-2.45133018528158,-2.62831683499872,-2.79272060914459,-2.93913428386603,-3.06379309603414,-3.16312735879252,-3.23514680211157,-3.27986418588905,-3.29696941860965,-3.28841623468934,-3.2562620586864,-3.20337038177785,-3.13265441998812,-3.04681473021045,-2.94916475859141,-2.84193633215442,-2.72734072599829,-2.60804934714019,-2.48530596334049,-2.36073032875103,-2.23557553168891,-2.1111406191984,-1.98817558540617,-1.86748267458355,-1.74986601029481,-1.63577744903937,-1.52570983164366,-1.42025561928671,-1.3195426231532,-1.22403297820647,-1.1338703417923,-1.04912294149132,-0.969953554428001,-0.896204672444576,-0.827855366437864,-0.764771047778186,-0.706649370410008,-0.653297306396084,-0.604554651451616,-0.559903164055178,-0.519248207534422,-0.48219021163483,-0.448483115620818,-0.41781964098864,-0.38992417076727,-0.364582299080205,-0.341505115682811,-0.320515007649488,-0.301414228794005,-0.283983293521981,-0.268089721798158,-0.253576978357097,-0.240292200663993,-0.228140049936251,-0.216985284703762,-0.206743917994613,-0.197325967414937,-0.188644021009966,-0.180637061119242,-0.173228364863298,-0.166374541325096,-0.160017536103605,-0.154110992555093,-0.14861706488959
-0.0671509292914707,-0.0741513108798891,-0.0816232096171738,-0.0896586931531445,-0.098605165532207,-0.108307636064495,-0.119095214312518,-0.130774560645036,-0.143590049945174,-0.157616841762742,-0.173115843375059,-0.190202991011237,-0.208987480594067,-0.229856537808765,-0.252811596377977,-0.278399113811985,-0.30659993926645,-0.338157541465548,-0.373057119544668,-0.412373495621384,-0.456650539535902,-0.503410447752269,-0.557361172122262,-0.61752375127004,-0.684646307271454,-0.759329501734996,-0.842453598274359,-0.934533050752289,-1.03637889890494,-1.14814909123874,-1.27043572679705,-1.40302029900749,-1.5451644866777,-1.69558981236492,-1.85290942664203,-2.01396158277542,-2.17649351383517,-2.33564102844378,-2.48829773573246,-2.62982774744673,-2.75635420498357,-2.86451166849256,-2.9521115932476,-3.01724500597391,-3.05925826915146,-3.07809521345536,-3.07508061165495,-3.05152319680955,-3.00954743266874,-2.95160964205768,-2.87960935753354,-2.79638668157189,-2.70359507672151,-2.60365743296995,-2.49833770627823,-2.38904680392685,-2.2773279134803,-2.16445041648372,-2.05156340816278,-1.93938769829887,-1.82868712393304,-1.72028387037571,-1.6148361067747,-1.51260213617216,-1.41422194827599,-1.31999701206326,-1.23013381364533,-1.14495298505888,-1.06455064084181,-0.988995191714699,-0.918313517155066,-0.852422525178467,-0.791215204118301,-0.734569803232013,-0.68222421668217,-0.634030629339118,-0.589700784298826,-0.549070734675595,-0.511802149159859,-0.477708186819184,-0.446509829551962,-0.417971962666503,-0.391896855781057,-0.368025966234053,-0.346211136615947,-0.326254988505362,-0.30796926801416,-0.291220242811532,-0.275848865079062,-0.261729487746205,-0.248755963177595,-0.236806580749003,-0.225788202463645,-0.21562354834064,-0.206230203649783,-0.197543135309923,-0.189475669350655,-0.181992767659379,-0.175027390977635,-0.168552020893494,-0.162507008697569
-0.0857486508829353,-0.0934779679298083,-0.101741444222934,-0.110745130193393,-0.120437893567216,-0.131093808049092,-0.142867278839187,-0.155512053598681,-0.169408915501403,-0.184554319497718,-0.20114964655134,-0.219432506591023,-0.239330197929437,-0.261312392228709,-0.285581743981103,-0.312284750346549,-0.34183970415926,-0.374427089232783,-0.410474256557368,-0.450898142715507,-0.496165361213718,-0.543181698587706,-0.597151189803748,-0.656990104746576,-0.723158999270692,-0.796124841385691,-0.876580365171254,-0.964832005195048,-1.0613601389847,-1.16636996790279,-1.2796612272033,-1.40126875740427,-1.53014747067995,-1.66542472696579,-1.80528227674334,-1.94766597532659,-2.08993346656871,-2.228855940653,-2.36161090626696,-2.4843034244422,-2.59440782045977,-2.68925250056929,-2.76673624823367,-2.82526401431029,-2.86447707886221,-2.88390664928582,-2.88465795029952,-2.86748422273334,-2.83418839672515,-2.78629051034389,-2.72570323475456,-2.65441926813996,-2.57411257947136,-2.48655661896833,-2.39361633201439,-2.29631127712253,-2.19622288578341,-2.09442576138291,-1.99196169305966,-1.88965327465054,-1.78828804857545,-1.6886253600403,-1.59111763044174,-1.49627805526105,-1.40470155401086,-1.31649108025419,-1.23215862630472,-1.15179366715327,-1.07557706828884,-1.00367178041847,-0.935979775544548,-0.872595396275713,-0.813421922197163,-0.758314886920533,-0.707171262627725,-0.65980027201075,-0.616004062740107,-0.575622849893908,-0.538384508852726,-0.504138362039027,-0.472629663902915,-0.443674095053142,-0.417069149658626,-0.392610748424815,-0.370151865647898,-0.349489758327301,-0.330491564998209,-0.313015571735133,-0.296901617954624,-0.282057358209154,-0.268349519289924,-0.255692441077141,-0.243992475164874,-0.233110372778553,-0.223365311049641,-0.213825084189953,-0.205117800269187,-0.197071124908171,-0.189559924511352,-0.182550427566439,-0.175998191910223
-0.103797161975727,-0.112196502118929,-0.121270924736591,-0.130991522565892,-0.141528358988991,-0.152959689174247,-0.165545309452336,-0.17918678614592,-0.193869846882514,-0.209993223699209,-0.227662510693296,-0.246721718100268,-0.267815303988027,-0.290805608352324,-0.316140504354067,-0.343838226254,-0.374241573929756,-0.407678945656488,-0.444278908814711,-0.484862803679415,-0.530935199169913,-0.578040434562392,-0.63145763993271,-0.690400818177136,-0.755097217767065,-0.825854737598155,-0.903201094028072,-0.987251859396661,-1.0783940292169,-1.17649496172813,-1.28155327390273,-1.39298534160883,-1.51008817802432,-1.63168169115707,-1.75687000956191,-1.88299571550337,-2.00825261734167,-2.13011458432543,-2.24612259280303,-2.35327238731696,-2.44985485469272,-2.53328477467371,-2.60192338892008,-2.65473622620697,-2.69094972876175,-2.71038178567283,-2.71370434431053,-2.70136820486915,-2.67478603266505,-2.63513400929831,-2.58388333062687,-2.5227839672073,-2.452979280947,-2.37635374340571,-2.29409928514137,-2.2074960151887,-2.11769675002688,-2.02596498812825,-1.93312855336375,-1.83984695967826,-1.74695635697536,-1.65529572535403,-1.56527203299195,-1.47734157898792,-1.3920300730826,-1.30963924578256,-1.23043630351779,-1.15471534524837,-1.08262014389417,-1.0142210360483,-0.949621123512193,-0.888799658412426,-0.831728984358459,-0.778366841876578,-0.728544599248805,-0.682177515583294,-0.639105330645388,-0.599160802119216,-0.56214049295829,-0.527950402154969,-0.49632321179438,-0.467134146245805,-0.440181656233709,-0.415309556011988,-0.392356153530341,-0.371153865633331,-0.35157762186333,-0.333480170164539,-0.316739259241108,-0.301292093007009,-0.286976839177236,-0.273725313226046,-0.261407442600954,-0.24999079541941,-0.239317689221778,-0.229436173004798,-0.220230060638748,-0.211644940894247,-0.203638328834532,-0.196118759786898,-0.189111016449586
-0.121237770677268,-0.130224845641867,-0.139960592491889,-0.150450185986319,-0.161627149572298,-0.173862750295927,-0.187249870817294,-0.201558640718697,-0.217174843176361,-0.234150332421582,-0.25258120230948,-0.272571514255818,-0.294368769080802,-0.318184337386764,-0.344174346345301,-0.37260981412236,-0.403599147166389,-0.437496744623991,-0.474662042795971,-0.51499765954708,-0.562038252105404,-0.607576796126869,-0.6607524472082,-0.718493441245149,-0.781334778482107,-0.84956106718754,-0.923502837238652,-1.00324589623941,-1.08893009925974,-1.1804221307818,-1.27747841776572,-1.37964550751316,-1.48612060844172,-1.59602977195307,-1.70790120108601,-1.82013555287672,-1.93128406004623,-2.03861166215219,-2.14067219202065,-2.23508668632054,-2.32003349001342,-2.39375383980495,-2.45498883833508,-2.50246917093113,-2.53591388641209,-2.55483659432557,-2.55984302983162,-2.55112956687583,-2.5298606750044,-2.49684800049877,-2.45338501658629,-2.40072020055276,-2.34000378944137,-2.27265924668066,-2.19997516210577,-2.12264891286892,-2.04220171486154,-1.95938092007571,-1.87508508028564,-1.79010035344954,-1.70515737776465,-1.62094712926904,-1.53777408126034,-1.45631668667632,-1.37697884410335,-1.29995830922889,-1.22576899774105,-1.15444444098921,-1.08626534822396,-1.02136430212308,-0.959719693868873,-0.901470483563457,-0.846552756720239,-0.794915497892911,-0.746579189911298,-0.701301919465523,-0.659110182652697,-0.619864961322703,-0.583178020721782,-0.549135899144189,-0.517801264967121,-0.488456961322393,-0.461331138760451,-0.436144376335921,-0.412801112146281,-0.391201006516023,-0.371166802747438,-0.352568035058041,-0.335359058462654,-0.31940533796975,-0.304565144467844,-0.290762400352338,-0.277905805013397,-0.266041368449393,-0.254362534872182,-0.244593603586319,-0.234348696009907,-0.225651521382129,-0.21683647111167,-0.208483221676844,-0.201837515918869
-0.138058049341756,-0.147626206124502,-0.158012111608191,-0.169088040115772,-0.180966021439702,-0.193906158355249,-0.207796976385774,-0.222815057744088,-0.239100287624754,-0.25679752823538,-0.275955712362174,-0.296554049532901,-0.319061205187204,-0.343520477712547,-0.370031933917715,-0.398938009474529,-0.430274414773281,-0.46450317984235,-0.501645239324162,-0.54237430041848,-0.588439961418805,-0.633723195904182,-0.685433649695417,-0.741626952864254,-0.802338844542642,-0.867844563655652,-0.938267680057976,-1.01367586569672,-1.09406897606134,-1.17926304650813,-1.268947432567,-1.36264627123794,-1.45960006919601,-1.55893684831987,-1.6593011504811,-1.75943357937492,-1.85695603733238,-1.95386443226526,-2.04391368783656,-2.12739700062728,-2.20264211336636,-2.26816099490578,-2.32273557065062,-2.36570158662801,-2.39639722596918,-2.41465028335387,-2.42072157711518,-2.41476537908294,-2.3977101478295,-2.37014319464723,-2.33302614986178,-2.28755778575864,-2.23448093623825,-2.17530165303705,-2.11072801356313,-2.0418437393835,-1.96953851074328,-1.89487897272693,-1.81847430341283,-1.74095071090893,-1.66319958460741,-1.58572405804104,-1.50904288021348,-1.43355927208006,-1.35973600095929,-1.28791203851143,-1.21833940754712,-1.15126638491516,-1.08690394045916,-1.02533169654066,-0.966701934061849,-0.910928421438491,-0.858236833297333,-0.808480214618572,-0.760501164835662,-0.717248973526147,-0.675944585214063,-0.638065859669313,-0.60189836085354,-0.56840334201977,-0.536762642966474,-0.507588450905494,-0.480437091741676,-0.455079650347503,-0.431545074630903,-0.409685281260451,-0.38915704556142,-0.370269596508367,-0.352385296727143,-0.336419189323355,-0.321042188655954,-0.3058478930235,-0.293194064133719,-0.280842846521279,-0.269457841171896,-0.258082681888365,-0.248117846091872,-0.238960542321679,-0.229846868007133,-0.221698332331873,-0.213881171796865
-0.154228292108012,-0.164330204816915,-0.175211083306443,-0.18688636587898,-0.199388839342283,-0.212799718073512,-0.227439672144294,-0.242448995933012,-0.259796216555582,-0.278041391022159,-0.297772726448181,-0.318907754071994,-0.341886176159401,-0.366752022267907,-0.393660133681458,-0.422762595204091,-0.454337076729967,-0.488590700774208,-0.525508454076116,-0.565857334349215,-0.609880389337289,-0.655418908087028,-0.706117993762751,-0.760504974694529,-0.81894168514972,-0.881518421602831,-0.948391566782143,-1.01948030596933,-1.09477364400281,-1.17396839798937,-1.25681040924784,-1.34272456707422,-1.43116187754696,-1.52115418936724,-1.61176049798279,-1.7018122807751,-1.78955152713272,-1.87485111709339,-1.95504810805442,-2.02911284762095,-2.09607498274721,-2.15444162642607,-2.20344702840661,-2.24220879243285,-2.27045953422668,-2.28781484678494,-2.29452287082408,-2.29064331574421,-2.27691982659826,-2.25374375838352,-2.22213912923349,-2.18255581012213,-2.1362121043031,-2.08398464734334,-2.0265547174161,-1.96494559727381,-1.90007761538421,-1.83260417615996,-1.76320118405298,-1.6925901839486,-1.62144175732948,-1.55025358519392,-1.47943761036658,-1.40958200781407,-1.34096975427796,-1.27390254962464,-1.20879278364062,-1.14568925079843,-1.08484607043903,-1.02651637852784,-0.970775898591437,-0.917765300985075,-0.867159200356886,-0.819319874635224,-0.773719827508335,-0.731659850046851,-0.691239865188542,-0.653466994300107,-0.617995009106502,-0.584474316713025,-0.553126531717255,-0.524559617190317,-0.497988250177864,-0.471741614186106,-0.448449677868757,-0.427823253185491,-0.405049320355239,-0.386732587810116,-0.368509114669707,-0.352167852082298,-0.335842747907463,-0.321851465070518,-0.308342688989112,-0.29529270268959,-0.28407979818243,-0.272366019267516,-0.261544265662484,-0.251921908276727,-0.242078291410906,-0.233489016248824,-0.225626806494359
-0.169744993567903,-0.180311534992935,-0.191673959609777,-0.203854638043999,-0.216835535596605,-0.230815266955239,-0.246199621409893,-0.260914302031382,-0.279400011043211,-0.298789213219867,-0.317950346024946,-0.339581636139331,-0.362998246824729,-0.388054621491636,-0.415171855463954,-0.444383188929567,-0.475885230670039,-0.509912727788332,-0.546482508225605,-0.586011265665549,-0.628318521925522,-0.675574202185618,-0.723073810347543,-0.775500285862859,-0.831502815077878,-0.891189329567866,-0.954512130368319,-1.02148212153969,-1.09187905195752,-1.16556801165975,-1.24205005024498,-1.32103948488586,-1.40168019456203,-1.48348149458535,-1.56529293038836,-1.64632351629078,-1.72528772840676,-1.80134891829631,-1.87293270961048,-1.93916230729678,-1.99886309269907,-2.05110392722015,-2.09508262498401,-2.1302840238107,-2.15617463086862,-2.17264188256323,-2.17967253586001,-2.17737183986766,-2.16635511709189,-2.14677741954537,-2.11962965501406,-2.08529998730753,-2.0443867631711,-1.99832868390835,-1.94723217092081,-1.89201750719846,-1.83370127529036,-1.77266448958644,-1.70967419623242,-1.64525085027156,-1.58004088148269,-1.51458502688052,-1.44930455513595,-1.38458813638843,-1.32075077381776,-1.25821693690977,-1.19721290358838,-1.13803737248129,-1.08069053793715,-1.02517240876721,-0.973673008605614,-0.921672429797388,-0.872973354782376,-0.826589436205612,-0.783615819728838,-0.742377750080384,-0.703838646815423,-0.667438564108041,-0.632719782997259,-0.600604285647787,-0.569248620510696,-0.540741657263983,-0.513074230192628,-0.487464713709799,-0.463767874826114,-0.443078049827333,-0.421312193982984,-0.403383253283875,-0.384602239285796,-0.367947219099007,-0.351373843182243,-0.336246495038823,-0.322376865722373,-0.309405202403419,-0.296924087875431,-0.28539992158379,-0.274844481151836,-0.264152155643537,-0.254718572885693,-0.245536132214251,-0.237031741262601
-0.184578704107429,-0.195572993792216,-0.207302289258152,-0.219889853093306,-0.233331092968023,-0.24762285247348,-0.262355716194026,-0.279693055105605,-0.297763455193006,-0.316430901278771,-0.336340780304783,-0.358618885016894,-0.382276157614952,-0.407545119774043,-0.43466598540509,-0.463790590446465,-0.495169072438647,-0.528795919491328,-0.564864226562204,-0.603681820049326,-0.646375416347181,-0.691469879333458,-0.736654275183234,-0.787097485191977,-0.840648390240887,-0.897378456975605,-0.957263132984757,-1.02017681481416,-1.08599901141568,-1.15443358738775,-1.22518516951189,-1.29774484761297,-1.37157375821085,-1.44597289560278,-1.52019703978866,-1.59331687200294,-1.66450506107354,-1.7326188744021,-1.79695004605636,-1.85620760617329,-1.90980894165711,-1.95677623915769,-1.99648563075867,-2.0282991249236,-2.05209872328975,-2.06760102229472,-2.07470127969111,-2.0736497023689,-2.06470674876811,-2.04813349703335,-2.02470368439979,-1.99476986227286,-1.95892897857889,-1.91800620520061,-1.87236331257951,-1.82293635641787,-1.77035496995998,-1.71511313142692,-1.65783884061872,-1.59904883500041,-1.53939654273334,-1.47907216558253,-1.41884082548902,-1.35879154629021,-1.2995673990562,-1.24078585626124,-1.18283479679521,-1.12895303717156,-1.07395903002557,-1.02279041022088,-0.97160226085057,-0.924634640228802,-0.879564645922685,-0.834193250880113,-0.791687125248859,-0.752054039742089,-0.71427415104489,-0.679227565169231,-0.645109454188915,-0.612518859354691,-0.582597534004436,-0.554130810333082,-0.52737208043316,-0.502710760085737,-0.477497411442493,-0.457122732496035,-0.435093168472451,-0.416218272736235,-0.397591074664679,-0.381730367430862,-0.364988179139075,-0.349755994188942,-0.335522363750712,-0.322156609290745,-0.309728657500754,-0.2977383303212,-0.286903893575898,-0.276076254898932,-0.26612548206553,-0.256822381313635,-0.247982278620923
-0.198754679656153,-0.210099218982366,-0.222208793216054,-0.235181074923415,-0.248976737492448,-0.263517062891421,-0.279208666952966,-0.296154370717481,-0.313822110710958,-0.331762936514539,-0.354155174697895,-0.376235105201292,-0.399832709790639,-0.425041849322847,-0.452207705070037,-0.48123301436436,-0.512206735334041,-0.545249066083837,-0.580592414443486,-0.618462600270649,-0.658861082313714,-0.702545401519172,-0.747277351789928,-0.795689012441652,-0.846802635626935,-0.900666487776883,-0.957208127584954,-1.01632565868715,-1.07782121836391,-1.14145348716799,-1.20684965550028,-1.27363852252499,-1.34122229346447,-1.40910820583807,-1.4764999228496,-1.54274558704127,-1.60698918864702,-1.66843679341702,-1.72628096967809,-1.77959087965435,-1.82786075266676,-1.87013746371178,-1.90545897053778,-1.93205335205544,-1.95702324354482,-1.97162990503654,-1.97865486801481,-1.97852475439376,-1.97129398953225,-1.9572719503231,-1.93683854035362,-1.91072514953932,-1.87906553391612,-1.84264904112259,-1.80190179195003,-1.75766959232632,-1.70984393880324,-1.65977273888632,-1.60795875051613,-1.55325363219283,-1.49929135371242,-1.44345759261123,-1.38607577839011,-1.33429124644997,-1.2795382577407,-1.22386576584002,-1.17026878330281,-1.11947652593957,-1.06716828247467,-1.01957720057555,-0.969753813175968,-0.925467088917897,-0.880254000815881,-0.838385754922078,-0.797434236429877,-0.758485055243293,-0.722206487637859,-0.689153566795053,-0.654787080764552,-0.623705768500151,-0.593965269441182,-0.566137076178497,-0.539833789771964,-0.514981333531289,-0.491356646523058,-0.47074224447766,-0.44897880722078,-0.42962300653058,-0.412749569344443,-0.39396188686904,-0.377633482771707,-0.362253356056129,-0.347807449925221,-0.334134248959179,-0.321374108811671,-0.309418449325264,-0.298119326244176,-0.287306427610066,-0.277059444689539,-0.267477462496132,-0.25833543577751
-0.212219937610373,-0.223883146080275,-0.236285720886449,-0.249510569057843,-0.263621090696938,-0.278522063499234,-0.294485190176772,-0.311520617451753,-0.32975002615495,-0.349506121035695,-0.370253644286103,-0.392219987943035,-0.415754056868721,-0.440980352019087,-0.467870326506823,-0.496478981052335,-0.527060522712826,-0.559579251758674,-0.594336076309282,-0.631054199863068,-0.670226381231168,-0.712131311757098,-0.755184753845549,-0.801699232581656,-0.850343090888984,-0.901391422723546,-0.954708594164823,-1.01021463364174,-1.06767012588453,-1.12685317110449,-1.1873860279974,-1.24894836068149,-1.31096388290466,-1.37304878836656,-1.4344297700953,-1.49462141287501,-1.55280142966014,-1.60837132195758,-1.66057131727514,-1.70872652532693,-1.75227075863271,-1.79049499214066,-1.8230316876722,-1.849695871879,-1.87065935833106,-1.88335520532271,-1.8902536688909,-1.89092523225073,-1.88500205350671,-1.87315807116044,-1.8553368700224,-1.83292653544437,-1.80454655035223,-1.77334050077976,-1.73995218996404,-1.69949283397948,-1.65492742918298,-1.60923724199178,-1.55969129285768,-1.51211905531032,-1.46113003232235,-1.40965845780339,-1.35948316616173,-1.30590226270387,-1.25556298211037,-1.20445008837592,-1.15588002745471,-1.10692955808671,-1.05751885479516,-1.01172395492872,-0.966501387029323,-0.923149008146217,-0.879917005260301,-0.840024743662957,-0.801355610696254,-0.764320305848683,-0.728895048840643,-0.695212723580896,-0.664296940537854,-0.632953462258023,-0.604171429992488,-0.576686168696074,-0.550869804529176,-0.526278741308566,-0.503204539239707,-0.481616245158646,-0.460709785882919,-0.440848152340285,-0.423866419150177,-0.405748644703475,-0.389347671237067,-0.373919579761593,-0.359393860693419,-0.345617840026181,-0.332669169295386,-0.320400426038359,-0.30885322528509,-0.297864015814001,-0.2874565061448,-0.277599182534748,-0.268221712172174
-0.225051037016353,-0.236967111177675,-0.249630877915812,-0.263099576448057,-0.277482477873834,-0.292598743270015,-0.30865390923373,-0.325843057458655,-0.344221427270268,-0.363845552243736,-0.384584852002024,-0.406724378995633,-0.430270603471666,-0.455199568909501,-0.481785672615661,-0.510009805664824,-0.540045183621124,-0.571901595859011,-0.605600312856565,-0.641268256881806,-0.679159997539085,-0.720077309276806,-0.761349916546013,-0.805397735842326,-0.85171670971952,-0.900038288973632,-0.950323375102115,-1.00238098128037,-1.05608511756644,-1.11110367286821,-1.16720389213554,-1.22395201583313,-1.2809904561811,-1.33781226778962,-1.39390192815871,-1.44867872676241,-1.50158690937045,-1.5519691833886,-1.59928946995462,-1.64290492964724,-1.68237324318654,-1.71684851297712,-1.74685282832259,-1.7708781433081,-1.78995737079582,-1.80264697640241,-1.80939169657738,-1.81105570012062,-1.80608762428784,-1.7961178007331,-1.78105995349935,-1.76119125480246,-1.73574343076386,-1.70479998839664,-1.67343977676542,-1.63717385132612,-1.59815981688579,-1.55639885735246,-1.51404272495727,-1.46916265470685,-1.42287316034456,-1.37601023204012,-1.32880900621972,-1.28017747704764,-1.23272251283749,-1.18615786814635,-1.13977290720569,-1.09294439982869,-1.04770503687207,-1.0038635371083,-0.961080609532041,-0.919688628976505,-0.879370227622723,-0.840883596230542,-0.803785460185346,-0.768166348874952,-0.734187012585704,-0.701761597693015,-0.671041083618963,-0.64061104266752,-0.612584897315538,-0.585868125022922,-0.560546059459714,-0.536464052718848,-0.513633934579846,-0.492139080210984,-0.471566448578171,-0.452256813964105,-0.434180298552173,-0.41676943543428,-0.400280560128933,-0.384774348998072,-0.370169524910007,-0.356243357190863,-0.343161652753205,-0.330761081266084,-0.319023810452548,-0.307867908084605,-0.297282595393412,-0.287291167092988,-0.277881080073416
-0.23714754286526,-0.249293639537049,-0.262185207288411,-0.275831859733194,-0.290365603005559,-0.305721540274402,-0.32191630310491,-0.339175597451808,-0.357538332700573,-0.377132061701123,-0.397894311812903,-0.41986320830577,-0.443186853947069,-0.467890808202873,-0.49411319899785,-0.521860900227262,-0.551200761577082,-0.582303126341495,-0.61508219801565,-0.64969742758594,-0.685590694043894,-0.725280221308054,-0.765675743687162,-0.80712863927993,-0.851106903185417,-0.896845565995738,-0.94419482273103,-0.993077235001582,-1.04325982736831,-1.09452711303607,-1.14651681109868,-1.19898895721021,-1.25147008072949,-1.30372735646537,-1.35496779089136,-1.40501629074581,-1.45317467767339,-1.49976382414908,-1.54160797837426,-1.58289287052417,-1.61879576538258,-1.65056982444505,-1.67646180049749,-1.69888214549494,-1.71644643483368,-1.72887411170665,-1.73699834679656,-1.73687328982459,-1.73225909851653,-1.72526743962233,-1.71332136169634,-1.69099196687297,-1.66915554107713,-1.64308998793513,-1.61388426305017,-1.58133425261684,-1.54604750283944,-1.5085548561074,-1.46929159966257,-1.42804614107091,-1.38589728704027,-1.34273782103778,-1.29879305373327,-1.25383037616492,-1.20960436510254,-1.16595918012783,-1.12183902382483,-1.07865675941104,-1.03645399871214,-0.994977253153133,-0.954548092820389,-0.915258839753296,-0.877111423528759,-0.840259392209616,-0.804724972101634,-0.770485167214592,-0.737688251216269,-0.706222475140415,-0.675996874774837,-0.647426322809272,-0.619965523698524,-0.593864248210995,-0.568998271604607,-0.545368832088489,-0.52291592842213,-0.501710102223655,-0.481790779051081,-0.461956650453337,-0.444004303586445,-0.426716033640002,-0.41029799697646,-0.394777217532009,-0.380108804282053,-0.366183243654311,-0.352967998707193,-0.340442436861363,-0.328571047281726,-0.317304697930465,-0.306623529892585,-0.296431350881935,-0.286804900120237
-0.248656250901752,-0.260958650763622,-0.273980580851378,-0.287766638011673,-0.302389532338283,-0.317888791818896,-0.334175734419662,-0.351638273088653,-0.369456201176669,-0.389348087624453,-0.409943301394505,-0.431715911878275,-0.454737783785761,-0.479147253702148,-0.504985276773244,-0.532190529424315,-0.560856801560646,-0.591159753400406,-0.623122395489201,-0.656705287808835,-0.691895160088148,-0.729299387391202,-0.767429013904661,-0.807147918963417,-0.848941326224538,-0.892157919272936,-0.936755171065554,-0.982474163784884,-1.02953000523238,-1.07720980060999,-1.12588563358048,-1.17440719477818,-1.22254012078648,-1.27214988152126,-1.31818744634442,-1.36371781937677,-1.40900722823302,-1.45069595112534,-1.48856540852917,-1.52528943934328,-1.55734569802971,-1.58584976788957,-1.61109574987559,-1.63114372849024,-1.6463392527302,-1.65821750925896,-1.66359619425132,-1.66670560923738,-1.66164451077034,-1.65422159154864,-1.64306482671672,-1.62752185647898,-1.60787124137433,-1.58470718295657,-1.55822063425953,-1.52870196799697,-1.49669776884985,-1.46253976269315,-1.42654240541198,-1.38880389263574,-1.34988761730443,-1.31009810820654,-1.26974484423062,-1.2286763341753,-1.18765241585337,-1.14597533747238,-1.1049512667675,-1.06447808401868,-1.02451679084996,-0.985329935242958,-0.947055689244174,-0.909784949838819,-0.873498920921481,-0.838403747422885,-0.804506372352212,-0.771623308215069,-0.739988449378354,-0.709710623456066,-0.680676976345767,-0.652692411600891,-0.626009029217476,-0.600472730310524,-0.576206617644634,-0.552979476420594,-0.530959055822849,-0.509938464657455,-0.491750493739523,-0.471860009072072,-0.453055303383977,-0.435821891883983,-0.419520663296468,-0.404011469357219,-0.389318663310438,-0.375339209523359,-0.362082421114191,-0.349529104612434,-0.337556646571881,-0.32617855535858,-0.315351183161727,-0.305090401435543,-0.295309782509414
-0.259438372211415,-0.271891926369608,-0.285048691961192,-0.298939083831665,-0.313620339083314,-0.329212498780676,-0.345994130077695,-0.362239514275646,-0.380831589947503,-0.40040881579873,-0.420807618835501,-0.442372640869864,-0.465104054392556,-0.489087909852014,-0.514382232669944,-0.540958448786806,-0.569001219677884,-0.59847837880223,-0.629400423806305,-0.661897005660709,-0.695782846398603,-0.73131806233262,-0.767930831771573,-0.805720201664035,-0.845249745354185,-0.886472490836362,-0.928183322778167,-0.971006024515182,-1.01530019827741,-1.06042750103487,-1.10499541618321,-1.14824112098859,-1.19432766702232,-1.23889945007323,-1.28193800410263,-1.32304320680452,-1.36392436844872,-1.40138810122464,-1.43821737574613,-1.47097860363788,-1.50083377141162,-1.52668539558834,-1.54978930982085,-1.56846766526116,-1.58300735389991,-1.59274498465128,-1.5991900140552,-1.60106982537504,-1.59902914953533,-1.59274195161204,-1.58215497238958,-1.56810889546838,-1.55046328585914,-1.52952505465803,-1.50561507593694,-1.47887955422765,-1.44972801126443,-1.41849579883014,-1.38549004160531,-1.35088240432079,-1.31507878204478,-1.27821687286006,-1.24061377460614,-1.20273454592964,-1.16395081777454,-1.1257486156104,-1.08755719101369,-1.04949789582791,-1.01194923212289,-0.975032192569864,-0.938837886103448,-0.903358867874643,-0.868786761776318,-0.835455024476227,-0.80312713596298,-0.771588864058864,-0.741182973960461,-0.711918757156791,-0.683807860711214,-0.656732788470476,-0.630820347180403,-0.606008831753388,-0.582269673045166,-0.559578057902885,-0.53789519267027,-0.516920078553469,-0.49833302716775,-0.479227545565026,-0.461119675145562,-0.444054534827089,-0.427868863263823,-0.412447936479425,-0.397814233766652,-0.383864406326343,-0.370593482621719,-0.357949603236899,-0.345923755094194,-0.334503365581714,-0.323619727554051,-0.313222422785669,-0.303334822684491
-0.269631686260948,-0.28216321563152,-0.295366013030765,-0.309287356647049,-0.323983794382735,-0.339510342016187,-0.355288274846711,-0.372874809707974,-0.391291168608357,-0.410434474589083,-0.430563197165639,-0.451772243560719,-0.47411421141198,-0.497703440017699,-0.522395088482163,-0.548411042238952,-0.575700830773876,-0.604242588997816,-0.634119684096885,-0.66536245970404,-0.697875141923785,-0.731635138783214,-0.767072688615942,-0.802438124046389,-0.841053476705004,-0.879340109474096,-0.919374110554106,-0.959653798459096,-1.0007457184371,-1.04168086063013,-1.08371839796897,-1.12495315149838,-1.16644519391841,-1.20754008613975,-1.2472789339282,-1.28527332396987,-1.3227769479435,-1.35763821763533,-1.39064943545949,-1.42092635267193,-1.44806984602641,-1.47208625890237,-1.4928580435807,-1.51015762413871,-1.52408734170824,-1.53461614912864,-1.53929833142927,-1.54161344317735,-1.53957778940423,-1.53414642018024,-1.52495784184883,-1.51232857750093,-1.49648095595473,-1.47755989432844,-1.45590087987667,-1.43165141105823,-1.40507280373742,-1.37651732603861,-1.34625862798731,-1.31441521314441,-1.28134142383122,-1.24736609777433,-1.21258408500057,-1.17713153891926,-1.1414042169737,-1.10558685828075,-1.0697676082504,-1.03412846029562,-0.99886627699255,-0.96413360016445,-0.929771453901279,-0.896212478525384,-0.863420639352902,-0.831294281974138,-0.800021464235985,-0.771144071350117,-0.741012047585145,-0.713038692405198,-0.685954945938593,-0.659781637445171,-0.634569924687413,-0.610539876665469,-0.587394024173746,-0.565271258772691,-0.54397612298448,-0.52385806236286,-0.504595569718025,-0.486157102410163,-0.468396818715756,-0.451525145056981,-0.435500450255081,-0.42019998741625,-0.405600817602125,-0.391696854520449,-0.378431309890987,-0.365821079502963,-0.353767515037445,-0.342286348559183,-0.331325059631112,-0.320903614089626,-0.310922374548041
-0.279173551075194,-0.291771145335841,-0.305026783356134,-0.318975939491771,-0.333638728189668,-0.349045498122538,-0.3652699994859,-0.382384929261694,-0.400481015325149,-0.419406290877298,-0.439268775781251,-0.460168914157657,-0.482121472758461,-0.505142362978928,-0.529258577831342,-0.55454198332312,-0.581064565142269,-0.608673512595951,-0.637503232613434,-0.667565718431823,-0.698709765132577,-0.730943728610805,-0.764747384099131,-0.799239239860552,-0.83489254599422,-0.871151254370638,-0.908327394076879,-0.946174599760865,-0.985253473204525,-1.02390714261887,-1.06270972013307,-1.10132052473212,-1.13964126762436,-1.17736045895422,-1.21412750987376,-1.25262507219783,-1.28391833250598,-1.31598533766369,-1.3460405443675,-1.37376094467595,-1.39889019926979,-1.42110870795465,-1.43987541418936,-1.45604568085868,-1.46876305007,-1.47795024940917,-1.48311022427165,-1.48558661208577,-1.48390856263955,-1.47931977905434,-1.47116869106577,-1.45991522431647,-1.44564067400796,-1.42853916414558,-1.40889766574396,-1.38685243650532,-1.36258624037774,-1.33645567022527,-1.30869510057904,-1.27941337810881,-1.24890089691692,-1.21743023474676,-1.18519678186405,-1.15228065117458,-1.11902858682098,-1.08561200748735,-1.0519832399263,-1.01853128564305,-0.985351283830072,-0.952465873129789,-0.920127023717806,-0.888358250866636,-0.85714543491602,-0.826665541890098,-0.796947219199465,-0.768623960432878,-0.74032742236908,-0.713393754388512,-0.687098126461496,-0.661774979285005,-0.637475880725297,-0.614007593435632,-0.591672837191429,-0.570097138250729,-0.548740285585735,-0.529885009284779,-0.510416373032571,-0.492347343420192,-0.474959107501338,-0.458279003631591,-0.442370489992572,-0.427208371321212,-0.41272504297128,-0.398918723339426,-0.385698654078351,-0.373093279104216,-0.36101789550758,-0.349553887678871,-0.338561740472954,-0.328079887581528,-0.318040092814763
-0.288097141397086,-0.300722711366541,-0.313977304082066,-0.327904351718279,-0.342531059654726,-0.357850297510475,-0.373993912365758,-0.390980131638505,-0.408808303450304,-0.427413042554011,-0.446984601355261,-0.467512760023119,-0.489035786076576,-0.511525211267111,-0.535052641165866,-0.559629653334434,-0.585256171663416,-0.611933271382638,-0.639759725180927,-0.668704835569676,-0.69853122549316,-0.729467959717779,-0.761425678204993,-0.794543521398904,-0.82823043016166,-0.862613854808052,-0.897462477749213,-0.934098549917922,-0.969257751262651,-1.00591025121798,-1.0421255880443,-1.07807793066456,-1.11352926404216,-1.14844130071687,-1.182422872695,-1.21505276726697,-1.24669691521853,-1.27634203632215,-1.30383718862292,-1.32949209346636,-1.35264801535029,-1.37334091823752,-1.39117785263013,-1.40549805364878,-1.41727235785043,-1.42576376053308,-1.43082121716836,-1.43287225603806,-1.43186886140482,-1.4278079575116,-1.42072648950266,-1.4105936304825,-1.39772001686648,-1.38225497303233,-1.36442731983245,-1.34432905034766,-1.32219255240897,-1.29827395365912,-1.27278123974195,-1.24578246525309,-1.21760363060843,-1.18847080937718,-1.15852874959756,-1.12790564702173,-1.09689144246417,-1.06563484023317,-1.03417511718495,-1.00280009866669,-0.971566884697758,-0.940555045627824,-0.90997316299167,-0.87984259003727,-0.850205992846329,-0.821272467391947,-0.793054144662396,-0.765452592331364,-0.738460991125506,-0.713080278834991,-0.687057163215089,-0.662818065156262,-0.639357100148082,-0.616570493688243,-0.594875345341818,-0.575127443583634,-0.553541233451804,-0.534263766074345,-0.515654135456072,-0.497787753117208,-0.480638187910173,-0.464298933741542,-0.448582986833978,-0.43358641217769,-0.41922472437076,-0.405496345740447,-0.392333868754464,-0.379805371532692,-0.36778183815946,-0.356300759224619,-0.345290190937134,-0.33480483702754,-0.324742099517079
-0.29646324346934,-0.309069063960463,-0.322287851763232,-0.336151083528762,-0.350686325671983,-0.365907921258671,-0.381910917176792,-0.398717037117064,-0.416269345003682,-0.434623834895182,-0.453845529324472,-0.47395485423919,-0.49495317978746,-0.516893386012423,-0.539805190610146,-0.563703291218506,-0.588509587204797,-0.614298424940284,-0.641089794882272,-0.66887575066552,-0.697516318810381,-0.727107598531083,-0.757615575715588,-0.788911899017123,-0.820898119626737,-0.853489933027063,-0.886586538395173,-0.920163535931964,-0.953899910244156,-0.988108281687808,-1.02177647982121,-1.05529726237538,-1.08833085467778,-1.12057709587541,-1.15209928826506,-1.18242066766745,-1.2114666990067,-1.23889093685026,-1.26442840000447,-1.28794507254202,-1.30931284288348,-1.3281331261116,-1.34816617252073,-1.35874669115294,-1.36913452201072,-1.37699421258853,-1.38185237057853,-1.38404062288522,-1.3832362266517,-1.37967787519971,-1.37324177135945,-1.36426482778029,-1.35264136328036,-1.33866158139921,-1.32243572879095,-1.30406814260471,-1.2838084806236,-1.26185735534636,-1.23837745171983,-1.21346023339697,-1.18741676393916,-1.16043770263168,-1.13258400850864,-1.10409025104866,-1.07516848361572,-1.04589938769555,-1.01643154168277,-0.986977242391402,-0.957540802096055,-0.928315901865167,-0.899426559399599,-0.870799481556216,-0.842705011223484,-0.815176614428906,-0.788190020924922,-0.761848724809903,-0.73616243335113,-0.712166233939955,-0.687204563982195,-0.663231518327639,-0.640479856761625,-0.618543790108207,-0.596604025286696,-0.577799746941001,-0.557404214901033,-0.538254897029336,-0.520009554942792,-0.502501549752997,-0.485697300167519,-0.469616049517806,-0.454144343045782,-0.439295476318186,-0.425058625150307,-0.411491342363756,-0.398459695384256,-0.385971700796518,-0.37400138938747,-0.362550445399665,-0.35158277462983,-0.341084390243985,-0.331006253809478
-0.304232977687924,-0.316817024809963,-0.329991498001387,-0.343776236445818,-0.358206067726941,-0.373293555661923,-0.389074401867853,-0.405638958071302,-0.422941965350647,-0.440971160480273,-0.459816571456259,-0.479526756724506,-0.500020313334886,-0.521392280941034,-0.543653129399205,-0.56679178356869,-0.590804839171878,-0.615734883547217,-0.641502989063584,-0.668159077036117,-0.69560124859031,-0.723884917165246,-0.75297196768588,-0.782616873644498,-0.812965191986317,-0.843812287886924,-0.875062350856254,-0.906389017182227,-0.93773754001747,-0.970304028316484,-1.00186905797118,-1.03306577999135,-1.06383415002521,-1.09387916390559,-1.12303774381829,-1.15112417443946,-1.17785152095505,-1.20322185892896,-1.226853935605,-1.24859570758762,-1.26829091789466,-1.28578157921198,-1.30074365408722,-1.31362805640133,-1.32359053387428,-1.33126331725792,-1.33593204998826,-1.33796495097174,-1.33757454793569,-1.33443129359936,-1.32880515737602,-1.32061246587403,-1.31005119019479,-1.2974614287889,-1.28263854907851,-1.26584669701665,-1.24728239569696,-1.2270838683473,-1.20541315638024,-1.18241834744423,-1.15832770255428,-1.133299121116,-1.10737739056511,-1.0808504972716,-1.05387551860426,-1.02643939195616,-0.998832045738322,-0.971150950551892,-0.943425184431505,-0.915873782027032,-0.88849698804445,-0.861394541560357,-0.834762089296083,-0.808466761623131,-0.782731376604241,-0.757493952162869,-0.732835861892392,-0.709185485904401,-0.685536316093497,-0.662848309469138,-0.640917739671202,-0.619624311571051,-0.599213109499776,-0.57969447354424,-0.560125789521992,-0.541578017465707,-0.52373399226108,-0.506608613631838,-0.490098305263187,-0.474250746621025,-0.459045972893685,-0.444454204857867,-0.430402094096961,-0.416927347695816,-0.403999645084631,-0.391612374179537,-0.379749011538213,-0.368347299659363,-0.357408802365453,-0.346915699459099,-0.336873683483576
-0.311454443732928,-0.323958041300103,-0.337051347442795,-0.350737710244132,-0.365038974193941,-0.379968802026876,-0.395571789208122,-0.411867063761573,-0.428822953327174,-0.446509696072342,-0.464993248134491,-0.484249210953161,-0.504247192236391,-0.525061912626435,-0.546688681927572,-0.569069397301578,-0.592272475968473,-0.61630187004947,-0.641063569901159,-0.666646844564541,-0.692950428298394,-0.719982010917632,-0.747680013489032,-0.775863233267259,-0.804608705498568,-0.833746741720843,-0.863252819315942,-0.892951918063974,-0.923230307999067,-0.950368383893185,-0.982135558531217,-1.01136241672583,-1.04006400263649,-1.06804066252392,-1.09520232880092,-1.12124256545204,-1.14613171821693,-1.1696633931127,-1.19132701716843,-1.21141931148877,-1.22973699706112,-1.24589636082776,-1.25987384393369,-1.27173369086226,-1.28111626007507,-1.28811397200175,-1.29269378123397,-1.29478696868278,-1.29448970053249,-1.29180230009573,-1.28687383768154,-1.27947971153673,-1.26995685067471,-1.25842247174834,-1.24488764927563,-1.22949834024721,-1.21243812716595,-1.19387306030848,-1.173857130442,-1.15261155260558,-1.13030613605678,-1.10701726853138,-1.08292113249815,-1.05821753925536,-1.03295852704948,-1.0072974624425,-0.981424157205106,-0.95535931999572,-0.929276972613988,-0.903281522679592,-0.877339499373231,-0.851713939327852,-0.826351134427407,-0.801358092734586,-0.776811683727491,-0.752712729436724,-0.729255350305533,-0.706644726407532,-0.683955651434443,-0.661945626427228,-0.640708930887603,-0.620409586547816,-0.600940784050685,-0.5807217485141,-0.562265229873569,-0.544217186673159,-0.526800417786866,-0.510031034337811,-0.493859209630398,-0.478326659809965,-0.463380556460732,-0.449001557227033,-0.435187598494661,-0.421845905419388,-0.40907762109088,-0.39678325726633,-0.384992738123344,-0.373645825310836,-0.362805457895714,-0.352355745377641,-0.342323814043443
-0.318156053183135,-0.330589107473209,-0.343566540710563,-0.357107358708466,-0.371238535623193,-0.385989463383594,-0.401357954989203,-0.417410577683036,-0.434056412738306,-0.451353873866965,-0.46940532593702,-0.488187323821669,-0.507696798814863,-0.527947392725813,-0.548900968413913,-0.570579699446977,-0.592989238943015,-0.616181509825875,-0.639967065422487,-0.66445548889237,-0.689671261190422,-0.715497061015449,-0.741838731500036,-0.768728056598671,-0.795933774783955,-0.823483579796419,-0.851263325207665,-0.879291756453274,-0.907254346103272,-0.935105999640865,-0.962876801736162,-0.990209128307481,-1.01704370948707,-1.04316761015101,-1.06847767200486,-1.0926902810092,-1.11574713905002,-1.13760079177646,-1.15784425108356,-1.17646584487556,-1.19330693216818,-1.20829535947852,-1.2213523743466,-1.23229970309294,-1.24115397088391,-1.24766432820975,-1.25204433728441,-1.25416110337235,-1.25402544568405,-1.2517242534,-1.24716528481768,-1.24055358710692,-1.23191670866271,-1.22142678385299,-1.20893458654918,-1.19488691296628,-1.17921392178359,-1.16209981087498,-1.14361270327118,-1.12396899734975,-1.10328783347179,-1.0816281248394,-1.05921594654346,-1.036167709899,-1.01252103291038,-0.988509640091326,-0.964200226477033,-0.939693574010347,-0.915151563194202,-0.890536726347573,-0.866053648522994,-0.841752408250945,-0.817645622578294,-0.793890702356068,-0.770468583980941,-0.747510348731194,-0.724977992496365,-0.703422086012422,-0.681507203010268,-0.660234401617178,-0.639858486516329,-0.619313328428408,-0.601232334032839,-0.581911654167568,-0.563787027496634,-0.546207534401808,-0.529245894442475,-0.51288152880115,-0.497091138525592,-0.481846500092962,-0.467150559242786,-0.452986846488311,-0.439418961314269,-0.426278497488982,-0.413630582737827,-0.401458430304268,-0.389784113044687,-0.378558114764284,-0.367755940826856,-0.357353745631505,-0.347392752191974
-0.324340711858476,-0.336676261432716,-0.349531840198316,-0.362926153939197,-0.37687610616707,-0.391398503232527,-0.406513514651598,-0.422280232354416,-0.438650186253874,-0.455529343981391,-0.473047088020948,-0.491465182798519,-0.510456565817658,-0.530101812819241,-0.550400950698967,-0.571390853273258,-0.593045877835836,-0.615307867865242,-0.638210817521879,-0.661718356708714,-0.685868046189391,-0.710390265460524,-0.735522064167754,-0.761097409307833,-0.786917667481894,-0.813009019881777,-0.839265695140802,-0.86560349017589,-0.891959679830237,-0.918201124712839,-0.944192858068777,-0.969765339512834,-0.99481013924746,-1.01920220251763,-1.04281355455715,-1.06534298076951,-1.08677411235207,-1.10707094471082,-1.12587883354303,-1.14318840334042,-1.15890873176231,-1.17285202509635,-1.18497563509918,-1.19523126929437,-1.20346738648241,-1.20963811614427,-1.21374684124619,-1.21585270895497,-1.21581663646783,-1.21381324081045,-1.20978539617297,-1.20380804252112,-1.19602241789122,-1.18629143882651,-1.17493814441521,-1.16201336682002,-1.14757635046013,-1.13171568249799,-1.11461938669035,-1.09645564928853,-1.0772233899131,-1.05709704576238,-1.0362428034186,-1.01466945456129,-0.992576495848032,-0.970099420860652,-0.947220520476919,-0.924191199247483,-0.901018458766517,-0.877797935599472,-0.854667941595241,-0.831568855244305,-0.808718068602384,-0.786093817925075,-0.763769532727153,-0.741806294830692,-0.720108162615177,-0.698688239983166,-0.678903299070313,-0.657964487368246,-0.638501021734821,-0.61967794477724,-0.600664554669832,-0.582321159055365,-0.564717336556436,-0.547696422037445,-0.531171340057859,-0.515195630858978,-0.499733402182206,-0.48479216339917,-0.470418948343488,-0.456508396774477,-0.443094347775331,-0.430172349984033,-0.417744688356037,-0.405735931270478,-0.39415818289816,-0.383014388630123,-0.372319818972194,-0.362001776956331,-0.352085832509623
-0.330014400912725,-0.34223129285288,-0.354951512791049,-0.36818328318615,-0.381941233348737,-0.396238382048728,-0.411092708755756,-0.426552842900636,-0.442624691598644,-0.459556447295175,-0.47520441439091,-0.494281477278144,-0.512623862187172,-0.531621184613989,-0.551260942409076,-0.571535670858281,-0.592438064333821,-0.613859199647804,-0.635856711872058,-0.658420391962696,-0.681448105791661,-0.70493606706148,-0.728922712397151,-0.753118945582042,-0.777655730374621,-0.802386356217568,-0.827229332888089,-0.85209930272499,-0.876853325388376,-0.901531599749446,-0.925906233965089,-0.949923363536477,-0.973304605702208,-0.99611859575591,-1.01813961088092,-1.03915972837368,-1.05914076259886,-1.07799047878176,-1.09552151695801,-1.1116742890241,-1.12632262307004,-1.13925761374291,-1.15059445210637,-1.16015839750479,-1.16785453136956,-1.17363356706675,-1.17758019396492,-1.1796471626741,-1.17970142233695,-1.17799251619414,-1.17440922199167,-1.16902463662481,-1.16184669646367,-1.15297452357811,-1.14258610323121,-1.13071006966645,-1.11739601546306,-1.10271721442362,-1.08691111237508,-1.07000317850479,-1.05210870877862,-1.03340431387342,-1.01393118472847,-0.993781410556897,-0.973135786622557,-0.951997378439945,-0.930532726997438,-0.908854821909997,-0.886987035454738,-0.865095721120976,-0.843149544215064,-0.821287568660457,-0.799565244093467,-0.778026668307722,-0.75673746791589,-0.735741206204592,-0.71506553159386,-0.694971821326325,-0.675362737473831,-0.6559810439265,-0.636983558954484,-0.617739613265332,-0.599828960391354,-0.582294245601654,-0.565208648280494,-0.548631747410943,-0.532554361241335,-0.516942860654543,-0.501902853963406,-0.487278916577585,-0.473172578669575,-0.459522782842696,-0.446328535120228,-0.433634161422636,-0.421370904466889,-0.40952502048474,-0.398123891154475,-0.387107458487676,-0.376474841343709,-0.366236306356579,-0.356392309403935
-0.335256511909128,-0.34733287379824,-0.359879578911451,-0.37291987473453,-0.386467933445322,-0.400524638734447,-0.415105453916057,-0.430229841929605,-0.445903671806475,-0.462098926225357,-0.478498203535202,-0.496203826485666,-0.514130856331612,-0.532555617407078,-0.551567924249719,-0.571162953901081,-0.591262137913901,-0.611874498194892,-0.633023672557787,-0.654662894497363,-0.676688662615656,-0.699109941302711,-0.721886369151075,-0.744945391831121,-0.768228456627076,-0.79166933659256,-0.815177144164941,-0.838682669951574,-0.861985320996172,-0.88516895411772,-0.908011750847576,-0.930617834449021,-0.952608866007428,-0.973879034546979,-0.99442970740904,-1.01407830108425,-1.03275058664281,-1.05029961327857,-1.06667451398919,-1.08174437275665,-1.0953749840712,-1.10744057932152,-1.11803142129796,-1.12698021166972,-1.13415433991158,-1.13966567094603,-1.14344465908774,-1.14537138124482,-1.145584820306,-1.14410887634757,-1.14085882910275,-1.13598468671373,-1.12944010990554,-1.12132645794671,-1.11174130353794,-1.10078144869075,-1.08846718528535,-1.07496105566055,-1.06031700310033,-1.04458544808399,-1.02793881812684,-1.01052724423321,-0.992309538570931,-0.973494822489999,-0.95413525442604,-0.934297990822267,-0.914155194000773,-0.89369231707728,-0.873110011158627,-0.85239988696345,-0.831607673140451,-0.81084702853071,-0.790236097136876,-0.769747545754782,-0.749426342699661,-0.729406252055476,-0.709636184246185,-0.690253724842119,-0.671092639580117,-0.652037235843292,-0.634244395253618,-0.616262746810432,-0.598768294669326,-0.581754972511077,-0.565197208747967,-0.549059800777717,-0.533453348523651,-0.518271356632662,-0.50354574878814,-0.489282855133641,-0.475447607618474,-0.462096039897349,-0.449166808374326,-0.43665545111936,-0.424558164394814,-0.412929758829427,-0.401668790081603,-0.390775650395041,-0.380272689946439,-0.370146399206265,-0.360373520380745
-0.340037118398052,-0.351968265124648,-0.364347869824583,-0.377185150574527,-0.390489423373015,-0.404290417732499,-0.418589965765992,-0.43338699439653,-0.448690472103216,-0.464491360596907,-0.480771688842305,-0.497697222001597,-0.515084367678164,-0.532941332529586,-0.551342591693669,-0.570222310232192,-0.589616501648744,-0.609482403814595,-0.629781722917757,-0.650471155547128,-0.671574951924423,-0.692999238430719,-0.714733150683773,-0.736597724600953,-0.758694495444182,-0.780909289612495,-0.803168665914828,-0.825384897570376,-0.847397871803649,-0.86921028913568,-0.89010204051642,-0.911447715683009,-0.932470018956239,-0.9524487086087,-0.971669223894704,-0.990088391344748,-1.00754523166963,-1.02391716603385,-1.0392130998552,-1.0532935313718,-1.06598913414365,-1.07726610246431,-1.08718032131094,-1.09553542133953,-1.102280685741,-1.10748988620902,-1.11108925080944,-1.1129754242713,-1.11324155454981,-1.11195035142929,-1.10906572437294,-1.10459290033862,-1.09865989998454,-1.09123183237074,-1.08241567152135,-1.07230425550028,-1.06087319047785,-1.04837826880783,-1.03476995814227,-1.02014954464342,-1.00466929822487,-0.988384334860301,-0.971383033664634,-0.953799695534205,-0.935606674586933,-0.917011628743997,-0.898042998270012,-0.87880200877652,-0.859341492931586,-0.839701277992306,-0.820089285872065,-0.800372910218066,-0.780797221742194,-0.761299036993186,-0.741929749168172,-0.722801604077457,-0.703877565218306,-0.685302113869108,-0.666988226009644,-0.650286233435054,-0.631686479810651,-0.614141089000982,-0.597257898044095,-0.580750324536851,-0.564735050265733,-0.549100144815954,-0.533880908725632,-0.519106541565175,-0.504746417508162,-0.490830763880126,-0.477331938599642,-0.46424126969867,-0.451546019256582,-0.439294375438908,-0.427410746310691,-0.41591782982961,-0.404819140652271,-0.394098649384284,-0.383729097689963,-0.373674582200645,-0.364015058466111
-0.344380095663611,-0.356156087664768,-0.368356089327162,-0.380985538453173,-0.394059117422805,-0.407584617443154,-0.421570653528244,-0.436048328507577,-0.45099359800199,-0.466410402372822,-0.482306779871293,-0.498706182133706,-0.515553400818314,-0.532851101998512,-0.550687502213951,-0.568769341399356,-0.587531284787877,-0.606678872826592,-0.626108979824371,-0.645943328382483,-0.666158863774739,-0.686591166679307,-0.707282906399497,-0.728131506003123,-0.749114131600191,-0.770148826279487,-0.791244644405219,-0.812241431002729,-0.83304773168802,-0.85362288896071,-0.873858931863346,-0.892749250012072,-0.913060800430756,-0.931741378389306,-0.94983219388278,-0.967096946955739,-0.983426725732252,-0.998737513966824,-1.01303331160753,-1.02620355586319,-1.03805247455012,-1.04861563198413,-1.05791157918435,-1.06571920128446,-1.07207182383373,-1.07698462485545,-1.08041612363665,-1.08226005358307,-1.08263090802623,-1.0814828517136,-1.07888307671359,-1.07480907710667,-1.06936198643476,-1.06254832605178,-1.05442194227476,-1.04506148699639,-1.03453434082015,-1.02291806748909,-1.01024800564761,-0.996656972724239,-0.982242557848359,-0.967015174701116,-0.951136859486497,-0.934625508083881,-0.917580107235286,-0.900111796688159,-0.882209054760052,-0.864080901358343,-0.845716191685532,-0.827178364074239,-0.808587054710064,-0.789889665698936,-0.771298418117178,-0.752699156029639,-0.73428112668994,-0.71597763100003,-0.697914386857029,-0.680030501874095,-0.662457375626082,-0.645821410677102,-0.628239196741477,-0.611583905343172,-0.595333395838185,-0.579412536859039,-0.563859683620618,-0.54869762289115,-0.533906748412803,-0.519535226671187,-0.505576594536783,-0.491986972169335,-0.47876010522163,-0.465981316623934,-0.45357158313561,-0.441529901063191,-0.42984963339392,-0.418566541950186,-0.407619718860424,-0.397035400190361,-0.386815847343546,-0.376928921519916,-0.367336110603607
-0.348334001658728,-0.359926878229467,-0.371930767886821,-0.38434526563109,-0.39717787900629,-0.410435466761416,-0.424123658901741,-0.438245980830331,-0.452826322256151,-0.467852907376309,-0.483318810807798,-0.499234705650645,-0.515665390360572,-0.532663202528533,-0.549071658568064,-0.56714191302745,-0.585013124000158,-0.603412371692208,-0.622113620315818,-0.641154726835138,-0.660432156170194,-0.679968532407835,-0.699693878641263,-0.719553515816439,-0.739489106235898,-0.759432295192239,-0.779433125889665,-0.799286928455662,-0.818957099019067,-0.838404638976164,-0.857580134652692,-0.875986818565915,-0.894159848709075,-0.911834315006953,-0.928819069179905,-0.945019350467266,-0.960302341962537,-0.974640603040165,-0.988058459263917,-1.00034542682706,-1.01146256696282,-1.02137801068581,-1.0300810375104,-1.03741073313296,-1.04340399049166,-1.04806599587275,-1.0512800344371,-1.05310801565655,-1.05355551379719,-1.05258486557782,-1.05021472447722,-1.04652134495056,-1.04152501945496,-1.03523484049202,-1.02773931631874,-1.01907104623518,-1.00931717025226,-0.998509589609028,-0.986722259907342,-0.974080663176711,-0.96061016852701,-0.9463949887271,-0.931533696227741,-0.916033698787443,-0.900050372721779,-0.883572363487803,-0.866776017911716,-0.849678868913078,-0.832303309478668,-0.81479179601852,-0.797116242062349,-0.779438321033165,-0.761702883167366,-0.744038563840084,-0.726438969017263,-0.709013879738652,-0.69170240355667,-0.674582758423733,-0.657719500010471,-0.641298161775426,-0.625107897466675,-0.608807793897856,-0.593067939700031,-0.577677567110526,-0.562611230571202,-0.547932968788598,-0.533600169603574,-0.51961005530072,-0.505973180057855,-0.492753774567404,-0.479881350064101,-0.467347954195423,-0.455169520987874,-0.443389664042079,-0.431946427097474,-0.42083875166156,-0.410082197794882,-0.399661435460205,-0.389565589123392,-0.379790495177403,-0.370354666793648
-0.351905441590636,-0.363311985128082,-0.375097798782618,-0.387284033335478,-0.399873337751685,-0.41285969145499,-0.426245705985391,-0.44003661273208,-0.454233972851544,-0.468856763838212,-0.483895886114738,-0.499336712285238,-0.515173146768357,-0.531385850436304,-0.54794890114734,-0.564814073464714,-0.581871867700321,-0.599892510754297,-0.61783468806505,-0.63607252500919,-0.654510688672473,-0.673200186473697,-0.691991555052365,-0.710903253663757,-0.729860131371596,-0.748813009441544,-0.767740670351825,-0.786542009411146,-0.805160875343391,-0.823498387435871,-0.841483586574452,-0.85902982636488,-0.876173324184598,-0.892693656364765,-0.908557205299743,-0.923792087545183,-0.938149107081074,-0.951632356829764,-0.96417105466939,-0.975690154979137,-0.986134142623559,-0.995461314923644,-1.00359222839421,-1.01050303358324,-1.01616708331089,-1.02056003086137,-1.02363080617511,-1.02540895768991,-1.02591263908014,-1.02506609649268,-1.02295346378781,-1.01959677596808,-1.01499864786662,-1.00920254640572,-1.00226770272388,-0.994246374149778,-0.985185373222119,-0.975113902851762,-0.964151918691724,-0.952378241267738,-0.939778702938248,-0.926496789819224,-0.912537235311946,-0.898014928282126,-0.882976014012567,-0.867501421670727,-0.851679244958205,-0.835507210144329,-0.819117193229728,-0.802500996267525,-0.785773171669742,-0.768968576208543,-0.752123792713983,-0.735316969439444,-0.718513842186333,-0.701880859194133,-0.685317572175248,-0.668978203741772,-0.652806761338991,-0.637710850088333,-0.621597388464816,-0.605649574762426,-0.590465706917935,-0.575616951014203,-0.561068361740794,-0.546832828946298,-0.532884323374043,-0.519314652247688,-0.506086084637017,-0.493169835148759,-0.480575005780359,-0.468374541143221,-0.456489676502849,-0.444930412580948,-0.433680059251199,-0.422796184689862,-0.41222499551739,-0.401946417025761,-0.392002899661595,-0.382382929864866,-0.373021755679501
-0.355101711260886,-0.366322923494079,-0.377903791335351,-0.389848864375493,-0.402169055749885,-0.41487822840558,-0.427963295543587,-0.441423964738844,-0.455260839709827,-0.469473687541486,-0.484077918900269,-0.499057174002312,-0.514392817310448,-0.530066659295005,-0.546134970772127,-0.562452284662057,-0.578949662715557,-0.59611404901823,-0.613289538716153,-0.630748914663491,-0.648410970534977,-0.666272082056227,-0.684179283841197,-0.702225778959787,-0.720258055685478,-0.738278161692679,-0.7561939508538,-0.774025217009576,-0.79166100088866,-0.808968695661863,-0.825940220889732,-0.842515742150162,-0.85862847679577,-0.874193980033155,-0.889107260235017,-0.903441477155133,-0.91697929970493,-0.929610170766143,-0.941382277104266,-0.952218474635631,-0.96204204269632,-0.970757627293432,-0.978417311970974,-0.984934146162932,-0.990265040211169,-0.994403588713807,-0.997340479438657,-0.999078401763759,-0.999591415114094,-0.998880215380511,-0.99698945888667,-0.993936313303479,-0.989693009541455,-0.984354516684398,-0.977938654148931,-0.970498333507533,-0.962056779083492,-0.952687821299866,-0.942506416643079,-0.931477312376829,-0.919710041644084,-0.907247463827422,-0.894161054887814,-0.88053968846809,-0.866377578554798,-0.851844070255648,-0.836886035348186,-0.821632850046772,-0.806114582139128,-0.790384335041459,-0.774543313770377,-0.758564688706827,-0.742570281977888,-0.726524645018096,-0.710551214929998,-0.694606268585884,-0.678827349638587,-0.663133670527562,-0.647523303914799,-0.633415205983661,-0.617081464191035,-0.602228091224318,-0.587649761909535,-0.573280783762218,-0.559185697394269,-0.545385498039541,-0.53190667055757,-0.518712609863097,-0.505804558260663,-0.493250730286921,-0.480999144533561,-0.469053891948834,-0.457417155504633,-0.446128474707547,-0.435127611302605,-0.424424255057236,-0.414056143487138,-0.403977743932066,-0.394183397309948,-0.384680161080372,-0.375462602305575
-0.357948121389726,-0.368979671610002,-0.380348505653942,-0.392059388880239,-0.404116095255108,-0.416526117566923,-0.429305839407387,-0.442436221112153,-0.455915354138931,-0.469739475588746,-0.483905281117549,-0.498429432816875,-0.513284128093529,-0.528454344303415,-0.543933178008622,-0.55966879092902,-0.575850050094083,-0.59249775169833,-0.607542465588025,-0.625236460868817,-0.642219825669551,-0.659226942233727,-0.676327910915918,-0.693529391843347,-0.710704211048707,-0.727835433285797,-0.744828422869624,-0.761746556139971,-0.778425194418881,-0.794807700578618,-0.810848850718388,-0.826519331837461,-0.841741961482098,-0.856366051004545,-0.870428912036636,-0.883808513013895,-0.896622421342576,-0.908495783890104,-0.919598518926718,-0.9298031247255,-0.93898701413528,-0.947214102346273,-0.954444269472396,-0.960589781826262,-0.965602163153778,-0.969541193522772,-0.972349247588155,-0.974005444216143,-0.97453066435974,-0.973943200803617,-0.972253801323321,-0.969437934831601,-0.96554522776814,-0.960616900952898,-0.954682363767269,-0.94775989402344,-0.939896401108497,-0.93118705807838,-0.921676269327415,-0.911366465376653,-0.90035828834379,-0.888660213067048,-0.876391387930282,-0.863555539205489,-0.850269139134355,-0.83655320343931,-0.822449732906946,-0.808041402613048,-0.793337783930929,-0.778475404274508,-0.763409697653958,-0.748266347026155,-0.733001551759418,-0.71775221035918,-0.702481610879231,-0.687303850616984,-0.67220206358724,-0.657412162205846,-0.642134197505668,-0.628046416484878,-0.613109385174569,-0.598655727068178,-0.584534834056246,-0.570672346662833,-0.55705610120812,-0.543694113362574,-0.530590997285392,-0.517784341300053,-0.50527706336947,-0.493025193666727,-0.481073999961879,-0.469440886345094,-0.45808361484923,-0.447019359924516,-0.436255275706571,-0.425789391787868,-0.415589242166683,-0.405673519429376,-0.396054524788932,-0.386700113845635,-0.377604278880204
-0.360459395528122,-0.371293227576029,-0.382447396701229,-0.393924186737443,-0.405724994653384,-0.417848842399799,-0.430304967828126,-0.443103697112399,-0.456225407511842,-0.469666148289501,-0.483420155835172,-0.497484234269885,-0.511868652550622,-0.526538502533482,-0.541478588808348,-0.556668973438343,-0.572123995185469,-0.587816355435958,-0.603631615920658,-0.619331626000131,-0.636120863703902,-0.652112403321735,-0.668492338512817,-0.684840341190256,-0.701224225777437,-0.717503818351061,-0.733659211105484,-0.749698660215435,-0.765494316393883,-0.7810204358815,-0.796200539832035,-0.811001357075722,-0.82535738969991,-0.839183928203207,-0.852434394431899,-0.865052421724134,-0.877054200759633,-0.888270493617785,-0.898735565488462,-0.908294991287873,-0.916959076932959,-0.924745382624347,-0.931557001782567,-0.937321526252921,-0.94209880276351,-0.945853388911129,-0.94852073725034,-0.950119757799434,-0.950669486811311,-0.95017033743593,-0.948636307065949,-0.946059303150649,-0.942485486202755,-0.937934193970949,-0.932411360990369,-0.925970456202001,-0.918656639376441,-0.910551586854824,-0.901638549922098,-0.89200931739729,-0.88166949554682,-0.87071576890371,-0.859173284986129,-0.847123222627653,-0.834615350614754,-0.821651020001918,-0.808368321950572,-0.794707266364385,-0.78083194666967,-0.76670674813986,-0.752436242446196,-0.738014378201482,-0.723510255126278,-0.708964706097326,-0.694414603963273,-0.679900434124712,-0.665161538178576,-0.651766841399074,-0.636517186275075,-0.622915977786364,-0.609018961911715,-0.594931450553102,-0.581242003480271,-0.567821414232864,-0.554647131303097,-0.541718524507274,-0.529040735948532,-0.516609572109955,-0.504417358641216,-0.492525393937121,-0.480903910510119,-0.469542180934284,-0.4584448476968,-0.44764159198725,-0.437104317149197,-0.426823926045602,-0.416842446427628,-0.407116879138904,-0.397639928904572,-0.388447437028858,-0.379505319251738
-0.362682501829706,-0.373297623010368,-0.384229124997788,-0.395466320697614,-0.407007001227025,-0.418850910497576,-0.43099667074616,-0.443453910144838,-0.456222726279812,-0.469285876282084,-0.48263578431531,-0.496262909390666,-0.510173088063335,-0.524357151090239,-0.538781642244333,-0.553428812947207,-0.568287298647267,-0.583368992734358,-0.59862911109249,-0.613345228609491,-0.629312506059638,-0.64487213773807,-0.660574973868094,-0.676218854748771,-0.691814067073382,-0.707312573355045,-0.722683419347828,-0.73788045617934,-0.752881322471042,-0.767603334943087,-0.781942654097507,-0.795963845915307,-0.809484327584994,-0.822560984869073,-0.835100166909675,-0.846976335268597,-0.85831787434658,-0.868872872735047,-0.87870313446688,-0.887721347284366,-0.895901603896629,-0.903241734677014,-0.909650754608021,-0.915118875575947,-0.919680280576906,-0.923224024175291,-0.925759400433815,-0.927341745043472,-0.927923750300007,-0.927484563109019,-0.9260745022593,-0.92372987886532,-0.920447497772926,-0.916216494516958,-0.911091070600074,-0.905098125052721,-0.89829037986639,-0.890698364381907,-0.882373125122928,-0.873353779254785,-0.863657933611773,-0.853368335669256,-0.842520196900379,-0.831205089098027,-0.819384297221209,-0.807171215079203,-0.794566371340666,-0.781693456019505,-0.768537344581635,-0.755156257245189,-0.741588926160149,-0.727886240458602,-0.714073961177045,-0.700319475567078,-0.686109222228508,-0.673028014746675,-0.65837607408082,-0.644880763620922,-0.631253542033276,-0.617740868798015,-0.604394095092928,-0.590747748354178,-0.577667957875184,-0.564770200955329,-0.552035675435055,-0.539507403358842,-0.527209897589423,-0.515156150113148,-0.503354886704928,-0.491770976411568,-0.480427258831409,-0.469365187210057,-0.45854897792413,-0.44797829305708,-0.437677655098258,-0.427632640257966,-0.417829885030387,-0.408287312133413,-0.399002057893437,-0.389943737036324,-0.3811414261639
-0.364611250359021,-0.3750242123866,-0.385716643729739,-0.39670960347199,-0.407988357275434,-0.419550557536242,-0.431394033062813,-0.443512763069472,-0.455924532592494,-0.468611218284694,-0.481561213763693,-0.494766014901863,-0.508215328563968,-0.521919852486526,-0.535848901728982,-0.549982544784449,-0.564280694506163,-0.578754931315199,-0.593397978363252,-0.608104762415691,-0.622981668325605,-0.63723908720642,-0.652509615793635,-0.66767704659008,-0.682525503512351,-0.6972600569396,-0.711874393738792,-0.726323044891555,-0.740575598888094,-0.754503500103356,-0.768102036257177,-0.781389665658195,-0.794220983108149,-0.806503730331039,-0.818369728595876,-0.829551608747035,-0.84026527752832,-0.850259514500699,-0.859557712886898,-0.868074793059824,-0.875766234537652,-0.882683541003707,-0.888737668351373,-0.893919035203148,-0.898215325316507,-0.901588335468992,-0.904049435982809,-0.905598691195617,-0.906160441473774,-0.905812173559764,-0.904547259902192,-0.902386847799615,-0.899338039053103,-0.895420551704908,-0.890663841355463,-0.885092994024945,-0.878724266222353,-0.8716193297164,-0.863843406963062,-0.855377142755876,-0.846288901541706,-0.836571816837718,-0.826411341615257,-0.815727153735945,-0.80459767678737,-0.793051845429747,-0.781144167502621,-0.768956067603681,-0.756491896889206,-0.743797630230443,-0.730871641282769,-0.717876331517131,-0.704622141330665,-0.691538567039353,-0.678123172396479,-0.665121313402673,-0.651719878930112,-0.638558111080018,-0.6255311702354,-0.611660406477941,-0.599480103499257,-0.586895802984526,-0.574034551480991,-0.561520555676246,-0.549205471864042,-0.537091848742136,-0.525205708071486,-0.513495418741221,-0.502000826058176,-0.49075460994346,-0.479737352774121,-0.468945492883139,-0.45839425613003,-0.44809079478994,-0.438014447908596,-0.428173045512296,-0.418584913950913,-0.409225202213387,-0.400096714652698,-0.391216079953171,-0.382557929900291
-0.366259801153486,-0.376466056521872,-0.386936286295127,-0.397670325385597,-0.408685365840119,-0.419964061560651,-0.431504244810396,-0.443302212929574,-0.455357611497486,-0.467677899025764,-0.480238557347854,-0.493031504295743,-0.506045237481089,-0.519278501016599,-0.532717155897617,-0.546341115566637,-0.560126850992194,-0.574030522535193,-0.588079034532111,-0.602225320104072,-0.616473340835326,-0.630599495388245,-0.644408782532657,-0.658777267256859,-0.673303461961172,-0.687397139095251,-0.701260080979173,-0.715027900357193,-0.728533153076482,-0.741759757137898,-0.754665176306132,-0.767228408232347,-0.779376567462322,-0.791056749363588,-0.802261130534663,-0.812901301164688,-0.822905039178906,-0.832385499777954,-0.8411560982653,-0.849185185032322,-0.856476178408074,-0.863044464736808,-0.868747363987268,-0.873646867643253,-0.877717200640475,-0.88091809460653,-0.883283413201115,-0.884756944406714,-0.885353648007503,-0.88510150649079,-0.883960373525467,-0.881948838356096,-0.879122031559168,-0.87550420073932,-0.871087587628949,-0.86587654719104,-0.859922125377747,-0.853281201468393,-0.845994157805843,-0.838050232025002,-0.829503742756028,-0.820390371308318,-0.810782602555908,-0.800729920936345,-0.790221383508372,-0.779307029511319,-0.768080229149651,-0.756498009799181,-0.744706599318718,-0.732622435685734,-0.720343359533811,-0.708038632841429,-0.695403874495367,-0.683060965828747,-0.670242242638103,-0.657570690722916,-0.644814560350772,-0.632110829779787,-0.620020955215529,-0.606995836777824,-0.594690973444177,-0.582607997423372,-0.570139891545113,-0.558091698667025,-0.546218440612641,-0.534489915807034,-0.522944035278933,-0.511602251161562,-0.50046916450725,-0.489533216370211,-0.478804883328986,-0.468305351974633,-0.458012718757999,-0.447934174377589,-0.43810184512547,-0.428484616700065,-0.419080550000869,-0.40991986424976,-0.400973854898429,-0.392237301592332,-0.383738933363992
-0.367647024437873,-0.377640196253769,-0.387882013113672,-0.398371842767415,-0.409117166958431,-0.4201192284736,-0.43136221485553,-0.442843290980633,-0.454557319658054,-0.466513023560038,-0.478693679060826,-0.491083117647493,-0.503674064788563,-0.516453635084946,-0.529422726909764,-0.542550060664572,-0.555823149585683,-0.569207409220197,-0.582694535190203,-0.596262823169251,-0.609899483486499,-0.623505305558396,-0.636945668247682,-0.650298308211961,-0.663912435624238,-0.677536075236468,-0.690820667635229,-0.703991652470257,-0.716801518269912,-0.72938227449966,-0.741594884948198,-0.753522926646919,-0.765047185172671,-0.776095974305699,-0.786679379176317,-0.796745927921299,-0.806253409447018,-0.815170664472139,-0.823455706832323,-0.831049270600732,-0.837972496042981,-0.844159926398022,-0.849574200038292,-0.854265488342084,-0.858128951210917,-0.861161911189682,-0.863408663919079,-0.864830188416673,-0.865467224360582,-0.865251580454186,-0.864218195540013,-0.862396731292211,-0.859778239325731,-0.856397729358029,-0.852273263615467,-0.847422931979827,-0.841866751984329,-0.835640220974994,-0.828789352901937,-0.821342868648177,-0.813300233674322,-0.804748845752692,-0.795675363018402,-0.786158412800572,-0.776250542759801,-0.765959955835943,-0.75530837000171,-0.744357832313279,-0.733145456986803,-0.722063547846941,-0.710247409843333,-0.698286314275542,-0.686266949518476,-0.674334234268143,-0.662283467238427,-0.650105175083169,-0.637920980047882,-0.625772449600583,-0.61396503954021,-0.601869356419658,-0.589721794119382,-0.57799633906601,-0.566031711307646,-0.554692088845296,-0.54313439701955,-0.531677951899378,-0.520528580649326,-0.509548606551408,-0.498708869828539,-0.48809728060922,-0.477664762586013,-0.467427030658699,-0.457406341826805,-0.447589497540546,-0.437971094553765,-0.42857118949894,-0.419384376577107,-0.410395985365593,-0.401625781702725,-0.393066996354574,-0.384702379268259
