0.157589492634457,0.159441961498397,0.161274198830793,0.163084184663484,0.16486151836688,0.166611222517177,0.168320021359426,0.169989748000372,0.171614108048835,0.173188881515931,0.174715744874643,0.176176451593726,0.177576768147278,0.178917166940741,0.180181167672034,0.181356740687551,0.182459374061202,0.183488642046798,0.184474715046717,0.185269096427155,0.186018105915593,0.186683459457891,0.187248495468774,0.187716461057057,0.188075811748317,0.188325843292523,0.188467517431444,0.188506515711059,0.188515691435537,0.188378184346006,0.188110150312927,0.1877796485192,0.187356352626209,0.186846036714991,0.186254155984579,0.185585779103922,0.184849309857432,0.18404845052753,0.183188314961043,0.182276381606715,0.18131935313969,0.180323818464,0.179291076012803,0.178232497063043,0.177153704155071,0.176060845672836,0.174957255777152,0.173846670860949,0.17273646115658,0.171630900990046,0.170528623615763,0.169435364142047,0.168352378456236,0.167284501427213,0.166237675591161,0.165196455486334,0.164169364424267,0.163154772152595,0.162148850158692,0.161158069124185,0.160174487801055,0.159195715867583,0.15822054784729,0.157244291170073,0.156274310779477,0.155292860633789,0.15430635709783,0.153313538082755,0.152304623342235,0.151283057063729,0.15023818552011,0.149185595891149,0.148159602821081,0.147046753426906,0.145854101580402,0.144702382800642,0.143556685865075,0.142360791807357,0.141143417133604,0.139896489653159,0.138626448076316,0.137334905774094,0.136020069582198,0.134684054429299,0.133325161735723,0.131947805408559,0.130551377071142,0.129136273970449,0.127703894321616,0.126256342035824,0.124800823193174,0.123328771954066,0.121857473466871,0.120386380562013,0.118877341589533,0.117380335385573,0.115881714222579,0.114378850254572,0.112876158258993,0.111377229423301,0.109878833653835
0.15910366465624,0.161029237718659,0.162935750923831,0.164817755312338,0.166669140577061,0.168491792317051,0.170274241403972,0.172017364628204,0.173716548004112,0.175366384682551,0.17695940122751,0.178487039209561,0.179957453475172,0.18135983027281,0.182677343919211,0.183913705073452,0.185073242717127,0.18613291218863,0.187043983597509,0.187893150269927,0.188809192431395,0.189492088885926,0.190077126021712,0.190554472332012,0.190919523281384,0.191168869430147,0.191308775685792,0.191359544279337,0.191308242511151,0.191152581289482,0.190867893981142,0.19049075886589,0.190021034641855,0.189461103448657,0.188815058687388,0.188088155684416,0.187288543521326,0.186416997462683,0.185486848035138,0.184503494586854,0.183474062499404,0.182404574725346,0.181298312595331,0.180168716740884,0.179020274857838,0.177860405565081,0.176690807727112,0.175518507830487,0.174351803443389,0.173192519933324,0.172040969136094,0.170903027546574,0.169782908886518,0.168680532022455,0.167600543615581,0.166531293996277,0.16548221016171,0.164448804807764,0.163436507020264,0.162428578440227,0.161436356751331,0.160454560839406,0.15947660768943,0.158502108979734,0.157523936632086,0.156548098365063,0.155562377532834,0.154564877888101,0.153554450925004,0.152519748549225,0.151459261280933,0.150391013692894,0.149270066239372,0.148312067193232,0.147159417217213,0.145943719653201,0.144751882895973,0.143543481066777,0.142305664817049,0.141035601764551,0.139746444536162,0.138428905094738,0.137086683419482,0.135722375088635,0.134333196223023,0.132924539669402,0.131491511269829,0.130044556057183,0.128578615486109,0.127094103120593,0.125604524079158,0.124102735917415,0.122593527178542,0.121129733167481,0.119537403503999,0.118003521812009,0.116468545339028,0.114928575593289,0.113392192691635,0.111854977725098,0.110321519384716
0.160634884297133,0.16263436776202,0.164619372029924,0.166576163103257,0.168507913301301,0.170407951308372,0.172273807182352,0.174093304332626,0.175871853030546,0.177594651903053,0.179261946329751,0.180860946983584,0.182410271692746,0.183874593081662,0.185250423281454,0.186557435415321,0.187754978252022,0.188876004114645,0.189923945037106,0.190889782929386,0.191691580286903,0.192407925041272,0.193006008227493,0.193495271241889,0.193872489527688,0.194120524973945,0.1942598226346,0.194299948016988,0.19422550709609,0.19403407337585,0.193716563065041,0.193298976789243,0.192775264105479,0.192160498655175,0.191454725504445,0.190664037646697,0.189791754727896,0.188846685238428,0.187838893656431,0.186777861487845,0.185669556087881,0.184517273869155,0.183331576986551,0.182123887996165,0.180899037117904,0.179665561894535,0.178424497805583,0.177186313280315,0.175958653036429,0.174742303343368,0.173539793365792,0.172353003150162,0.171193865530785,0.170058838559921,0.16894360916758,0.167849793474574,0.166782971547088,0.165733001519617,0.16470328132068,0.163695549290914,0.162698191091712,0.161709913421279,0.160729742820131,0.159758094824685,0.158782911435004,0.157805089180288,0.156821444045748,0.155828981364093,0.154819641273978,0.153796182523178,0.152785722762348,0.151699492370125,0.150597529573003,0.149553263789524,0.148369613494537,0.147178008028664,0.14597626058917,0.144753392179187,0.143488856210084,0.14220549577344,0.140890550784425,0.139547330138746,0.138178278477977,0.136784037970798,0.135362748272265,0.133920719164301,0.132453872425828,0.130969145189107,0.129465430404693,0.127953129069199,0.126426099754551,0.124881414749129,0.123322687549738,0.121827056249132,0.120199712352305,0.118632883666423,0.117054787698209,0.115478732386411,0.11390415156515,0.112330100151182,0.110761990810477
0.162174862660759,0.164256581407798,0.166321600766029,0.168365752850735,0.170378935542247,0.172365296818051,0.174309767775184,0.176216307379697,0.178073243713362,0.179878188784347,0.181616313378157,0.18330681788457,0.184928775845246,0.186459568376327,0.187923499892301,0.189285564460176,0.190523551642621,0.191715514596705,0.192831498946185,0.193814751654985,0.194670262795872,0.195419952923057,0.19604914753218,0.196555138506191,0.196937734784967,0.197193971261432,0.197325972116956,0.197357035090537,0.197254736169099,0.197020009382432,0.196670371740345,0.196208083428645,0.195631559501694,0.194951680513317,0.194180573052076,0.193315878014773,0.192365632815481,0.191339717626807,0.190247459339989,0.18909973161627,0.187903329931755,0.186661246766153,0.185388880048437,0.184095326176328,0.18278736589412,0.181472536287866,0.18015475261856,0.178847001683419,0.177552563650007,0.176275020284754,0.175017582701815,0.173781903611969,0.172583637325042,0.171409963824799,0.170262802070678,0.169145202246707,0.168057127980346,0.166996727471251,0.165957859064981,0.16493927370195,0.163939059911187,0.162955303463027,0.161980201635523,0.161009463622459,0.16004307155612,0.159072605897181,0.158095052988028,0.157107182056227,0.156104822997715,0.15508587084968,0.154050848580974,0.152988882283125,0.151908504378475,0.150842637800051,0.149633959769665,0.148442254356237,0.147233398204631,0.145984667539679,0.144708818593395,0.143401087480512,0.142063534935699,0.140692736708491,0.139297017121929,0.137870522302907,0.13641763788841,0.134935256260469,0.133434085422126,0.131913124001433,0.130377354925381,0.128828255070449,0.127262453129122,0.125677543539446,0.124098081948413,0.122502187948906,0.12087502990628,0.119260139705456,0.117644278045297,0.116030519503972,0.114413353497916,0.112801462478252,0.111191127093895
0.163733494176093,0.165901486660934,0.168050792465404,0.170180843353588,0.172280824146679,0.174353815183898,0.176386749810081,0.178379609103423,0.180331676979681,0.182220436661897,0.184054860002723,0.185821966580548,0.187524294229575,0.189117830791491,0.190631303739981,0.191968397977677,0.193638070909455,0.194731409945373,0.195846066493558,0.196861538308061,0.197766583256813,0.198550142679863,0.199212874272364,0.19973870341,0.200125249176267,0.200391309760313,0.200514243346861,0.200531571276921,0.200401686879535,0.200129613049087,0.199736908892762,0.19922471507265,0.198590774830714,0.197845250603974,0.196994573170689,0.19604937318025,0.195014457885613,0.193899650168327,0.192714781149419,0.191471739589737,0.190174457269212,0.188835297300115,0.187468828471091,0.186081090356964,0.184683309355709,0.183278028657895,0.181878400492456,0.18049452031621,0.179127471069886,0.177785190236398,0.176468213056633,0.175186894011721,0.173942042399511,0.172730166494688,0.171552010567087,0.170413438235915,0.169307762157867,0.168233055416559,0.167189132191146,0.166169942504236,0.165172380114986,0.164191156192571,0.163223256468957,0.162263101068698,0.161304370049676,0.160346628995024,0.159379978941863,0.158402417059332,0.157407750056044,0.156392117249934,0.155359119584137,0.1542948148423,0.153184396484889,0.152103814446911,0.15092606150687,0.149738854441184,0.148516134315966,0.147251148977563,0.145957886255554,0.144629077230008,0.143265043323407,0.141869167643076,0.140442789772131,0.138978855116201,0.137494876619004,0.135975179504849,0.134436678496603,0.132882856775784,0.131309262836226,0.129720662811417,0.128104654203919,0.126483122139182,0.12485210812507,0.123206148391839,0.121547899579143,0.119891873026283,0.118234335330018,0.116576990655998,0.114920514419321,0.113266845119417,0.111615886042291
0.165304993205671,0.167557500967754,0.169799194678741,0.172016557506463,0.174212055457632,0.176378057791381,0.178506918970902,0.180597083509811,0.182639027716798,0.184622062370075,0.186543145533398,0.188409077767976,0.190184615075956,0.191862656649416,0.193462818461201,0.19497148721832,0.196316959473358,0.1977185325869,0.198963088866756,0.200027812358583,0.200983153069972,0.201803187628937,0.202505786170673,0.203050516643958,0.203452799721499,0.203714719066138,0.203839357428643,0.203831020946935,0.203676186373744,0.20336949311339,0.202925938393481,0.202358647165843,0.201661838075808,0.200840714898398,0.199905443433418,0.198871379030728,0.19774312771203,0.196530447915942,0.195243267843631,0.19388965945188,0.192485742370341,0.191041431315178,0.189569919576419,0.188079282964712,0.18657869468708,0.185076951919165,0.183590923398161,0.182122115509121,0.180679740046321,0.179265185054991,0.177889085257758,0.176555586270569,0.175262683829705,0.174012876225082,0.172807307721319,0.171646249429178,0.170524351896268,0.169442028125291,0.168393692128976,0.167378345137978,0.166387989427147,0.165417211418136,0.164460543009077,0.163516142639262,0.162567033577682,0.16162611591177,0.160676740077224,0.159708607444581,0.158729548153094,0.157727014471558,0.156696693580072,0.155638068263039,0.154544581368392,0.153496780277849,0.152287220719551,0.15107231380555,0.149830181041178,0.148555473509249,0.147242227312351,0.145890767203403,0.144499595929514,0.143078871099415,0.14161471175498,0.140124489068184,0.138596173242762,0.137045608083054,0.135464966546165,0.133876115053514,0.132261156553058,0.130621361095002,0.128963344444928,0.127298593722687,0.125616583181841,0.123922377976542,0.122225606067566,0.120526002871592,0.118825601876753,0.117122655759337,0.115421098759221,0.113724688824155,0.11203175504489
0.166879278684948,0.169229996954446,0.171564530094559,0.173884808096061,0.176175058891433,0.178442490471024,0.180667844511152,0.182859419815217,0.184998566787834,0.187077920677921,0.189111078535649,0.191104191182505,0.193015642208462,0.194703715137902,0.196414545088722,0.198035280576834,0.199558988271511,0.200923061634985,0.202194938020549,0.203329909281237,0.204327267881796,0.205195315841325,0.205927499394299,0.206502595322277,0.20692670893042,0.207187007958488,0.207287432990406,0.207273059780677,0.207090281394749,0.206746825514391,0.206254333007485,0.205619391453994,0.204847312687358,0.203946549071219,0.202921803427094,0.201788351285506,0.200557720163338,0.199235980930033,0.197828430479925,0.196359614428094,0.194837363658867,0.193278294885464,0.191689803283736,0.190083417614024,0.188471135102356,0.186868283938012,0.185284004331184,0.183724636161509,0.182196968992822,0.180709314096675,0.179270331410718,0.177877594556722,0.176540011862985,0.175251820340779,0.174019825461837,0.172836174124941,0.171704573253085,0.170616512172121,0.169569893442722,0.1685606703945,0.167581104296867,0.166623962569409,0.165686525437835,0.164760382119616,0.163837446970771,0.162915244114967,0.161980869780463,0.161039303138116,0.160072367140294,0.159084813404288,0.158068207656945,0.157014654657833,0.155926383822691,0.154811317300113,0.153644978794322,0.152436365803527,0.151190520726488,0.149898949353437,0.148565004009082,0.147189091355671,0.145773223730423,0.144317242383571,0.142818725152271,0.14129063941845,0.139725243460981,0.138137040357499,0.136527724295929,0.134891092392156,0.133222232399761,0.131541510689987,0.129833654600683,0.12811927546745,0.126390529584802,0.124650194976276,0.12290708180703,0.121161662360424,0.119413091065241,0.117663921643565,0.115920054742811,0.114177035162195,0.112445907473472
0.168469726676502,0.170916195370527,0.173351335357414,0.175768955987485,0.178167241529818,0.180533106192275,0.182867898832179,0.185168738368056,0.187409199622213,0.18959835027354,0.191718843663129,0.193754324252578,0.195777687146511,0.197552064372101,0.199463195281266,0.20115676562285,0.202753923809284,0.204210548457021,0.205555676901447,0.206758096631367,0.207821079416409,0.208734300294198,0.209497232254912,0.2101045032525,0.210561845841416,0.210926789248721,0.211100918843477,0.210885320500525,0.210653803490899,0.210270267307971,0.209721210242398,0.209013088820435,0.208162470318943,0.207173039903729,0.20605048972999,0.204808321240819,0.203461597178752,0.202012383314725,0.200481074596993,0.198883484951781,0.197233463065873,0.195544109119265,0.193821763495111,0.1920895734038,0.190357155642057,0.188642743801949,0.18694945970404,0.185291688295784,0.183672641417335,0.182109961857529,0.180597075817775,0.179151664444847,0.17776556100277,0.176442183738585,0.175180237832282,0.173978619162594,0.172836487108987,0.171747471974445,0.170711318213745,0.169715532347488,0.168749994747613,0.167815915566842,0.16690360368619,0.166002255487263,0.165105872735569,0.164209090451404,0.163302784013072,0.162382830824769,0.161439808748803,0.160471808656494,0.159465185246185,0.158423074447966,0.157377399828526,0.156307428888632,0.154969886624035,0.153849276297802,0.152588138688262,0.151282614645462,0.149927424072823,0.148525971863384,0.147083254845199,0.145590881067456,0.144059056110309,0.142489152910126,0.140885703032941,0.139264560968159,0.137610037127839,0.135926687788845,0.134203810126152,0.132473611899759,0.130721011136876,0.128950324233348,0.127171583091373,0.125384199024581,0.123594006431366,0.121797578984759,0.119999235804396,0.118201329034365,0.116409987378206,0.114626875156399,0.112852594131585
0.170061289811627,0.172607816420609,0.175147688753481,0.17767606251858,0.180181744610228,0.182664009661599,0.185112110551807,0.187522017315035,0.189879497000638,0.19217553287828,0.194415037978376,0.196577192032842,0.198654119344594,0.200683584576108,0.202610103591112,0.204392935497662,0.206072106980774,0.207624477745826,0.209046311577323,0.210323862178449,0.211449825278932,0.212425583050772,0.21322958959705,0.213855378421977,0.214319786869149,0.214729761634465,0.214673317138049,0.214643799948903,0.214378830074393,0.213944526346536,0.21333659769687,0.212556668008555,0.211619015099494,0.210531765001918,0.209302004400314,0.207933360574518,0.206456167651147,0.20487338320025,0.203204332295733,0.201463846418536,0.19967099125815,0.19782682000505,0.195966188414971,0.194092932669125,0.192233583432791,0.190390473979975,0.18858230097164,0.186812136948458,0.185103599932014,0.183451004992937,0.181870179593476,0.180361226842767,0.178924035183264,0.177562611727258,0.176275210782698,0.175064621327817,0.173918975629069,0.172835710830397,0.171807390754496,0.170828724882027,0.169885681026469,0.168986096966368,0.168104921606079,0.167236428335964,0.166379381839121,0.165509506353058,0.16463878525602,0.163749425196878,0.162832372053692,0.161883470194831,0.160899513975005,0.159872492109851,0.158824199657249,0.157734138062523,0.156521777009258,0.155295641424668,0.154033729310239,0.152712131505783,0.151335672647773,0.149907962531022,0.148427895119604,0.14690119693033,0.145332249913755,0.1437216566335,0.142084788135678,0.140409267172088,0.138708392541024,0.136993145830249,0.135196635215232,0.133428026656608,0.13161045013725,0.129796451136311,0.127962383483853,0.126124968003321,0.124280971822845,0.12243241259715,0.120582861145097,0.118736350943402,0.116895949541087,0.115063906999359,0.113243259111312
0.171656708792372,0.174314404687491,0.176965336526888,0.179602985124937,0.182228520475443,0.184821392516884,0.187392332647036,0.18992314168212,0.192396869861406,0.194817711198196,0.197182415722704,0.199439648928453,0.201847322282787,0.203766813914464,0.205835449515967,0.207736165675822,0.209517403399834,0.211173111917267,0.212678351724027,0.214046172697904,0.215236729065685,0.21627788181716,0.217127598287395,0.217776796319783,0.218225921099361,0.218477912576343,0.218689981096089,0.218585636947696,0.218289242229905,0.217798466503584,0.217125442449285,0.216267163755915,0.215227231539535,0.214031040765412,0.212674686393359,0.211175391691426,0.20955598815605,0.207827046739883,0.206001767025074,0.204100674591409,0.202137352138953,0.20013822002617,0.198117308559938,0.196096410416739,0.194088233132221,0.192107737876935,0.19016563740742,0.188286999759701,0.186469449855253,0.184726765815745,0.183067611000375,0.181493997904335,0.180009323177276,0.178615280488966,0.177304640609062,0.176081359492221,0.174935691587361,0.173863180462644,0.172856917589283,0.171906160017506,0.170997717256706,0.170134831699101,0.169291099735205,0.168466119763974,0.167647351197063,0.166823868602723,0.165990778418763,0.165135680002667,0.164252263670718,0.163336764882307,0.162379300664648,0.161379393190847,0.160331604828161,0.159223248878962,0.158062980697305,0.156820238342463,0.155525654824628,0.154190533021039,0.152793367949944,0.151332747468532,0.149824536961865,0.148265062010591,0.146650899810123,0.145001967677838,0.143316607780239,0.141585155015003,0.139788911659037,0.1381087817523,0.136182936515666,0.134433121835573,0.132521230831568,0.1306501470572,0.128763793498405,0.126872282400216,0.124970672433439,0.123066299918186,0.121164260337221,0.119265801056332,0.117378215169832,0.115495764613864,0.113628859670077
0.173253604584336,0.176019541029551,0.17878616648533,0.181544517018858,0.184287388096694,0.187011044026282,0.18971549187813,0.192362954740732,0.194971233779301,0.197532910286547,0.200035373366719,0.202413645043879,0.204715484095634,0.207039388855531,0.209178056388696,0.211206142138887,0.213096683925568,0.214865198172249,0.21646353249001,0.217921361905729,0.21919499584027,0.220297758695863,0.221200519189216,0.221897099311577,0.222416968051181,0.222768451193432,0.222857225414736,0.222732298813098,0.222391975508088,0.221839702849318,0.221097968461173,0.22014666454276,0.218999152918269,0.217682225282314,0.216193072853393,0.214547558957934,0.212772485725412,0.210872813416498,0.208866885114876,0.206787270961343,0.20464668849373,0.20247059583263,0.200276235184614,0.198086506761197,0.195913469431793,0.193779168076859,0.191699582884716,0.189691356070565,0.18775778125207,0.185920965719151,0.184180420225574,0.18254052927234,0.18100440561245,0.179570508104953,0.178251964970861,0.177018025914975,0.175877466758212,0.174826470747044,0.173848604080821,0.172933117717,0.172070402361019,0.171251006556482,0.170459146015468,0.169685653132322,0.168922207950558,0.168150577350816,0.167365735635008,0.166555979762219,0.165715150005255,0.164831006373935,0.163902708209095,0.162929167134661,0.161895463283,0.160780119756477,0.159628145123354,0.158401260007759,0.157075649977591,0.15572777377746,0.154295863529628,0.15281984280101,0.15126822284118,0.149663127802026,0.148011193565522,0.146325313405174,0.144580497901529,0.142805727403392,0.140995461190028,0.139168396469622,0.137227959266752,0.135482199965981,0.133447932837202,0.131516908509079,0.129573439822899,0.127621488545243,0.125659722766424,0.123699011247133,0.121743822353842,0.119791186454932,0.117848889447273,0.115919138647382,0.113997488343648
0.174841911494591,0.177729079884051,0.180621095231996,0.183502775288859,0.186376840779129,0.189234989674075,0.192063695454458,0.194853938639871,0.197598284767315,0.200292481032225,0.20292272251135,0.205465396291481,0.208017258408307,0.210372619023306,0.212642138284222,0.214800153610893,0.216814651177153,0.218692584015643,0.220410173750838,0.221960435994515,0.223334735080908,0.224504583953764,0.225474765596602,0.22621792882404,0.226787082285507,0.227124245687955,0.22722292911514,0.227074277257752,0.226703827990916,0.226092885508659,0.225262508348223,0.224216534418397,0.222958248109119,0.221505322523568,0.219869564571927,0.218054467479776,0.216098313949503,0.214007440658113,0.211813531705286,0.209534285156939,0.207199256973348,0.204822466759537,0.202436325980533,0.200054132833915,0.19769963387524,0.19539163369812,0.193162661823431,0.191009350737879,0.188958255585279,0.187013849642023,0.18518138374732,0.183482410104092,0.181897164342194,0.180435983701562,0.179090379699363,0.177858674846179,0.176739657885576,0.175716973095656,0.174775603832808,0.173907317299832,0.17310218317067,0.172345204008638,0.171611004207186,0.170901583434484,0.170199637815232,0.169490680295921,0.168762400905374,0.168008737607006,0.16721226268776,0.166369179005739,0.165475842170397,0.164540328679981,0.163524438990749,0.162385355011237,0.161198811408899,0.159969702821293,0.158691155707582,0.157326994674483,0.155869494921402,0.154349022848007,0.152764381509127,0.15112226516806,0.149435673556778,0.147684881503937,0.145897398021631,0.144062298749145,0.142191003956873,0.140298981064064,0.138351807106625,0.136413599117052,0.13439862998095,0.132398525444281,0.130394984983957,0.128371839407488,0.126351068015087,0.124336873001997,0.12231628826951,0.120311642311803,0.118315801726506,0.116328596709275,0.114355021928101
0.176427018422169,0.179436972960473,0.182451769054101,0.185468743559598,0.188476560288161,0.191470454242575,0.194445645057634,0.197376213060073,0.200272204098387,0.203112653252141,0.205909060572481,0.208631270430805,0.211264102172451,0.213800093720465,0.216220760805443,0.2185141810131,0.220680738682813,0.222680460733044,0.224529673118721,0.226183280649361,0.227659848882452,0.228911632419133,0.229959998464934,0.230772927590834,0.231370600030126,0.231725217245737,0.231824502369744,0.231646224016986,0.231243115876575,0.230569977904034,0.229650948190882,0.22850310078417,0.227114378848453,0.225507632348321,0.223700092087349,0.22170339677216,0.219551300026843,0.217258198810856,0.214846835184489,0.212353406460045,0.209788897248185,0.207193573042663,0.204580658409633,0.201985971612307,0.199429186928323,0.19694110105599,0.194539762421454,0.192241370985759,0.190048372147208,0.187998514827972,0.186078149505332,0.184299367989591,0.182668511003834,0.181172545305087,0.179823232608295,0.178596409076516,0.17750115694166,0.176517306995074,0.175629492438131,0.174821172964068,0.174082514388551,0.173391957232807,0.172739753517016,0.172110546179858,0.171488188002464,0.170854090234866,0.170196154383571,0.169504316999634,0.168763985041618,0.16796957679427,0.167109842895691,0.166176556587319,0.165315304918102,0.164078289468413,0.162899502149395,0.161763919351212,0.160412132125859,0.158992933085688,0.157494823604939,0.155944023586241,0.15432465550332,0.152642735460698,0.150898851814322,0.149102559635869,0.14724809680688,0.145358797664235,0.143423576716626,0.141475020731896,0.139456357594222,0.137415303427718,0.135358456198382,0.1332931289651,0.131212287064043,0.129129981338891,0.127048540230038,0.124962012634667,0.122889581652603,0.120823233317308,0.118765290731966,0.11672345927715,0.114695305671295
0.177994868859811,0.181134293292622,0.184286393383406,0.187444735811734,0.19059510368007,0.193743187871466,0.196867675744243,0.199944910438943,0.203012503431622,0.206015125518684,0.208974191179948,0.21185956983144,0.214643006607776,0.217344987558305,0.219928731458098,0.222373910294994,0.224691973281387,0.226831738290989,0.228814472060766,0.230595965913784,0.232182821859816,0.233543480185988,0.234665998313266,0.235549256165012,0.236201239725659,0.236567129866565,0.236674385750093,0.236485395900868,0.236031400540427,0.235296808514896,0.234276579388288,0.233010672655016,0.23147821191723,0.229708763982747,0.22771918529013,0.225520800423268,0.223154514528512,0.220629453070765,0.21797775728164,0.215229449672941,0.212414865637822,0.209558266118066,0.206709444335306,0.203879436618706,0.20110207781981,0.198420605071708,0.195832873452256,0.193350633266231,0.191014734660233,0.188837182349317,0.186819443305137,0.184968457961793,0.18328664808803,0.181769597417886,0.180413866761303,0.179212267399348,0.178158774638444,0.177223104151278,0.176399847272008,0.175670470361425,0.175016225962704,0.174418503680912,0.173855800853921,0.173314031861415,0.172786560350502,0.17223949814416,0.171658841144756,0.171043628727597,0.170368007840529,0.16963654583302,0.168795078147486,0.167904274631239,0.166972142844927,0.165885675015333,0.164797503399619,0.163459786010904,0.162145353074671,0.160739631591744,0.159191444680105,0.157613821543262,0.155948537042844,0.154220117286787,0.152423669053654,0.15056787031853,0.14864745876675,0.146688051723954,0.144690629621381,0.142649287979728,0.140571203320089,0.138456180704638,0.13632863916711,0.13419313301888,0.132045208878736,0.129890009733111,0.127740091080396,0.125589427138313,0.123449795494329,0.121325354343028,0.119203694757343,0.117097310192771,0.115012753429992
0.179547823673892,0.182824231726836,0.186114793749267,0.18941416055823,0.19271934491642,0.196025713542684,0.199320272942357,0.202521145831223,0.205781085543431,0.208973366950526,0.212101976196087,0.215160432944629,0.21812310986366,0.220993413784711,0.223748669522731,0.226376911096766,0.228852824483831,0.231164598434469,0.23329327259414,0.235215215897815,0.23693280959649,0.238395388879761,0.23962373945388,0.240581563768427,0.241288481215156,0.241694256182049,0.241795660900183,0.24160136940546,0.241089096325102,0.240289118245964,0.239166535749452,0.237775190001454,0.236089593360702,0.234141261334123,0.231951334685677,0.229523492390962,0.226906414089718,0.224113768536562,0.221193420579058,0.218165435257237,0.215070219100906,0.21193696711885,0.208819405592656,0.205720229001584,0.202706819711778,0.199780418707054,0.196978670272208,0.194313527687807,0.191819371481445,0.189512352364953,0.187391877588373,0.185470492958405,0.183748027161171,0.182206403994358,0.180855455900055,0.179687320179363,0.178679055257575,0.177814731717339,0.177074949753456,0.176439654441566,0.175884457797785,0.175398902994125,0.174951923468581,0.174518103726006,0.174094857370792,0.173650886686113,0.173164754309098,0.172630963402331,0.172033669887731,0.171391915197995,0.170697635209087,0.16975896344448,0.168798237693824,0.167753081783575,0.1665927640619,0.165261664167212,0.163943021938912,0.162534899329116,0.160977911056202,0.159363500678604,0.157651933392606,0.155867661732676,0.154010476099622,0.152078384135797,0.15009792489739,0.148065664797574,0.145999203559865,0.143861930136485,0.141710935576628,0.139515900722582,0.137314645316829,0.135100864147456,0.132876277608575,0.130659262302465,0.128425761704937,0.126211562674499,0.124010882376492,0.121804836037638,0.119621617447791,0.117456937462019,0.115311346995344
0.181075493567869,0.184492690480238,0.187930322913726,0.191384834040989,0.194855506485659,0.198328242706433,0.201667577517045,0.20512044929123,0.208625171558977,0.211990507304405,0.215304578291015,0.218548976275461,0.221706413232421,0.224772845969686,0.227705626677851,0.230530378063431,0.233186122766445,0.235671571534938,0.237974488859836,0.240048378736401,0.241905907259748,0.243503389017634,0.24483899553581,0.245875926428429,0.24663837540745,0.247098880361015,0.247224835041261,0.247013879723904,0.246456323304796,0.245581935606791,0.244361030917701,0.242827559829062,0.240968480345996,0.238815365460027,0.236388080373937,0.233712309642014,0.2308245307173,0.227751325167453,0.224513896318246,0.221178769234836,0.217764986032972,0.214324231308178,0.210907881113737,0.207506647190641,0.204201547582109,0.201007355713,0.197969763690758,0.195100335193098,0.192436674852533,0.189991509660548,0.187771504611043,0.18577245998818,0.183999648554075,0.182455309905599,0.181126294887041,0.180004090443222,0.179063380606983,0.178284582334073,0.177648446443872,0.177130519102575,0.176705549407507,0.176345467831072,0.176026982004167,0.175729730838027,0.175428481109267,0.175101833729029,0.174726385192107,0.174290487905704,0.173774705439706,0.173166525883373,0.172407326639826,0.171670041202587,0.170750664082361,0.169730317021298,0.168595809679445,0.167343805914821,0.165927030784058,0.164537028232415,0.16288853183779,0.161185836767336,0.159433277458729,0.157584605895996,0.155655909307756,0.153652399069258,0.151596036223374,0.149487662500009,0.147317942373507,0.145109184079498,0.1428602356846,0.140592921161736,0.13831252409949,0.136014710612578,0.1337163656623,0.131414328865542,0.129114669294338,0.126831745807153,0.124543597872545,0.12227220247953,0.120027006337761,0.117794558617847,0.115584300813612
0.182575700268037,0.186135700492212,0.189728317330671,0.193344903129481,0.196967242038533,0.200586790027404,0.204210973363262,0.207888295384143,0.211485750329676,0.21504422394668,0.218559532148421,0.222011778189034,0.22537953927747,0.228647621964536,0.231798619435351,0.234817661569255,0.237679604873631,0.240369735532484,0.242847789166914,0.245118601372726,0.247120559809128,0.248892262285442,0.25039279453705,0.251529240882881,0.252211993140167,0.252843253630152,0.252983155483967,0.252765845712821,0.252159137948075,0.251206030958259,0.249865706415415,0.248177121313019,0.246132351477696,0.243761753947733,0.241089040328085,0.23813982719359,0.23494422614565,0.231524444950252,0.227968337805839,0.224273006511309,0.220495009748307,0.216700531627275,0.212920015001072,0.209190733820025,0.205575127386457,0.20209624972136,0.198795690647158,0.195717456586365,0.19286725578595,0.190267849606464,0.187926298444524,0.185850475419389,0.184038573351892,0.182491703302554,0.181196708675545,0.18012949401501,0.179274277386009,0.178605058962668,0.178095573922969,0.177718215485057,0.177444228182589,0.177240437858502,0.177084361306085,0.176937192225605,0.176785741193113,0.176593190369533,0.176344925336123,0.176018158333605,0.175606889187978,0.175090204051744,0.174441713544206,0.173686944699712,0.172816150992106,0.171808026419104,0.170671464776326,0.169404646079738,0.168025255643384,0.166518680261629,0.164931774399788,0.163108912585796,0.16129164706681,0.159371250280953,0.157359440821285,0.15530019027922,0.153150243325921,0.150950084550147,0.148680793092652,0.146370114922991,0.14404187511231,0.141697828688885,0.139321925254554,0.136942454157814,0.134555473719108,0.13217184227763,0.129796960625163,0.12742341882606,0.125065057410468,0.122727065964224,0.120405496834004,0.118105525549035,0.115830688153768
0.184035069072876,0.187749739315826,0.191506546627818,0.195286521406681,0.199085305361251,0.202904232631492,0.206732666011589,0.210574134093305,0.214384333610626,0.218153823290682,0.221873870651229,0.225558354882392,0.229139389161407,0.232641130497131,0.236034159928964,0.239276875652414,0.242354554874642,0.245270967656093,0.247951372799033,0.250415490262522,0.252601631885436,0.25449426371795,0.255912025535327,0.257755048453607,0.258632907216338,0.258964376318664,0.259099207015587,0.258884995741227,0.258231576510687,0.257199978613081,0.255737236167035,0.253888618295337,0.251642357535551,0.249034909107538,0.246097977968865,0.242811228545127,0.239283107516011,0.23548124176338,0.231514620419387,0.227433118292703,0.223248877059543,0.219043570607837,0.214855154929804,0.210756311257275,0.206778248444797,0.202975063662091,0.199396638908291,0.196065718118602,0.193012748267644,0.190254792984772,0.187795568472585,0.185650745503592,0.183814419007959,0.182269302204886,0.181026111558764,0.180051267439362,0.179307573226182,0.178772822787569,0.178421363790981,0.178214279005295,0.178117799245662,0.178099127921631,0.178119390388909,0.178156273090021,0.178169585353187,0.178142839934792,0.178042270993973,0.177847906048572,0.177538913087763,0.177117605735347,0.17652971889135,0.175856127626833,0.175007910346069,0.174022191346801,0.17288864745126,0.171605102009713,0.170179205221525,0.168605422334123,0.166880696850309,0.165154679188228,0.163251897878756,0.161288584551386,0.159143700387502,0.15700768008974,0.154753391241093,0.152446552452228,0.150074993346582,0.147683360746686,0.14525954953054,0.142802456110701,0.140340722351343,0.137871967816091,0.135396105302383,0.132923812456804,0.130461328809082,0.128006293105096,0.12557021786364,0.123155829146076,0.120757494394382,0.118384474007506,0.116044839867969
0.185451619305442,0.189325347593699,0.19323918129668,0.197196629481137,0.201177823863103,0.205197682423859,0.209231880988351,0.213273384230582,0.217298934597038,0.221309894408536,0.225259290541393,0.229181940577696,0.233019726560594,0.236756956424153,0.240389772376669,0.243867235558346,0.247210206311122,0.250360830540998,0.253281398926024,0.255973172037091,0.258356311737174,0.260471277626848,0.262280981225223,0.263781916095296,0.264778511939448,0.265411563835412,0.265613127135261,0.265405314869943,0.26472740293384,0.263603099083104,0.262013175824618,0.259983041844838,0.257507935667952,0.254636800619997,0.251372075892994,0.247744650166209,0.243831355645887,0.239615376006023,0.235192115625347,0.230660462024993,0.226038710546155,0.221379555973604,0.216762199076312,0.212221335694157,0.207849220518146,0.203686241621566,0.199786843497165,0.196177624362208,0.192874388195386,0.189956785631825,0.187366010585695,0.185149304813301,0.183286189591354,0.181787368218221,0.180603659527272,0.17973184433667,0.179134321244656,0.178772346276222,0.178610168608011,0.178606059620068,0.178721901527806,0.178917939362838,0.179157972970701,0.179402984906847,0.179608990370014,0.179762209675102,0.17981919670051,0.179776813636848,0.179608225158662,0.179295508226722,0.17891321377351,0.178222599146657,0.177364673005535,0.176390387780316,0.175247097820166,0.173944699736227,0.172485863354384,0.170886004495714,0.169158657120045,0.167274635384377,0.165172759134408,0.163203938189352,0.160995930940688,0.158767974065705,0.156404187992078,0.153991771462819,0.151536713844685,0.149019827772161,0.146491813790245,0.143933681353929,0.141376150080791,0.138796270480171,0.136231218973514,0.133658818222981,0.131104219546446,0.128573892570002,0.126054050953721,0.123542260991375,0.121079540446186,0.118637941644265,0.116219861378821
0.186819380521673,0.190851839642641,0.194942491572873,0.199078670988041,0.203266692025998,0.207481462182243,0.211730004402144,0.215993466402786,0.220246326495693,0.22448998003855,0.228697075846444,0.232868195663655,0.236970387812683,0.240993365444338,0.244872214195787,0.248644293987754,0.252249805457458,0.255681281748134,0.258858044445181,0.261796315454603,0.26442281120894,0.266767170070839,0.26874829349758,0.27027957008865,0.27158537232752,0.272318946742425,0.272577359908875,0.272371588491134,0.271661719207606,0.270454087602876,0.268731062180043,0.266520240184757,0.263807656298912,0.26064140634903,0.257044690758907,0.252988788369331,0.248613657488928,0.243945929385618,0.239045750441206,0.233982262961156,0.228811069260731,0.223628217985101,0.218495670213326,0.213485405200196,0.208670819744004,0.204108567232731,0.199842986559677,0.19592147960544,0.192382973337679,0.189280471704148,0.186572400014806,0.184258714928207,0.182402207256857,0.18094107751759,0.179871347221476,0.179136909283033,0.178711655385122,0.178554176310297,0.178619700780001,0.178861392910896,0.179229705164391,0.179683848202445,0.180170233976249,0.180661547955209,0.181107703629098,0.181470130956758,0.181722663656623,0.181838382908485,0.181801109172602,0.181607768295766,0.181183262180158,0.180603722258623,0.179868100285916,0.178912737358442,0.177766136553228,0.176437828280729,0.174941655510682,0.17328053311758,0.171469680373607,0.169511809436464,0.16744364856626,0.165305452007281,0.162980304684155,0.160647603851925,0.158094028094572,0.15559467362535,0.153011545267908,0.150376417408248,0.147739785387544,0.14507859184103,0.142404798537861,0.139727250315575,0.137045849141093,0.134373851617883,0.131736620122656,0.129114986948254,0.126500686182648,0.12389674971552,0.121360781703755,0.118832826874917,0.116354296224876
0.188110098165673,0.192309887464834,0.196584875222549,0.200912959056252,0.205298229985637,0.209733295225524,0.214211454288946,0.218700488589812,0.223204406710947,0.227713965911569,0.232187823395614,0.2366243967136,0.241002887952407,0.245331967353325,0.249514444585988,0.253573618397982,0.257466083017749,0.261168958506094,0.264697232670785,0.267902851881546,0.270812994460923,0.273420944608115,0.275568367219972,0.277384590018471,0.27879462641523,0.279683815876035,0.280021241805907,0.279840048453567,0.279120346850175,0.277843019204443,0.275974322276247,0.273571032894292,0.270581171600865,0.267105686729665,0.263094687403902,0.258596777759825,0.25370979011193,0.248478366519781,0.243040472947404,0.237404124915354,0.231658461218787,0.225875072588424,0.220165744996806,0.21460610139557,0.209282725292244,0.204246058919695,0.199560743497659,0.195320361280842,0.191499666463763,0.188181542372064,0.185346417851492,0.182986960753916,0.18111902919752,0.179746880626478,0.178787827475004,0.178233477104333,0.178026653328085,0.178119635004183,0.17846020563371,0.178995017277761,0.17966638354875,0.180423068196764,0.181215017386039,0.181983230736745,0.182673796574513,0.183280629614419,0.183754570714826,0.184056828769993,0.184183860838383,0.184104687897366,0.183801627538542,0.183297942020406,0.182568644076976,0.181626186965991,0.180466090182288,0.179110550542986,0.17756427982187,0.175836185771131,0.173933848813459,0.171885372698173,0.16969824873419,0.167377636797343,0.164889506543395,0.162557413768046,0.159915890207165,0.157262577760342,0.154521422680376,0.15176979750872,0.149024990020573,0.146251538992387,0.143443968530059,0.140649256768775,0.137861177961499,0.135085453712353,0.132328064351971,0.129525401192176,0.127044364555341,0.124232063126102,0.121630560150286,0.119056483302845,0.116465931424981
0.189340845389639,0.193718563607411,0.198166057048381,0.20268314463285,0.207303257590653,0.211950766021062,0.216653891233096,0.221397942824264,0.22615793326093,0.230931143356554,0.235698368381018,0.240440745365094,0.245131032503267,0.249753895056187,0.254286110595688,0.25867680923213,0.262889969407779,0.266916887464853,0.270761385758144,0.27431448800262,0.277516920916391,0.280420168712022,0.282981845007666,0.284899763884669,0.286495361165838,0.287533834385685,0.287981383050289,0.287858574171456,0.287127332559012,0.285778198053525,0.283756750319956,0.281156912074508,0.27788171290063,0.27402670574514,0.269558239996185,0.264581609588851,0.259121883390258,0.253314569234702,0.247226282539434,0.240909293469626,0.23447677960839,0.228008936754648,0.221644309318732,0.21546583437049,0.209553197852719,0.203993963939758,0.198873802243617,0.194245266700151,0.190133734022448,0.186595823404605,0.183611548552437,0.181227685543899,0.179381631680106,0.178099895957402,0.177311760402264,0.176970782391778,0.177031745314092,0.177434424582984,0.17810984985001,0.178998352608697,0.180024122903758,0.181131061317785,0.182256655359323,0.183346476636875,0.184363166729136,0.185232100991098,0.185939231996374,0.186455754137695,0.186755127865526,0.186806031335234,0.18661636828291,0.186144457249977,0.185460118961296,0.184548930997925,0.18339196707671,0.181976169412689,0.18035838088816,0.17852897504972,0.176540381348641,0.17438318798482,0.172088916700954,0.169622122718275,0.167070901444774,0.164578864784587,0.161753210651083,0.158892457052832,0.156204147209058,0.153228664703974,0.150321114276735,0.147452577944867,0.144492078666574,0.141573306595507,0.138669137287351,0.135750037647683,0.132924043278728,0.130097722030601,0.127351897780394,0.124545030795077,0.121804289068679,0.119114339978971,0.116587305923061
0.190483190193719,0.195026320625739,0.199679394753561,0.20440469306251,0.209217812009971,0.214118269009074,0.219072633195574,0.224068600512528,0.229111910647813,0.234184502631987,0.239245000980727,0.244284138409118,0.249315135968625,0.254280700981116,0.259149862753154,0.263935645846522,0.268524385776309,0.272833810449771,0.277087909115606,0.281036494191384,0.284582467809029,0.287819892034816,0.290349083152601,0.29298120763995,0.294752517740693,0.295942398091839,0.296548311571644,0.296510574477886,0.295778254737662,0.294362657075673,0.292202861096959,0.289391847650144,0.285785145848547,0.281499636505358,0.27654977518223,0.270925745522345,0.26489830034192,0.258443561269138,0.251640443959423,0.244545613748645,0.237313253753385,0.230090171256067,0.22298313122327,0.216089193935483,0.209472917770152,0.203359671756206,0.197704048013901,0.19262723693688,0.188225481896032,0.184450299333939,0.181299225176725,0.178874007142074,0.177091400510291,0.175942715379906,0.175362946002848,0.175297325275405,0.175685632538149,0.176462980988823,0.177538769961712,0.178837469192828,0.180281894615562,0.181815996957508,0.183343842783948,0.184814920035495,0.186155486531378,0.187363130812094,0.188352759264261,0.189071119952516,0.189538462289312,0.189791248877129,0.189748422496177,0.189514003674397,0.188734884144047,0.18772855774363,0.186560594111687,0.185012875382246,0.183326069108844,0.181352134064969,0.179307038563803,0.17704196320936,0.174586636794386,0.171986041067579,0.169319616027506,0.166661488619274,0.163599757758408,0.160648831887812,0.157789130668441,0.154701569705942,0.151661327836197,0.148641326616249,0.145585149743794,0.142446525778775,0.139533201131019,0.136459906122931,0.133504338143869,0.130566956833452,0.127684633470494,0.124834256615328,0.121995539794625,0.119230888196795,0.116585954959171
0.191530904296221,0.19625516615697,0.201093857840513,0.206036001229478,0.211078324528179,0.21620633664335,0.221411832765552,0.226690686620437,0.232025290833682,0.237396804374209,0.242795220711894,0.248200877614515,0.253545585915639,0.258910457342804,0.264159025342892,0.269335817662321,0.274359737809452,0.27924174565816,0.283851428257914,0.288130205254338,0.292042172885378,0.295533071330923,0.298600002657039,0.301398697497285,0.303517648965273,0.304940755908748,0.305780993008871,0.305858073993,0.305088934265893,0.303652972320615,0.301408178745516,0.298363326958144,0.294335325886844,0.289626222108405,0.284246176752663,0.277759148844628,0.271126570413494,0.263939607886014,0.256256690238965,0.24828864718219,0.24018449992709,0.232014722198134,0.224061468707869,0.216322626152999,0.208952963957683,0.202210080627888,0.195994173569896,0.190424381064928,0.185639696307305,0.181563295122401,0.178273404088018,0.175861047938721,0.17420625912406,0.173173786439753,0.172911602398507,0.173167879414767,0.17398552408549,0.175239838388948,0.176761735957096,0.178529994901273,0.180484467862668,0.182523264415475,0.184496464015799,0.186400636741372,0.188132792814518,0.189715678774279,0.190995594749114,0.191911019794004,0.192656234325961,0.193078735668016,0.193088732348606,0.192783032056441,0.192216295252999,0.191199935807925,0.189997323822095,0.188495467513193,0.18666486401029,0.184801678265924,0.182347653826127,0.17988242380758,0.17726366772452,0.174662950224992,0.171711115497832,0.168740067972265,0.165714025446219,0.162526023392789,0.159470167536543,0.15621748377003,0.15294397602868,0.149744639827128,0.146615106700987,0.143416968925376,0.140202420893127,0.137188374639271,0.134070141083498,0.130887366543296,0.127819541795225,0.124964679948466,0.122108646569902,0.11925720015166,0.116541531068372
0.192473201230403,0.197374742402727,0.202416669247457,0.20756808097441,0.212847619705562,0.218218087852151,0.223688712420382,0.229261597446675,0.234882306963091,0.24058719504159,0.246337987284668,0.25210381652178,0.257858071090016,0.263589881378215,0.26926773072934,0.274872193782064,0.280281476352481,0.285580701291439,0.290685983335825,0.295478972546762,0.299866159986196,0.303782669197476,0.307272531771347,0.310646303555071,0.312861240781445,0.314482447567884,0.315727783021269,0.315984076770651,0.315084012946214,0.31378283700663,0.311475789410274,0.308174228111825,0.303575880158522,0.298549399661271,0.292545157490557,0.285600316096303,0.278025064336606,0.269950158153274,0.261358095126456,0.252149100029577,0.243031568134386,0.23379077651693,0.22503918804749,0.216073636621906,0.207889886392091,0.20052313378644,0.193565739328853,0.18724343652546,0.182131539744779,0.177861017293863,0.174503040017873,0.172109871888045,0.170438250320497,0.169746317864958,0.16972783283124,0.170534206057701,0.171663307399044,0.173619945267121,0.175725260652457,0.178017772261716,0.18057320533559,0.183255233197316,0.185782011569498,0.188110620632382,0.190381114334446,0.192243004132597,0.193924340218832,0.19522797162553,0.196146415449936,0.196679089942807,0.19679012654963,0.196526279132161,0.195930305889605,0.194822577977076,0.193599558886058,0.191972250353079,0.190069444902417,0.187856232776816,0.185405986463918,0.182807519813123,0.180037090822254,0.177106460893039,0.17404955627339,0.170875655668325,0.167668736548826,0.16438530934502,0.161049014257669,0.157693257146502,0.154357462290676,0.150957066720681,0.147615755035399,0.144281004838439,0.140995837866351,0.137742466850267,0.134532998958471,0.131375388087161,0.128310083414736,0.125225829275343,0.122242827001584,0.11931983917601,0.116462029748955
0.19328957082182,0.198427436514315,0.203573612142417,0.208997855998826,0.214507756775726,0.220135004927056,0.225876826671404,0.231753040452385,0.237693757974449,0.243733142453323,0.249848960904082,0.25598736482396,0.262182202087521,0.26834044350386,0.274472100977221,0.280538130934461,0.286438535552137,0.292258040463035,0.297996383294436,0.303188477842652,0.308183322573853,0.312811041055741,0.317070538162307,0.320227948526761,0.3233986185028,0.325198079672796,0.326485315718968,0.32706176352978,0.326713829216416,0.324848903327359,0.322542013684367,0.318855500128881,0.31444614518102,0.308167903781432,0.301428480895364,0.293938284605737,0.285269589432499,0.276061567250325,0.266809592929772,0.256016935615649,0.246578605241123,0.235299750157575,0.225643165623152,0.215821311837093,0.206247562076029,0.197821960815961,0.190104064376745,0.183398817200532,0.177806536761527,0.173255674942382,0.169813152011219,0.167424905342405,0.166080748704893,0.165669015337747,0.166152956583827,0.167397130584897,0.169273248518556,0.171688763751226,0.174490719493093,0.177560313322338,0.180767428798062,0.18399744994136,0.187142445336663,0.190106818042636,0.19281778433574,0.195199123349769,0.197215111494481,0.198794449384662,0.199930640339896,0.200626183804154,0.200864470944173,0.20067199400819,0.199973536046862,0.199001379134361,0.197582488266042,0.195820792768814,0.193742765050527,0.191390370294657,0.188780491173302,0.186026214600746,0.182993959813301,0.179842533538726,0.176578380178368,0.17321660551311,0.169773385524959,0.166277777264254,0.162744912452581,0.159198909672418,0.15565409464136,0.152126768030317,0.148604407876307,0.145125308118752,0.141687602360577,0.13829875033399,0.134965569996535,0.131689344316682,0.128478405065856,0.125331260016643,0.122254706391701,0.119246800345822,0.11630783507325
0.193953076440825,0.199308987275534,0.20447296073859,0.210307702857042,0.216043469234132,0.221926359311853,0.227963174279774,0.234134499940059,0.240419770202912,0.246820639719836,0.253317674012905,0.259880214456347,0.266491259646313,0.273148464230074,0.279763480612665,0.286349781422863,0.292848487621143,0.29930325819088,0.305090636503354,0.311235472048603,0.316766971356491,0.321675601557402,0.326367976616003,0.330389825927527,0.333711381197077,0.336219949056282,0.337966054531914,0.338627091356181,0.338300246665105,0.336822018951863,0.334186109701729,0.330337762607739,0.325194952264238,0.31894521761843,0.311478267794745,0.302888441890943,0.29331647786734,0.282958776812438,0.271890104988298,0.260345847701457,0.248741537992841,0.236945640357562,0.225487575822842,0.214460564798253,0.204048554841791,0.19457407575518,0.186057304759746,0.178685618265352,0.172550075477069,0.167680570547004,0.164095016916994,0.161773962573958,0.160658716049775,0.160659481380667,0.16166914311351,0.163543448644188,0.166157857473139,0.16934100483095,0.172954654911919,0.17683941420447,0.180847797879515,0.184842836117696,0.188702369045299,0.192323962502141,0.195609968034549,0.198486052288329,0.200893245771938,0.202812448008624,0.204207709264302,0.205069346691314,0.205406897997615,0.20523018916831,0.204571318416484,0.203459894466837,0.201922700562012,0.200004815963421,0.197746821331114,0.195189263534038,0.192367691864758,0.189323057633679,0.186091178621756,0.182703797811502,0.17919445688931,0.1755925553204,0.171922470569281,0.168205598617973,0.164461291386853,0.160712236964406,0.156971854905892,0.153253985134085,0.149567793449273,0.14592556575599,0.14233934082137,0.13880848457425,0.13534203627573,0.131944947833836,0.128619538432286,0.125368836776523,0.122195832940318,0.119097795759884,0.116080323774269
0.194467722729356,0.199914341905619,0.205576067321026,0.211442748783429,0.217427845734211,0.22357265542017,0.229911851178086,0.23639791525672,0.243034608959251,0.24981592052648,0.256698020162875,0.26370609332596,0.270789855397825,0.277887431170645,0.285107537810516,0.292268104496115,0.299340320341265,0.306332689864374,0.312973815213207,0.319558963798175,0.325729477380761,0.331429550445068,0.33666868257861,0.341316257834689,0.345243330090755,0.348316310017001,0.350458896413192,0.351545909657245,0.351449946790291,0.350103154634756,0.347413737276966,0.343325238959409,0.337812809093695,0.330881596215074,0.32256700960026,0.312969172658342,0.30222930583739,0.290487408156623,0.277959560086297,0.264881100153071,0.251559216721193,0.238183220057256,0.225118068937125,0.212588872431311,0.200854690736401,0.190154165225499,0.180673992973292,0.172553370411105,0.16587356357523,0.160703977449549,0.157052002954004,0.154881104374659,0.154113702678562,0.154634666916102,0.156307329544139,0.158973002151125,0.162459357909019,0.166582297097536,0.171157172284656,0.176002413294548,0.180945652554372,0.185829780400254,0.190511723813708,0.194875872684106,0.198810582419834,0.202236599514852,0.205097880567013,0.207367706665597,0.209016253890146,0.210042392307973,0.210458886429483,0.210288191416297,0.209569561422372,0.20834363519457,0.206645723108186,0.204532256240727,0.202050462371444,0.199245250149534,0.196161278857408,0.192847429408679,0.18934363766275,0.185685528772968,0.181904527494745,0.178041921079038,0.174117612937953,0.170155743888999,0.166181550075091,0.162212669269977,0.158265197298991,0.154352779253597,0.150484225660631,0.146674635496196,0.142927449783304,0.139250395258543,0.135647931844265,0.132125382031549,0.128684412187831,0.125327681644047,0.122057546355779,0.118873030757123,0.115774226771043
0.19479767858452,0.20045876804205,0.206314811316502,0.212384475904517,0.218630410223795,0.225059864223031,0.231700464885751,0.238512752614496,0.245493522830863,0.252671453064667,0.259978790741339,0.267424197558334,0.274988903990286,0.282640866158588,0.290504136782393,0.297789600680037,0.305567845379582,0.313690428846962,0.320993560526977,0.32819882315652,0.335089608965693,0.341617479810277,0.347629116130054,0.353000429478639,0.357629870835211,0.361366881615302,0.364073099968612,0.365611972782869,0.365855355566369,0.364682049730372,0.361993825982668,0.357704280603853,0.35176776956096,0.344167889932891,0.334945304327919,0.324197420760871,0.31209102206979,0.298798714569521,0.284550535507687,0.269601279724643,0.254393163238341,0.239109252667592,0.22419048680578,0.209940094453362,0.196621106894306,0.184549466747867,0.173938835581372,0.164954356679689,0.157685563266696,0.152206612666884,0.148520845708086,0.146573632036878,0.146260354402678,0.147442125895478,0.149946476678885,0.153577189358361,0.158126362556137,0.16337138935013,0.169091743754819,0.175072509855944,0.181110845553108,0.187022071759601,0.192649564260706,0.197855807375381,0.202518082324706,0.20655251266428,0.209904369368846,0.212545011903554,0.214447825606853,0.215626158270656,0.216094249754664,0.215896630793291,0.215078977389348,0.213690885366194,0.211786787278203,0.209428467012327,0.206674311858678,0.203573527847645,0.200185176618543,0.196561372751258,0.192744912458358,0.188777182234443,0.184700740267923,0.180548052143137,0.176345627017201,0.172119782635037,0.167895037763127,0.16369063221922,0.159522475697107,0.15540350885127,0.151344458748113,0.147355303853549,0.143443451967858,0.139614668436514,0.13587352213747,0.132222714958771,0.128664320176427,0.125200237066429,0.121832282229606,0.1185588342318,0.11537920486707
0.194952144868771,0.200795957871238,0.206861423454419,0.213109004803345,0.219624159114527,0.226355173232169,0.233298270668945,0.240439028504674,0.247799247194514,0.255378975428949,0.263104175286023,0.271022539023721,0.279142616237114,0.287378756070122,0.295660189623457,0.303949722125071,0.312386382724244,0.321078675292256,0.328899671947417,0.337130513232305,0.344922312964044,0.352312926855757,0.359197126523362,0.365430070103599,0.370888865249962,0.375407443254197,0.378827667809986,0.380974469789561,0.381675827249331,0.380786084468324,0.378178820141849,0.373731285372897,0.367370337121615,0.359070201082216,0.348848524515078,0.336803553816545,0.323130965474934,0.308027797037536,0.291783956785986,0.274676366657006,0.25722366716713,0.239697521697088,0.222594227240805,0.206297478750379,0.191133435876265,0.17747027513176,0.16556041477499,0.155602512645896,0.147687531434492,0.141902541696112,0.13823795525802,0.136613716092799,0.13689880630973,0.13891865381216,0.142448321894559,0.147260953618988,0.153094621708048,0.159684332573603,0.166766099461024,0.174085249124748,0.181403826832159,0.188507138398541,0.195216585927315,0.201376506600581,0.206852397182296,0.211553994769042,0.215436483135232,0.218454598846845,0.220606693376756,0.221909402518091,0.222397594754204,0.222126816470226,0.221158918579803,0.219552121324392,0.217382456995262,0.214721663526174,0.211636383320459,0.208187598406913,0.204444619379774,0.200465060511655,0.196292423273318,0.191980682762753,0.187571094872358,0.183099125055768,0.17859317907192,0.174081039321206,0.169587022378935,0.165131185559767,0.160728375150618,0.156391495304342,0.152131656017991,0.147957210833105,0.143874940604143,0.139890005239162,0.136006090554735,0.132225977038982,0.12854895566118,0.124976961053034,0.121511154144403,0.118149267866257,0.114889749130653
0.194905048519363,0.200937872678847,0.207201661531396,0.213483157319526,0.220454693200184,0.227431663322564,0.23466738036113,0.242143802566431,0.249873390692645,0.257850292583586,0.266040128884982,0.274463458055112,0.283131624499847,0.291936135954137,0.300876646430077,0.309989917366192,0.319197981144434,0.328550420737887,0.337304905314948,0.346371765028632,0.35511478385866,0.363500845990579,0.371386049280721,0.378627561787291,0.385069974584166,0.3905301996589,0.394823400393658,0.397737098829759,0.39906253083345,0.398600584976313,0.396192413581152,0.39166543607604,0.384906352814921,0.375866202408528,0.364560407985593,0.351063350767407,0.335592014280969,0.31838630216321,0.299784189535852,0.280148075425766,0.260051486551819,0.239880670777572,0.220188277523095,0.201480059740205,0.184132686468895,0.168615417385567,0.155212863968045,0.14414972051243,0.135536809705022,0.129460460442149,0.125892433698783,0.124725346429583,0.125790915257155,0.12886064593603,0.133666705165947,0.139916680399675,0.147303294242396,0.155503698212692,0.164202352898194,0.173097817316437,0.181911106850533,0.190389888865673,0.198341195231945,0.205579444493835,0.211958540437019,0.217390758277571,0.221827452501003,0.225229505192466,0.22761491340111,0.229004088520279,0.22946063085231,0.229058220161274,0.22786878330346,0.225975471551918,0.223470159047753,0.220437836990389,0.216952007437243,0.213094476801821,0.208941271189073,0.204550022243919,0.199977474448048,0.195280192840782,0.190501752704245,0.185679313678756,0.180842834482093,0.176022095256242,0.171239676503809,0.166514745936843,0.161866731321717,0.157301045632561,0.152831481622339,0.148465074889062,0.144207678886048,0.140062686044299,0.136034208621078,0.132122523907118,0.128327301079802,0.124647654007385,0.121084799892781,0.117635724007932,0.114297926322672
0.194622498718404,0.200834268998067,0.207280213972622,0.21391833924506,0.220950590585435,0.228250270824622,0.235780483314295,0.243596518033268,0.251707987996826,0.260093308606828,0.268762572999423,0.277711930898199,0.286936075998429,0.296360885167524,0.305997123426182,0.315876283996412,0.325867102020419,0.336031059358848,0.345784683956255,0.355870927207898,0.365653826547887,0.375136868221569,0.384196358965305,0.392608714471007,0.400217334289382,0.406835553791493,0.412183203480797,0.416065198709229,0.418207542952037,0.418353953264343,0.416286643766995,0.411794030083059,0.404701518411033,0.394915271040571,0.382423375815625,0.367310443559231,0.349780665601345,0.330126652361599,0.308726439606926,0.286115048939167,0.26286732669678,0.239554831125461,0.216795097088883,0.195222880514515,0.175316988131522,0.157622985894985,0.142510524956548,0.130170286302442,0.120820397716733,0.114482899351061,0.111119646995269,0.110585723518589,0.112633882198357,0.117046539200109,0.123424295858689,0.131431455828822,0.140693347757416,0.150821536014596,0.161439325872176,0.172190284430753,0.182743362875958,0.192811019006815,0.202186671154824,0.210636383860663,0.218013877772398,0.2242424668006,0.229244546884423,0.23302687803108,0.235603739515234,0.237032378161292,0.237388755736706,0.236785914684967,0.235277487832727,0.233012006213029,0.230085353742787,0.226596775888672,0.222637246017357,0.218300921906239,0.2136691579095,0.208807358029139,0.203785583961189,0.198658859336103,0.193473621235573,0.188268086865601,0.183073618701726,0.177920589001912,0.172829727032519,0.167826194101081,0.162914723912951,0.158112749015667,0.153427575781608,0.148863078922554,0.144426773011045,0.140121059735035,0.135945674160716,0.13190210707216,0.127988325808,0.124202898281828,0.120544605845435,0.117010361676409,0.113596641210543
0.194091765505408,0.200461755031464,0.207106400921938,0.214024722676478,0.221163463461538,0.228755821096062,0.236607031391214,0.244762411155257,0.253263267025588,0.262061801056919,0.271210912982924,0.280700352808376,0.290470073031032,0.300552618249135,0.310934538839455,0.321569370505026,0.332391006472384,0.343408242594611,0.354533297090563,0.36526861592878,0.376466913036709,0.387226292125133,0.397579756752903,0.407368997056428,0.416362802025537,0.42434277629018,0.431042974525279,0.436113254991149,0.439320197352755,0.440312878559432,0.438791624225624,0.434493000736861,0.427164324099755,0.416645467742058,0.402885818729401,0.385951630035457,0.366080198235201,0.343582405700291,0.318927548990504,0.292730799149025,0.265727432600416,0.23860839148522,0.212186193867548,0.187202870902369,0.164272417055334,0.144035151027562,0.126915035957256,0.113199409772326,0.103044378242531,0.0964952008805058,0.0934869361852083,0.093789125580627,0.0971737402953145,0.103219540061342,0.111537801876808,0.121684778785177,0.133209502239278,0.145644074691196,0.15853825980713,0.171468311526704,0.184046447032873,0.195964499244828,0.206952836683213,0.216759370604937,0.225238130228462,0.232298193224289,0.237888960670616,0.242026387501936,0.244738258222002,0.246123972298618,0.246292182344737,0.24536333833669,0.243452420267553,0.24070953518796,0.237259924501739,0.23321361950904,0.228690971866322,0.223795353546347,0.218613609833951,0.213222125946405,0.207696360766033,0.202093598794942,0.196462170095164,0.190839886436962,0.185259839523705,0.179751606132989,0.174342766204767,0.16903616278279,0.163854619557008,0.158806503491045,0.153897715420259,0.149132903764121,0.144517394761503,0.140047625873773,0.135725737357636,0.131551003483558,0.127520156388956,0.123630316518824,0.11987967922745,0.116263226471951,0.112776732393284
0.193288341663868,0.199821572666599,0.206638796649962,0.213760315253953,0.221218012340239,0.22881141012741,0.237088503584135,0.24560215915094,0.254489622584016,0.263702725836742,0.273325770461589,0.283352501642478,0.293708664052906,0.304447717078779,0.315576187653459,0.327030206746088,0.338684970466921,0.351051161545491,0.362948813994262,0.375225525771093,0.387500308629582,0.399655993938419,0.411514238466113,0.422875808624202,0.433501511592467,0.443108053003305,0.451421085879251,0.458054757333651,0.462620362583001,0.464764208649229,0.464068437525176,0.460188420235431,0.452782553786762,0.441592748618971,0.426500311461439,0.407540928799677,0.38495360129253,0.359148203356781,0.330559622438141,0.300110209318899,0.268609425824601,0.236901564406762,0.206106196269173,0.17702052839723,0.150490414447858,0.127282517572035,0.107868415628434,0.0926031084941155,0.0816159569270102,0.0749522823078229,0.0724839823818692,0.0739497359604841,0.0789723747903699,0.0870922676063323,0.0977992078471873,0.110551305119378,0.124805080931334,0.139997841819739,0.155588927196362,0.171073566820887,0.186013262057495,0.200072409637969,0.212885024318248,0.224212407137863,0.233883726271913,0.241821376732184,0.247996096822412,0.252428609789349,0.255199048417646,0.256439208878203,0.256294113335862,0.254912610775592,0.252462051602843,0.249113098707404,0.245015120099188,0.240303399813238,0.235115704507922,0.229570130702144,0.223756873005078,0.217768870257413,0.211681285494461,0.205553785705831,0.199435625738496,0.193362934006825,0.187370531139695,0.18148591386222,0.1757357581872,0.170120662582991,0.164659071213438,0.159357881320646,0.154222633308392,0.149256718211816,0.144457680562066,0.139825039504201,0.135358058594992,0.131054379875714,0.126909364594033,0.122918359940922,0.11907848651504,0.115384022420624,0.111827908937802
0.192210024683864,0.198878554780124,0.205860721374716,0.213190797337878,0.220873492939412,0.22837572502634,0.237288454546336,0.246073876203444,0.255315825866794,0.264951657072733,0.275044241305535,0.285611022350689,0.296568384300875,0.307982861821413,0.319884765462694,0.332232272151887,0.344849334704721,0.35859875950655,0.371495864919063,0.384941949709607,0.398658048379374,0.412378769812152,0.425908383013335,0.439069220756307,0.451590106677059,0.46316877782439,0.473419234448954,0.481970731330628,0.488340511776614,0.492023838995076,0.4925319344528,0.48938872386227,0.482121608999549,0.470402698558147,0.453953874677466,0.432760138787865,0.407052423985055,0.377323302502942,0.344091268058378,0.308487156019862,0.271522669764588,0.234288879011018,0.198157856587568,0.164198720216103,0.133389018158196,0.106651740350028,0.0846164938810632,0.0675941230101248,0.0557921481500598,0.0491647353391371,0.0475286207138772,0.050515444463637,0.0576411938022111,0.068338348435735,0.0819843488060149,0.097904410575044,0.11544675110337,0.133926796961824,0.152709186822927,0.17120334672369,0.188914435544761,0.205419580413771,0.220306542319544,0.233317272630253,0.244273446703732,0.253116011071769,0.259839750255845,0.264482072740277,0.267192234820657,0.268141280068233,0.267524171176129,0.265522494834309,0.26236922248307,0.258260704647002,0.253364238817134,0.247858793421139,0.241894973271733,0.235597789142675,0.229069002580512,0.222412462041624,0.21570265998473,0.209000303419298,0.202354395918974,0.195799267283048,0.189369186068562,0.183098388516223,0.176985254516075,0.171049346623503,0.165297326363901,0.159742160467544,0.154378890594723,0.149207632922271,0.144227499219668,0.139435409998355,0.134826400074757,0.13039752458572,0.126142573094261,0.122055031650172,0.118130601278613,0.114361802198805,0.110743577892079
0.190823655657145,0.197619075671604,0.204741727688959,0.212212715151408,0.220019160219529,0.22821945799762,0.23700781484483,0.246126948358129,0.255702499099445,0.265750595530486,0.276305753136165,0.287391999259277,0.298964357956735,0.311079514465677,0.323743952125363,0.336982286254836,0.35069538561776,0.365150992499022,0.379443905261161,0.394502275595596,0.409793702928241,0.425248515040268,0.44067694668704,0.455870862060788,0.47057908399728,0.484454469126027,0.497079475359857,0.508001024800234,0.51664770020011,0.522404724371467,0.524620629293188,0.522692997501359,0.515933512856648,0.503869125647102,0.486092701438235,0.462481562264064,0.433192384555379,0.39883235509169,0.360165501710675,0.318147010849813,0.274513997662207,0.230573749860594,0.187934041971651,0.148056521274134,0.11206391769381,0.081234773203665,0.0561788212143587,0.0372608421439966,0.0246834777672087,0.0183191656737121,0.0178892975593407,0.0228972795865591,0.0327176199258573,0.0466322246981859,0.0638643088543972,0.0836207069849943,0.105112997077501,0.127516713110545,0.150081606863989,0.17210304869653,0.193057447108374,0.212368324981613,0.229599320032212,0.244464229568339,0.256802198052734,0.266545661118822,0.273734272038024,0.27846643826846,0.28094724831295,0.281411170028355,0.280104850648895,0.277284683913516,0.273229721263325,0.26817213061154,0.262313542470156,0.255869215836382,0.248997182986125,0.24183776259822,0.234506095727019,0.227105591901238,0.219711851842705,0.212384903878569,0.205172287016031,0.198104616269808,0.191221105765197,0.184531353177617,0.17805099456421,0.171782510003248,0.165744721898366,0.159930898727014,0.154338755043934,0.148965403333423,0.143807261898172,0.138858931623584,0.134113896641113,0.129565244172186,0.125206155271527,0.121028062363379,0.117025834368973,0.113189544855672,0.109514986159116
0.189112944028561,0.196010065059553,0.203257018552689,0.210877706791207,0.218896585305624,0.227328953757782,0.236251492205428,0.245710008840736,0.255606591007454,0.266042992812187,0.277052755299898,0.288633725858292,0.30080904828673,0.31361802497531,0.327071551406455,0.341184661206944,0.355928784763941,0.371417420197238,0.387287939271688,0.403730435214357,0.42074355261088,0.438098187886049,0.455636828790771,0.473154019391631,0.490365144017711,0.506932426294526,0.522402045131406,0.536228459012613,0.547761469050048,0.55623534597991,0.560801381899967,0.560667980060077,0.555007109745689,0.542962387226776,0.52399646141628,0.497794775381325,0.464450050921918,0.424593930200644,0.379082900931572,0.329548281841995,0.277676137978476,0.225427591519643,0.174803258488379,0.127727921766402,0.0855762213437994,0.049906360397453,0.0213561183699736,0.000463844214189519,-0.0127847797332583,-0.0185524748420743,-0.017270239203365,-0.00960546373140574,0.00363628685630492,0.021556268394142,0.0432012869626179,0.0675863552386666,0.0938154447325786,0.120905470769823,0.147937938640271,0.174143199677174,0.198845554967471,0.221369558140544,0.241236189989553,0.258153330146485,0.271935379420507,0.282545598788894,0.290066326949773,0.294700536607121,0.296718321883933,0.296441580335104,0.294171462931466,0.290279857286321,0.285085256968239,0.27884949320331,0.271843370725954,0.264292984794252,0.256373407882144,0.248237598096733,0.240007891578262,0.2317864429266,0.223647626536683,0.215648266627482,0.207834467706035,0.200231008505444,0.192864636401311,0.185749795956814,0.178888320787585,0.172295295767025,0.16596490927804,0.15989476013952,0.154076473747478,0.148505745313242,0.14317544233514,0.138077298309207,0.133202273247979,0.128542025672529,0.124086227513028,0.119825117189558,0.115750774514839,0.111856767621817,0.108131000565904
0.187058471668404,0.194037310491499,0.201388870011798,0.209148504597075,0.217330395654898,0.226001192797434,0.235014221128623,0.244764832810233,0.254987462235687,0.265784956791058,0.277221719777795,0.289269774721139,0.302022922489927,0.315505064243807,0.329741317858059,0.344749931524876,0.360483259873677,0.377337118524757,0.394246315894125,0.412510169738931,0.431332162534691,0.450735242047143,0.470569103277225,0.490684379021431,0.51077523995664,0.530466313318252,0.549295155362355,0.566652216380206,0.581822999321029,0.593833273474723,0.601628354791154,0.604128804017846,0.600281385810823,0.588871060435975,0.569008391833293,0.540124709841271,0.502182937688379,0.455843289231952,0.402201777799822,0.343126095999939,0.281033827992908,0.218501068757532,0.157988768666934,0.10211800906238,0.0525739321775026,0.0111866747972539,-0.021211014101579,-0.0442436516756231,-0.0579163440702479,-0.0625989366234778,-0.0589238771891113,-0.0477833277519924,-0.0302101738180002,-0.00732367443062814,0.0197003370557783,0.0496970458459407,0.0816138947145579,0.114275776773517,0.146579966288872,0.177724821958928,0.206784001789922,0.232972392931792,0.255835144292935,0.274981256409857,0.290239384368438,0.301621580995593,0.309282862394707,0.313545676778507,0.314784140011909,0.313412463659329,0.309854656570394,0.304573882524239,0.297943938808612,0.290278806892345,0.28190615659329,0.273067566956613,0.263950614113451,0.254719151961853,0.245494770121159,0.236376601377333,0.227435189148628,0.218720927096412,0.21027311541772,0.202111257223501,0.194252262056538,0.186701801427408,0.179466583357881,0.172541756896783,0.165923657026683,0.159600453531496,0.153563598333018,0.147803504745314,0.142309633002856,0.137070704775141,0.132074470292621,0.127311141698861,0.122768599871518,0.118433875526255,0.114297991125205,0.11035220247011,0.106584486839191
0.184627632147278,0.191673889093299,0.199102096821156,0.20695191365902,0.215283226606184,0.224114065851212,0.233182735055472,0.243235049479609,0.2537751677674,0.264897170549522,0.27671445627566,0.289215092139713,0.302510638412248,0.316633820132013,0.331625910259555,0.347510974227472,0.364270670253442,0.382022941308464,0.401690567365584,0.420526810066232,0.441225604950474,0.462830811991215,0.485192212376331,0.508165517418074,0.53149003560047,0.554803151101991,0.577606456742163,0.599224592866479,0.618836171240055,0.635443297665306,0.647613068505105,0.653949846708671,0.652992326969227,0.643106932394077,0.622920554294337,0.591402525865238,0.54825569680156,0.494158877041738,0.430546153312864,0.359583214473377,0.284635788274414,0.209039495745506,0.136368842113251,0.0695453810456519,0.0112020575147812,-0.0367521317327694,-0.0735372234308309,-0.098598906613094,-0.112278223198775,-0.115174015994857,-0.108194149940639,-0.0925271622554752,-0.0694896805780718,-0.0404808783464132,-0.00691231353884392,0.0298672036298718,0.0686015467075003,0.107835786400431,0.146461452839121,0.183406421644769,0.217456007429011,0.247924282160339,0.274140685115747,0.295686456177021,0.312407583074084,0.324384604388443,0.331901337893428,0.335410242838736,0.335440523516996,0.332513285648966,0.32725484136796,0.320206893361154,0.311775440467577,0.302400746579911,0.292420973486151,0.282097743733398,0.271626473605164,0.261174502765156,0.250862537904573,0.240778438757836,0.230984275877661,0.221523265201375,0.21241833798733,0.203683931900964,0.195324892513471,0.187341706904136,0.179729679525111,0.172480356576786,0.165580033811485,0.159015670056916,0.152772368556915,0.146833805918407,0.141188478431817,0.135820435792299,0.13071541223666,0.125859895526196,0.12124091811523,0.116843104040683,0.112655469980325,0.10866840915857,0.1048681137398
0.181835008322396,0.188918295715365,0.196391636336923,0.204317302994626,0.212728706106895,0.221666400212043,0.231257041514668,0.240493534339651,0.251901068680756,0.263332193444009,0.275463069495578,0.288385329920168,0.302170806637874,0.316887303302941,0.332588440583846,0.349313169340818,0.367105231232437,0.386283023213619,0.406619739985668,0.427569594006132,0.450209516314776,0.47408900620872,0.499134931882826,0.525231929061049,0.552113937932923,0.579514730829894,0.606924931221853,0.633662243404344,0.658803266841513,0.68116938194652,0.699201324106075,0.710975459387358,0.714446277847995,0.707528774271384,0.68796657576339,0.654164695427432,0.605253346288297,0.541796728746769,0.465721479442807,0.379655965512284,0.288364209006271,0.196334829502749,0.108276810238468,0.0281295778244012,-0.0408367871396634,-0.0964180241838089,-0.137926968999308,-0.164776204669145,-0.177752261537522,-0.177855266743487,-0.166355916792486,-0.144822755020068,-0.11493778429516,-0.0784014340559025,-0.0368909129673385,0.00805691617820191,0.05490577349403,0.102010240490516,0.148105772089095,0.191722362141795,0.231712300746348,0.26710568821338,0.297082573304499,0.321187523190386,0.339308052374161,0.351586382225047,0.358524987776246,0.360745905905622,0.358957634548173,0.353928747884184,0.346446435214588,0.33715162549585,0.326519915927689,0.315110911811868,0.303260534082223,0.29124793351745,0.279263658100038,0.267472931777468,0.255985715382549,0.244885950861195,0.234198315436574,0.223961377599504,0.214186906601953,0.204876418018008,0.196021075664387,0.187606734178716,0.179631801799014,0.172068087385829,0.164900301606151,0.158108730180609,0.151672239150389,0.145572766300281,0.139789825221687,0.134306053796848,0.129105853804446,0.124172328180124,0.119490082989496,0.115041256705678,0.110813633013975,0.106796333420231,0.102973908216753
0.178655522721323,0.185741172115962,0.193241439241839,0.201198802189687,0.209667154496042,0.218692399563991,0.228198783681576,0.238412672267492,0.249287209597595,0.261012871136013,0.273417390007795,0.286688850331575,0.300905332656541,0.316149695393951,0.332490611847263,0.349982631333937,0.368760203674764,0.388690262268105,0.410919460512282,0.433291485393313,0.457898954754561,0.484137281386102,0.511972599391289,0.541376930600497,0.572192966630876,0.604101094137933,0.6367811733286,0.669502173182976,0.701330463314748,0.73093684487419,0.756642727661516,0.77601330434382,0.786193644623301,0.784292526570953,0.767044465721065,0.731748930813781,0.676710602043837,0.601972314258882,0.51010517769886,0.404571190204669,0.29227362464693,0.179044934556357,0.0713764065366212,-0.0252927124656174,-0.106840129396163,-0.170976222169241,-0.217179541707337,-0.245350462313008,-0.256559819840346,-0.252453684776859,-0.234829980447808,-0.205755793730568,-0.167315814127569,-0.121559154430754,-0.0704482511289882,-0.0157134238401573,0.0407048917318473,0.0971425347314843,0.15199983801533,0.203575888485973,0.250550924635165,0.291622441203435,0.325834034784035,0.35266474471391,0.37201345350291,0.384147787027849,0.389856622524357,0.390024714125199,0.38563110888803,0.377784734768205,0.367418606540547,0.355280450045744,0.342038953208938,0.328234312721906,0.314241040664027,0.300333608524753,0.286684076180666,0.273449658219469,0.260739375194372,0.248556287117052,0.236950785152878,0.225929028208653,0.215484770249066,0.205602892440499,0.196257233576746,0.187435182950572,0.179108604286266,0.171251312741941,0.16383863957886,0.156841815741176,0.150233216822414,0.143988750932497,0.138089147684495,0.132507959032044,0.12722914607421,0.122233203727028,0.117502086595893,0.113016312201361,0.1087620084924,0.104726743175721,0.100894128253376
0.175081220129318,0.182144311469573,0.189628266781986,0.197586400466838,0.206075222652685,0.215130100125895,0.224828041476832,0.234576082349254,0.24594191815281,0.257878437880101,0.2704832745427,0.284045140231157,0.298617695598671,0.314305258306811,0.331199458065118,0.349384547036761,0.36900718320651,0.389915416877744,0.413329020865815,0.437381521910751,0.463929713618064,0.492479210087797,0.523178615438142,0.556010960192218,0.590929103441731,0.627825728425434,0.666395763010539,0.706004020488857,0.74583334835203,0.784461884837421,0.819880364962472,0.849539816563396,0.869731318333337,0.875887392436917,0.863804210357911,0.828719753223246,0.76746616495891,0.679296162106021,0.567092280998205,0.436062949777384,0.295671502697367,0.154854468236703,0.0225692778751904,-0.0946252050799885,-0.191089292713237,-0.264548972030729,-0.315234929993979,-0.343532610521007,-0.35128060401517,-0.34100114302688,-0.315177187964254,-0.276455274199307,-0.227366427791388,-0.170428084917442,-0.107790272804833,-0.0414551284192334,0.0262729378871349,0.0937796729735878,0.158908932221686,0.219946332853208,0.275149225537485,0.322871297297823,0.361926738624665,0.39161509626072,0.411822377372669,0.423157222440297,0.426676641533094,0.423721823694618,0.415712496376041,0.404112794166922,0.390059383900928,0.374445732673042,0.358088381257026,0.341517831337268,0.325109303258113,0.309108556087488,0.293679678145977,0.278929028589137,0.264910611581148,0.251637090863158,0.239109309906105,0.227303130829028,0.216210888499802,0.205777246717752,0.195972653487133,0.186764203623445,0.178115715529479,0.1699929857643,0.162359795696313,0.155182227990543,0.148425737748729,0.142061878605808,0.136063424624473,0.130407295322365,0.125069110767485,0.120028106509442,0.115264770379629,0.110757796442224,0.106491396155896,0.102453365751515,0.0986238533167007
0.171100676771496,0.17809847922864,0.185536885102909,0.193450653816778,0.201908512629784,0.210965668185058,0.220547880754546,0.230949496014123,0.241689109406337,0.253850029027794,0.26663013813746,0.280377071041662,0.295215496720926,0.311243850090439,0.328581077442908,0.347311438727785,0.367615174235665,0.389708181066566,0.414564396657326,0.439612963183003,0.467872090957385,0.498650138301561,0.532079433529093,0.568405765303028,0.607574047168841,0.649696257857848,0.694682417027906,0.742160562334727,0.791175356304632,0.840761727793387,0.888707365565753,0.931879322483785,0.966112564805558,0.985405577910475,0.982725203709683,0.951063964231105,0.884280315452228,0.780268036428407,0.641707545046373,0.476536961613795,0.298179426457302,0.120647335058674,-0.0434794403088694,-0.185861706987883,-0.299221349753101,-0.382693209526802,-0.436521376734714,-0.462886138334288,-0.46485923613772,-0.445737625299347,-0.408975627734467,-0.358019147602745,-0.295798741142602,-0.225360672096446,-0.14894743000841,-0.0690486798523609,0.0121153067354287,0.0923539324983208,0.169712108628468,0.241952282924523,0.306977378922621,0.362667452737162,0.407334372956554,0.439990671705601,0.460515690082102,0.469931228285891,0.469895648481565,0.462290825171227,0.449336208205138,0.432790720354464,0.414078397063378,0.394309322966854,0.374309103185586,0.354605898488447,0.335524119442147,0.317268162510657,0.299951586907535,0.283629804914604,0.268305327055571,0.253930003709659,0.240513124719804,0.227975701996631,0.216263772259254,0.205316458168109,0.195087003795086,0.185528939745142,0.176596113340839,0.168244544992821,0.160422763701712,0.153094322392822,0.146220511192741,0.139764885088245,0.133696212599047,0.127987083722183,0.122610477150091,0.117543950002102,0.112766882112165,0.108256176479493,0.103993761240163,0.0999695576685855,0.0961515864254724
0.166698981265278,0.173603574089463,0.180941944850345,0.18876827773951,0.197158247225752,0.206135704405618,0.215734378042566,0.226036065997156,0.236438271754546,0.249026272296113,0.261778116333546,0.275620374225955,0.290613754427519,0.306865494182016,0.324509491804997,0.343682794658681,0.36447337197133,0.38657036571584,0.413157846329698,0.439441625066207,0.469338378644343,0.502100167000522,0.538109122402782,0.577661891704271,0.621096640260551,0.668531583811173,0.720227948993243,0.776154482689087,0.835823408892234,0.898103195765212,0.961561107102897,1.02272995614119,1.07644760065118,1.11551526083286,1.12958932099931,1.1075288046563,1.03774439468698,0.914595233004959,0.741178573532574,0.528847752482219,0.297712520825667,0.0702891518998087,-0.135441545569252,-0.307615168831271,-0.439949088661162,-0.532068361019572,-0.586698379017636,-0.607943193720482,-0.600415231594411,-0.56892794040903,-0.517811037484604,-0.451380600096675,-0.37329816608501,-0.286655236174065,-0.194039017539043,-0.0984468134316158,-0.00173279165558573,0.0936379774249331,0.185237579385062,0.270821048702079,0.347845653838466,0.413312256262747,0.464685361672717,0.500359358824419,0.52030715498124,0.526112973813944,0.520359087168747,0.506118245333205,0.486388748606143,0.463450154349508,0.439020513428148,0.414342427523832,0.390185984176916,0.367014067011303,0.345070123686271,0.324441550512293,0.305199480011558,0.287288706130437,0.270690408984843,0.255303554630868,0.241039635664848,0.227811475320399,0.215535694355483,0.204128490970356,0.193525045026096,0.18366680183807,0.174495876692862,0.165950159717467,0.157985034857618,0.150548241642431,0.14359310041861,0.137078029844844,0.130968430039499,0.125231939373482,0.119839789114951,0.114769141327133,0.109998629878425,0.105502916470236,0.101264056741766,0.0972645987632231,0.0934835286498119
0.16186363683993,0.1686439170427,0.175849918100192,0.18355267675013,0.19181192002759,0.200666272364844,0.210151376790728,0.220299450531962,0.230968039502776,0.243015312466701,0.255847033444126,0.269702912593837,0.284747572034061,0.301081839391763,0.31887585214326,0.33829316944571,0.359479271637151,0.383080641599602,0.409028448843314,0.435616678117669,0.467829071017434,0.502272092207062,0.540519797973807,0.583031352051452,0.630323913165093,0.682925807971464,0.741284002805894,0.805924172720132,0.876863804214843,0.95384462485654,1.0356512223298,1.11964921869489,1.20046635414581,1.2687843208576,1.31144598680811,1.30959272921563,1.24367439431422,1.09889206501513,0.876470005498142,0.595427053369342,0.289352840961807,-0.00677277134265917,-0.265393431686601,-0.472596745812273,-0.623430609056456,-0.721678611690915,-0.772482574274067,-0.783324042123084,-0.761258583463267,-0.712810956730929,-0.643105409303426,-0.557483128302765,-0.460171209051959,-0.354252283376818,-0.243085089044279,-0.129192067029973,-0.014646626991558,0.0977342624494919,0.206061205861332,0.307823958328855,0.399819513653997,0.477783947349856,0.53758872261481,0.576397315006043,0.594210811817244,0.593713242701039,0.578994307847164,0.555216989679405,0.526372096989004,0.495354357778951,0.464090317680062,0.433760440072982,0.405019456749131,0.378126337914568,0.353193383685382,0.330192567549854,0.309054036133504,0.289663788078452,0.27187408361266,0.255537881129084,0.240517195925175,0.226684206728158,0.213923608111886,0.202127847634573,0.191215820325299,0.181114455134512,0.171755816425315,0.16307671381539,0.155015924487324,0.147515542293985,0.140521126802604,0.133984118735751,0.127865764698967,0.122129975872521,0.116747335622824,0.111694575196319,0.106950341182496,0.102490659956562,0.0982940080284868,0.0943420488715568,0.0906114163833408
0.156617768233567,0.163231202631699,0.170267220840468,0.177794612149738,0.18588522998629,0.194560082958601,0.203878355474139,0.213877181308847,0.224596258516776,0.236138546301445,0.248851079370431,0.262643010947765,0.277554596617081,0.293817396139822,0.311583977515613,0.331039773757011,0.352487890951165,0.376402177134946,0.402841907574371,0.430811392827645,0.462799999827189,0.498578672261982,0.538597101317958,0.583519829950898,0.634119457311317,0.691272066836363,0.755855405570702,0.828771899425683,0.91115453830359,1.00363681042031,1.10629955383427,1.21800352910968,1.33375977855314,1.44506408384522,1.53449342433844,1.57317665700275,1.5261094238348,1.35935012528321,1.06756444916012,0.679812738968811,0.262168066904227,-0.129550288071254,-0.454048377284463,-0.698577280341098,-0.864469803839416,-0.961298972626642,-1.00100776979403,-0.994013015909245,-0.950495252689842,-0.879033274379503,-0.785719372867696,-0.676811093885544,-0.556350986835285,-0.428044221349759,-0.295724300563583,-0.160927104059755,-0.0269369186560982,0.104678772423235,0.232670741694819,0.353928471305292,0.465114596161304,0.559895389820782,0.631209099514216,0.673490017270262,0.686526683903028,0.674792114902412,0.646323433667206,0.60891452777591,0.568118938943571,0.527223371903528,0.488054623753013,0.451491142633456,0.417857599780418,0.387159121831402,0.359287705134759,0.33403606280747,0.311155673706632,0.290416865813585,0.271584186130252,0.254440749524759,0.238794487461849,0.224474862555444,0.211332644506579,0.199237478232874,0.188091117107379,0.177813863114392,0.168333615249043,0.159580179212665,0.151483286999226,0.143973096794904,0.136987447070657,0.130471352357864,0.124379807895427,0.118673759444071,0.113324279090167,0.108310630742871,0.103615038118683,0.0992128578641593,0.0950807762635176,0.0911974912002012,0.0875344300044516
0.150961310417823,0.157370271903141,0.16420036829007,0.171510367566556,0.179378584007025,0.187811929857453,0.196887599315865,0.206609259346827,0.217141689454853,0.228326586328989,0.240615565489181,0.254399207635008,0.269003608646557,0.285028463774711,0.302571317803527,0.321820013420743,0.343147449324836,0.366931997398535,0.393906741701336,0.421668324835893,0.454107012094477,0.490554390906713,0.531639936926271,0.578227056131058,0.631242896389746,0.691870706664437,0.761508422865127,0.841704093196567,0.934584519652695,1.04214772432712,1.16654509385851,1.30917611844223,1.46849557124858,1.63808286351942,1.80041532193706,1.91726988855868,1.92301157360262,1.74266645207341,1.34333115582916,0.783951774719604,0.189788915880256,-0.332612352261511,-0.734297284696019,-1.0111207192455,-1.18094955855992,-1.26339651526805,-1.27955557207611,-1.24386854666974,-1.17071552501632,-1.06900426076911,-0.946119991661986,-0.80927283494036,-0.661238680110913,-0.508123384832991,-0.351809192705397,-0.193952380731182,-0.0385296496055162,0.114666239975124,0.264387911177043,0.409121025238675,0.545275166301278,0.664275384109997,0.753657476079886,0.800780128560645,0.803509946178636,0.771721833178904,0.72166779745266,0.665299423046226,0.609451615189408,0.557012469358702,0.509172585489962,0.466134973277105,0.427649789675146,0.393325317130255,0.362732425954585,0.335466729430869,0.311094749579903,0.289253408397202,0.269598964995036,0.251842179544431,0.235742937453643,0.221088342774378,0.207691464791707,0.19539641034137,0.184097359651744,0.173715821353672,0.164183659760085,0.15542871340172,0.147363738710498,0.139905672627429,0.132982630244237,0.126535773084977,0.120510599045518,0.114862932220393,0.109566640831646,0.104609554266855,0.0999829506730467,0.0956637248880802,0.0916225089288233,0.0878310033082967,0.0842568889548363
0.144901332944634,0.151076211348905,0.157656058014619,0.164697428320568,0.172281509076754,0.18040312482206,0.189157013441408,0.198578310984972,0.208760635495985,0.219952546474932,0.231081333541415,0.24480767225116,0.259066424117405,0.274681373874672,0.29181176181209,0.310663141215633,0.331525400334492,0.353993259051364,0.380349273929642,0.409101020502984,0.441355104149845,0.477784603913195,0.519156155610691,0.566381289745043,0.620619217527302,0.683305511967064,0.756180560966407,0.841687135509469,0.942746524150933,1.06295314030038,1.20703214924646,1.38022133469452,1.58713896444108,1.83034486568433,2.09933972410726,2.35566335875773,2.49376893019003,2.34312522151344,1.76597922747406,0.888391162408762,0.00707566077023166,-0.684669878371897,-1.1534048250775,-1.44300468949716,-1.5910640741536,-1.63634054967805,-1.61216378583124,-1.53703833489339,-1.42337387635668,-1.28247798622418,-1.12307103083097,-0.953331366203643,-0.775039031147249,-0.591919889057441,-0.410855384417288,-0.228373098504514,-0.0486594741115523,0.12611142671173,0.29991367870917,0.470548207160425,0.639128876015321,0.795428423854681,0.919150923707838,0.974301494493444,0.953379138767406,0.885061879231511,0.80172307698699,0.72028322252055,0.646650812517343,0.581784338922092,0.525296809605171,0.476107141314034,0.433204528268521,0.395703325548159,0.36282413458503,0.333935680566638,0.308476159265289,0.285895287977308,0.265706793190174,0.247575231040344,0.231238526724145,0.216442095825913,0.20293981999468,0.190550947494865,0.179181581081483,0.168761185355032,0.159246317165753,0.150583466555841,0.142639563536231,0.13529632373385,0.128496171274581,0.122178625116779,0.116265849968139,0.110700258128479,0.105469898918413,0.10057488816528,0.0960332675629527,0.0918356989030094,0.0879181690245302,0.0842428311937625,0.0807851068009447
0.138459857637832,0.144357787250518,0.150641037332775,0.157343596584859,0.164596095933801,0.172359129866716,0.180743568834346,0.189784539398585,0.199509607854737,0.210094044327913,0.221458487349452,0.234024885733156,0.247779652219447,0.262791443708228,0.279291402233668,0.29747537553068,0.317604689040798,0.340298789676898,0.365859380402221,0.392891953908422,0.424359681624104,0.460045814155302,0.500728656730363,0.547414845868817,0.601381331737794,0.664255616107385,0.738084586681317,0.825730868665602,0.930884691204194,1.05893745123515,1.21659389995527,1.41401473582097,1.66377767454495,1.98298869649723,2.38908178872025,2.8706256494677,3.32367648356418,3.35711708035013,2.45604621570389,0.909206698103264,-0.464009081127216,-1.30314157589138,-1.78041416494531,-2.02965739243405,-2.11032046495595,-2.09459094306964,-2.00626132650707,-1.87145992437885,-1.70571648883545,-1.51765399060326,-1.3189776401231,-1.10801049975032,-0.895632989178979,-0.68185517661987,-0.470890099910522,-0.259103580944334,-0.0576164192657258,0.140289715493673,0.33276282432938,0.531665761118098,0.739719670561417,0.952576853369058,1.16313382975341,1.22773859475932,1.14622749098903,1.00878799569727,0.877399659672716,0.766258096551821,0.674159532568295,0.597852664735916,0.534002157677894,0.47967442242901,0.433268366928247,0.393437552601547,0.358880557964056,0.328879810501731,0.302972107845701,0.280151953523932,0.259746163324249,0.241493615718978,0.225171281320747,0.210500157940266,0.197074021808267,0.184667081921399,0.173308251173492,0.162887704275753,0.153418470716019,0.145024302089696,0.137312877569875,0.130135426390658,0.123503998424302,0.117392635421179,0.11167208882199,0.106206279323836,0.101062594144653,0.0962040562418043,0.0917310705613172,0.0877417667905573,0.0839841692510876,0.0804352371437079,0.0771175519069281
0.131640808656775,0.137228850392328,0.143158016878967,0.149499349899733,0.156355669689939,0.163743741764684,0.171688466815356,0.18021645952793,0.189408054514098,0.199460350377551,0.210261138396286,0.222144232057386,0.235178439814083,0.249406024641677,0.265055048642112,0.282324910417294,0.301505928849836,0.322963786032686,0.347819801802009,0.373099831525717,0.403124110187801,0.437235569809657,0.476205766548484,0.521049005623422,0.573064626320517,0.633936987578248,0.705837712513241,0.791832651037364,0.896077395064403,1.02446957239373,1.18563082566394,1.39254013694125,1.66564673437002,2.03687569150906,2.56154321459374,3.32976476142347,4.39411101370251,5.32784845895772,3.51446478221799,0.367072667536515,-1.52150921722607,-2.33945255409788,-2.68614195464065,-2.7662483106997,-2.76309969553718,-2.6651787807307,-2.50228126954285,-2.29370894912643,-2.05506146742461,-1.79780426040254,-1.52788544965813,-1.25641460252651,-1.01156849879568,-0.766209574762228,-0.524294234225424,-0.288661282160512,-0.0624270004163945,0.15163375637043,0.36100272119917,0.579892483628518,0.822734732766755,1.10726768280558,1.50382430513515,1.63168499092265,1.36997071912718,1.11399458655704,0.929730481348048,0.791174877785076,0.684430896277261,0.60055248798305,0.532901723292311,0.475014716447994,0.426561058318989,0.385849799116894,0.350507795581878,0.319740197681196,0.294686694038742,0.272156622721341,0.251802450366448,0.233710589890726,0.217707288335027,0.203614007979141,0.190622882062561,0.178122785481081,0.166971303856015,0.15667953632426,0.14689585801055,0.13938172777652,0.131902628195134,0.124918246410436,0.118495017414304,0.112652581098274,0.107273214409514,0.101759537744609,0.0967618885771013,0.0919820684652052,0.0872920071960792,0.083927112410697,0.0802334524419685,0.0767742288898672,0.0735862327245126
0.124467918490162,0.129681582030199,0.135246306460847,0.141191762825907,0.147632043123728,0.154564828951456,0.161964712865951,0.169932945670232,0.17857472736825,0.187898911252866,0.198040997149988,0.209126122561339,0.221298073521224,0.234575444945438,0.24918306939695,0.265304523092826,0.283246552007085,0.303301832932098,0.326000062488678,0.349775447489836,0.377747810996484,0.40947767047984,0.445709134221659,0.487381510996226,0.535713995166053,0.592285838023756,0.659158558450923,0.739224105278266,0.836467782762732,0.956572281543828,1.10795345098844,1.3038280918988,1.56578405912403,1.93040091342031,2.47052513400699,3.34410090432702,5.02899591049832,8.88513415592313,2.94732010334285,-3.43610101553591,-4.59205967740179,-4.83255085520728,-4.83258952220943,-4.67332677786681,-4.42460714205216,-4.15642561240422,-3.85590000831887,-3.53648457117947,-3.22181664845089,-2.89899719193584,-2.57722392629366,-2.26242231275934,-1.95094093288032,-1.64594645219761,-1.35001411471215,-1.06350680482174,-0.790144862209218,-0.531870566407429,-0.281302569954973,-0.00817214135947934,0.394372804183619,0.847443778284222,1.43491039587376,1.71798941648663,1.37249814804791,1.1008346555025,0.911478409156568,0.772657370857779,0.667362922739501,0.584581667827689,0.517052373471037,0.460606079751369,0.413516021381696,0.373724410276516,0.339074612211276,0.309002850287841,0.284115902914851,0.262338157576199,0.242630261802842,0.225056641080281,0.209357072457089,0.195375617663758,0.182548920630813,0.170774522460556,0.160075532932623,0.150207112295084,0.141083137860801,0.133296449082436,0.126088294688113,0.11928960686785,0.113076518160922,0.107419483203884,0.102100137956848,0.0969827870050254,0.0921711326715087,0.0876360158651837,0.0834201800191362,0.0797578551795946,0.076304322231441,0.0730326992863394,0.0699873751868235
0.116944298022345,0.121777043408273,0.126945709925075,0.132453846235222,0.138431028637175,0.144798542997631,0.151643555930716,0.159028896299783,0.166946808373951,0.175535313955194,0.184973703264819,0.195168213102977,0.206245049335404,0.21857791922119,0.231824316284643,0.246287546691268,0.262931046915437,0.281330259503606,0.301590142764814,0.323399052534419,0.348523830990271,0.377019888950033,0.409545369666257,0.446827208129037,0.489884587862571,0.540018244076663,0.598823696604735,0.668708372211304,0.75294501136682,0.855947072008391,0.984140090124704,1.14718307615404,1.36010407372628,1.64645068209279,2.04797803318373,2.63768559351105,3.49699893925327,3.53817002130847,-10.2374494612499,-9.61290646054008,-8.47677416400598,-7.76522928417958,-7.1616670495223,-6.61970511090378,-6.13138186550959,-5.66225335547958,-5.22073157203469,-4.80039083473202,-4.39374428644273,-4.00735470217498,-3.63557316942695,-3.20450172017153,-2.75368791850389,-2.32125898814201,-1.90809957103327,-1.51453432972183,-1.14178294164239,-0.78603925990728,-0.443190916620315,-0.0923095136876576,0.267284503059934,0.634136973815218,0.967485957943407,1.12866158184536,1.0582169309589,0.926385369063626,0.798765361167591,0.692637733146481,0.606075292347486,0.535323380306392,0.476539484605242,0.426848488851867,0.384455863011491,0.348144704152095,0.316681482970594,0.289532006356282,0.26622124627041,0.245684521402515,0.2273672095148,0.210999427466352,0.196349830559548,0.18320985893977,0.171255135901277,0.160312450678319,0.150291735404428,0.141101185102078,0.132743087136844,0.125276848564728,0.118438406062752,0.112104516627822,0.106240876808753,0.100785463363395,0.0957230494340137,0.0909786178574657,0.0864903997181721,0.0822956702653589,0.0784025756181471,0.0748468925743807,0.0715618415826795,0.0684639062430573,0.0655387500284228
0.10910555531962,0.113549515744514,0.118285804363858,0.123312749187351,0.128727473785267,0.134542257618834,0.140822407776639,0.147491491381417,0.154668214244002,0.16248152709924,0.170938345258005,0.18014792906915,0.190005029156917,0.201222802590911,0.213041466959366,0.226253402331173,0.239969903888512,0.256326660705904,0.275709003357664,0.293740459675942,0.315879202517546,0.340593852153938,0.368582745062548,0.400398760029655,0.436782323196434,0.478646224368124,0.527019802763819,0.583597328254512,0.650251962313419,0.72940344923691,0.824233428351605,0.938245004026104,1.07532517251739,1.2363606472342,1.40948776575005,1.53062072843099,1.30749911545374,-0.267939000050376,-4.44228246152989,-7.35374148743728,-8.11230285403128,-8.00281890379881,-7.58213624280884,-7.06215065988047,-6.51368093413092,-5.96699791434003,-5.43341697481265,-4.91909471312465,-4.424353876812,-3.95070109706556,-3.50015374807047,-3.06919188710858,-2.65586898805394,-2.25609065043379,-1.87657038275006,-1.51313111269083,-1.16931295969808,-0.837091464147921,-0.518211062455407,-0.207852773630375,0.0946495675764448,0.379202634753681,0.610983846358823,0.741672963350971,0.764041262811727,0.721486840477857,0.656093950001609,0.588289273234116,0.526401758248457,0.472022053946752,0.42469943319112,0.383602108028082,0.347827594594894,0.316607190772325,0.289296084463598,0.265394531395592,0.244435340566349,0.225895055003169,0.209366316282835,0.194551770180839,0.181226578964135,0.169193788397705,0.158247481669825,0.148245572176997,0.139095661530825,0.130727936868735,0.123091414123534,0.116135537295226,0.109759899755044,0.103879790237219,0.0984398040731881,0.0933868326426356,0.0886823106640655,0.0842835841705096,0.0801572118344858,0.0763009190820443,0.0727149136828021,0.0693905820500743,0.0662994976024735,0.0634016948946619,0.0606726481186773
0.101005397867499,0.105032703862245,0.109286456197532,0.11378535106731,0.118662419080866,0.123902373695037,0.129496555018723,0.13540740955614,0.141833882033747,0.148677198574566,0.156159799392729,0.164245823029283,0.172526978462725,0.182539251201468,0.193106718294919,0.204461380122492,0.216636048808884,0.229399604472992,0.246034040351254,0.262038797517442,0.280427778742447,0.300833485224755,0.323659275065542,0.349224114939051,0.377941604384305,0.410270330303744,0.446691139791874,0.487821734363156,0.534180542205568,0.585855055942613,0.642515137753203,0.701518136598695,0.757562777400695,0.793445467274949,0.76740334079782,0.571536290578542,-0.00576295729431194,-1.30823871822272,-3.27341791655566,-5.07234636580711,-6.0228774174723,-6.35090835639113,-6.29859925070981,-6.05155960735813,-5.71148792571733,-5.33785050264557,-4.91652386204122,-4.4990464841093,-4.09052293146457,-3.68360453297576,-3.28734335848865,-2.90367989038728,-2.53059424169409,-2.17632051871084,-1.83458884090911,-1.5045323088191,-1.19278448897764,-0.88797615500541,-0.597577648266105,-0.321318557776078,-0.0632353449682133,0.167126477604797,0.350920945141041,0.47169243436969,0.527414420631724,0.532908690910977,0.510828342752696,0.476295001518795,0.438235023331312,0.401055459989493,0.366421779656188,0.33489178059422,0.306507337789283,0.281101775549944,0.258433278504618,0.238224592614437,0.220190717139229,0.204085726112483,0.189640671272317,0.176598887800826,0.164786475782528,0.154065266273936,0.144296137620589,0.135343394194674,0.12714150610157,0.119622991572747,0.112732460890277,0.106407041913936,0.100599886518583,0.0952309404034233,0.0902546907708049,0.0856324055969917,0.0813332577014379,0.0773132110412991,0.0735521089209099,0.070032366297316,0.0667522660831619,0.0636953964764173,0.0608399633971066,0.0581635379843437,0.055644854400446
0.0926780141241813,0.0962551241448263,0.0999825929072212,0.103969644396372,0.108257135797468,0.11285715881025,0.117731154519019,0.122910334459609,0.128398026138066,0.134217110370671,0.140872260512388,0.14789380198504,0.155423775637872,0.163157153640036,0.17199374727239,0.181454625352201,0.191646460223373,0.202652200040453,0.215744542112686,0.228249099539122,0.242836583114862,0.258566777517791,0.275827797674726,0.294668600376787,0.315165104494556,0.337389618543574,0.36118266268678,0.38611632442904,0.411439026325031,0.435527672959552,0.454675124584224,0.46348011168236,0.449446849805744,0.389856160885664,0.238110398933367,-0.0755912706463131,-0.661918937711295,-1.59863179506644,-2.78042551901234,-3.89904967104176,-4.68872582108174,-5.10248924877338,-5.2293542819194,-5.16443664114021,-4.9797382483264,-4.72122246179642,-4.41861134453835,-4.09368867915834,-3.75730828499694,-3.41520258532291,-3.07509838844276,-2.73946750993608,-2.41185687167491,-2.0936832764392,-1.78641539609546,-1.48687360828141,-1.20285401478519,-0.927581931819766,-0.668831103433171,-0.425097689972093,-0.200701727617929,-0.00525840339587772,0.153293352345149,0.267167063293026,0.336751301859925,0.369495800220359,0.375263611365645,0.36593696027551,0.348210419812371,0.326894180651801,0.304629852205934,0.282773008106447,0.262032474507993,0.242735517031265,0.224978989571866,0.208755074580066,0.194019516602818,0.180636898381163,0.168429021075317,0.157346354714915,0.147229830646318,0.137973578265703,0.12948312907012,0.121678591952284,0.11449479892576,0.10788074745429,0.101789152789372,0.0961736698669743,0.0909855291022373,0.0861784415648654,0.0817158885938319,0.0775679316877387,0.0736898964678011,0.0700740810070378,0.0666910746517264,0.0635310609349627,0.0605672868943003,0.0577956636172621,0.0552009917137529,0.0527658199186048,0.0504716152534067
0.0841231170592143,0.0872171173621464,0.0904555080526935,0.0938834095923129,0.0975299460157373,0.10148683195103,0.105641077513052,0.110003028795729,0.114727253413533,0.119765230833975,0.124768629639084,0.130985408035259,0.136954658024156,0.143330607415986,0.150241410082967,0.157696674607192,0.165662681519969,0.173995829463201,0.183451107832905,0.193321810922471,0.203871622679469,0.214673975029959,0.226219312647896,0.238192193795618,0.250419736385278,0.262505156407328,0.273778979732424,0.283129306671826,0.288720129154872,0.287185729829324,0.274920004802574,0.242449509981741,0.177905542545678,0.0586142963284409,-0.146799999013516,-0.482759728377056,-0.991768732786314,-1.67626944169434,-2.46936010150151,-3.2306235556284,-3.83075953972675,-4.21897981375211,-4.40508904257101,-4.43208072631981,-4.345916546866,-4.18075858912171,-3.96415769279013,-3.7125593913456,-3.43914278129977,-3.15629691900883,-2.86646265825862,-2.57578737421666,-2.28778623881115,-2.0055049923868,-1.72968159078108,-1.46289579443082,-1.20593043048435,-0.960550071237209,-0.729020943409497,-0.512642573259591,-0.31600764346779,-0.144236592196594,-0.00196594991646893,0.106795094757525,0.18258724516128,0.229419642428024,0.254074843627302,0.262552880927135,0.260954217728382,0.253184663898758,0.241967170284901,0.229210981245047,0.21588725625996,0.202642703423605,0.189837850710857,0.177729847538478,0.166417736947787,0.155907229372689,0.146167774203069,0.137158630829881,0.128785950307236,0.121090148661102,0.113969034586804,0.107369302716668,0.101263952595933,0.0956036824294997,0.0903588768239991,0.0854944061662154,0.0809751923610201,0.0767744337269157,0.0728617278850868,0.0692097841322416,0.0658059386891008,0.0626142224928482,0.0596226322033354,0.0568157962011065,0.0541817691876865,0.0517161140528478,0.0494010135861522,0.0472236491030117,0.0451709596355833
0.0754007890367019,0.077996167227019,0.0807200226003572,0.0835620528836668,0.0865880334340474,0.0898468689610169,0.0932801954861847,0.0968031299309487,0.100667767882398,0.104681056210633,0.108835536775865,0.112761730657716,0.117844372787484,0.12280154214648,0.127963332130277,0.133375679616626,0.139217249249185,0.145302918880782,0.151457878237944,0.157941263317851,0.164100118636759,0.170088394902057,0.175985261641634,0.181415255604646,0.18560438368542,0.187981185067709,0.187599902330624,0.182826216033197,0.171279957665532,0.149247395181657,0.111431624919986,0.050134030954786,-0.0460897051958448,-0.194561779430857,-0.414397083232838,-0.729168728477837,-1.150765436419,-1.66924149824648,-2.23747208569063,-2.7858411964798,-3.2434614860269,-3.5720441105716,-3.76435783547838,-3.83485120410548,-3.80798999391791,-3.7078292742264,-3.55375660720395,-3.36238329762352,-3.14413510426661,-2.9093529327688,-2.66505437694094,-2.41536799075087,-2.16390664996909,-1.91508695217921,-1.66973834815307,-1.43276939782999,-1.20283401953128,-0.983356254993919,-0.776304556323178,-0.58382451513594,-0.409118615624651,-0.255378981721321,-0.125897752904591,-0.0220315501205532,0.0561333451038747,0.111409266937304,0.147257181464048,0.16847920246086,0.179074817383807,0.182311549957986,0.180539465916006,0.175895742891751,0.169413369383028,0.161886545936131,0.153900941015942,0.145842210177727,0.137953461997434,0.130350936236939,0.123095812638837,0.116218755768486,0.109726520290654,0.103607937135143,0.0979067634661654,0.0925617494328447,0.0875555682850317,0.0828984316619602,0.0785336533983262,0.0744520015660848,0.0706395508173308,0.0670757249570628,0.063741656379532,0.0606201054252426,0.0576917673702551,0.0549412124045626,0.0523538172133441,0.049921785723091,0.0476324932340255,0.0454836897727102,0.0434604722997177,0.041553377349622,0.0397552258028162
0.0665221975257607,0.0686640302034945,0.0708368719282043,0.0730811333471028,0.0754672722477766,0.0780431238668528,0.080696886751834,0.083379217587143,0.0862978693780747,0.0892651942684902,0.0922056658574107,0.0952444284443906,0.0985832506412567,0.101992133045166,0.105388697926059,0.108776928021785,0.112393038703712,0.1157470852137,0.119384963302484,0.121873513327875,0.124018468474129,0.125626240374508,0.126359231325596,0.12537813791027,0.122190144941509,0.115872104134566,0.105252549739171,0.0884340072061972,0.0628418723611877,0.0248243731818419,-0.0308373023582807,-0.110330402951655,-0.22353157897623,-0.380779264566307,-0.594141900636363,-0.873422872844804,-1.22102343489226,-1.62247259188899,-2.05035937322435,-2.4606965337687,-2.81526900217712,-3.08690857939051,-3.26301858728401,-3.34919238728815,-3.35590414147042,-3.2986326968902,-3.19108109925922,-3.04540870696676,-2.87237693299724,-2.67953092825925,-2.47355549585625,-2.26007219602583,-2.04270707538325,-1.82435397472196,-1.60847893264254,-1.39700332117644,-1.19275245718058,-0.996880163014412,-0.811759970870255,-0.639688952770451,-0.48302636486685,-0.344059520645223,-0.224895841877133,-0.12626742908238,-0.0480940098815562,0.0113835661961548,0.0546519544024228,0.0844596444130193,0.103914202338522,0.115808388866632,0.12192927050147,0.124132558450108,0.123719485443847,0.121434264988622,0.117920728080946,0.113722018089729,0.109142315280063,0.104389045050756,0.0995895931723427,0.0948356573458856,0.0902076321684527,0.0857443070011554,0.0814616592210707,0.0773921031156563,0.0735196300938935,0.0698522839420072,0.0664035555518598,0.0631320313504302,0.0600480900203477,0.0571419612914418,0.0544042770202499,0.0518260844933032,0.0493935155520833,0.0470950891123827,0.0449262552181183,0.0428793419665051,0.0409444376473457,0.0391228149256647,0.037398591043735,0.0357735156694511,0.0342311039362245
0.0575558879214291,0.0592109442811953,0.0608331512826506,0.0624930706447254,0.0642538655547217,0.0661067025169213,0.0679712931070647,0.0698503647197881,0.0717760665625676,0.0737208846019164,0.0755956378215313,0.0773954290949459,0.0793158272207329,0.0811689357789154,0.082755291569275,0.0842171852134406,0.0855482734695494,0.0860120068874651,0.0864216298177224,0.0858656697384326,0.0841378137725367,0.0822449328923241,0.0779250273052569,0.0712889989563908,0.0615731818477991,0.0477590475810993,0.0285814659771122,0.00208862839393507,-0.0342250657107307,-0.0837070612250817,-0.150590137296534,-0.240277959312544,-0.359069935607435,-0.513699558914616,-0.710773198169532,-0.954142487558766,-1.24111382545977,-1.56045522975843,-1.89169713300227,-2.20900142768877,-2.48823051241811,-2.71115547891872,-2.86577345513737,-2.95271729884678,-2.97682065492785,-2.94697610876727,-2.87256723642563,-2.76269378543673,-2.62515847939619,-2.46722423125809,-2.29487097631056,-2.11271575773645,-1.92487381188493,-1.73477558479224,-1.54482025272098,-1.35768836586857,-1.1761180849944,-1.00172068689423,-0.836413316097629,-0.68212487954139,-0.54082564072315,-0.414476860982461,-0.304303873094617,-0.210846238162443,-0.13407950842339,-0.0729093910282653,-0.0254439333275844,0.0102025074798235,0.0361881505239161,0.0545116009838896,0.0669509579941585,0.0748973703598686,0.0796538149341298,0.0820098662411895,0.0825560506904142,0.0819098819836555,0.0804470033651597,0.0784051323447305,0.0759641042366111,0.073293013845228,0.0704963226322166,0.0676490175396985,0.0648046004375139,0.0620009826532489,0.0592642834089349,0.0566126278143374,0.0540579780433752,0.0516153505322248,0.0492708549648605,0.0470338522732909,0.0449037590009424,0.0428789021670886,0.0409491383319352,0.0391151073429213,0.0373729075620056,0.0357186152615698,0.0341454349286276,0.0326578699187449,0.0312427575142815,0.0298991760067746,0.0286253190072374
0.0485470292860058,0.0496964726124734,0.0507599103115794,0.0518675697717215,0.0529577087503472,0.054109624380336,0.0552501898053969,0.0562333679649112,0.0572896496100293,0.058144264747703,0.0589856404492569,0.059569363138006,0.0601064570002932,0.0604218012248743,0.0603279865378944,0.0598925601837069,0.0590052833856545,0.0572488068209171,0.0543043962260238,0.05208762187432,0.0467506837053829,0.0402863207725419,0.0315649692716673,0.0199954046129749,0.00474078882724981,-0.0152574796573967,-0.0412441238298433,-0.0750643470665457,-0.11902190090073,-0.175903381597714,-0.249074292881003,-0.342317034264249,-0.460049211049144,-0.606529238783895,-0.784871643347985,-0.994978120675367,-1.23366565473063,-1.49136737398017,-1.75427031181611,-2.00549173873089,-2.22889680291877,-2.41207550535014,-2.5452665448042,-2.6267345518499,-2.65883264526232,-2.64611776976546,-2.59478069114294,-2.51150480221724,-2.40249935756836,-2.27339628048703,-2.12899012669908,-1.97415607910739,-1.81256783485177,-1.64701298434237,-1.48067940749182,-1.31572587374257,-1.15447699688826,-0.998998445314647,-0.851366576578063,-0.712781607218178,-0.585098925125174,-0.469774920216232,-0.367868307951629,-0.279651362014796,-0.205118208686003,-0.143683780115123,-0.094078054192307,-0.0548268080185205,-0.024395719431013,-0.0012333006442729,0.0161291272428591,0.0287922865841957,0.0378213288784605,0.044167833821371,0.0483281194484441,0.0508835238924948,0.0522554392808876,0.0527280548009306,0.0525279452202501,0.0518423559024854,0.0508077917233451,0.0495276344517309,0.0480803370317562,0.046528230462345,0.0449091894555622,0.0432634905986288,0.0416144935420664,0.0399811740326838,0.0383782221664488,0.0368129413232459,0.0352936277135063,0.0338229262028203,0.0324042873363545,0.0310390811498905,0.0297278567482614,0.0284704876834045,0.0272663421610855,0.0261142850659477,0.0250126464331534,0.0239599159858627,0.0229541401552009
0.0395181045027955,0.0401426786707901,0.0407110279027444,0.0411871294548955,0.0416797295902128,0.0421510216930781,0.0424982147046632,0.0426886308950998,0.0427925725833362,0.0427330038510564,0.0424405888196407,0.0419048283592613,0.0411305245640041,0.0399256740459359,0.038276757859892,0.0360015564170004,0.0330509438764608,0.0289083125767246,0.0246449343337137,0.0185274565979122,0.0103007909094668,0.000404860770809093,-0.0121114762324687,-0.0278674195230756,-0.0476726443970679,-0.07251940794212,-0.103660271477053,-0.142724673447924,-0.191622080931498,-0.252539945774511,-0.328036908650372,-0.420980061932086,-0.5341113155649,-0.669695130043145,-0.828403563821563,-1.00976078487075,-1.20962392826698,-1.42085675326707,-1.63367964559662,-1.83606412933797,-2.01731224437814,-2.16859863853735,-2.28229618986514,-2.35618042472225,-2.39074714164596,-2.3884088268425,-2.3532000061502,-2.28974462689,-2.20282810729101,-2.09703544950508,-1.97659067687798,-1.84499470801675,-1.70590360637479,-1.56235187706184,-1.41677797359728,-1.27154223817816,-1.12862642614431,-0.990297915754557,-0.858013470071165,-0.733538489523963,-0.617967683573131,-0.512585531365118,-0.418291302652014,-0.335352548642687,-0.26376403302487,-0.20311337312596,-0.152686595755322,-0.111291467182458,-0.0779196140526367,-0.0513152332982981,-0.030326730207893,-0.0139079341098536,-0.00129195242916379,0.00833609195463029,0.0156057647506741,0.020987142374864,0.0248985791672914,0.0276687404013209,0.0295413155033751,0.030713181788368,0.0313433920618688,0.0315565483657387,0.031449422921155,0.0310953208118479,0.0305671341827891,0.029897720191581,0.0291379883434234,0.0283105444922115,0.0274384189809038,0.0265439314064953,0.0256276536595031,0.0247135618127632,0.0238050859108197,0.0229085151831088,0.0220286453867595,0.0211690665771837,0.0203322717245353,0.0195173395535405,0.0187285993596008,0.0179690334812231,0.0172360393528438
0.0304748177339896,0.0306416315622233,0.0306834917192593,0.0305871145670103,0.0304658280184861,0.0302396917239709,0.0298692697609622,0.0292809327949871,0.0284739115852689,0.0274637650855827,0.0261798573453278,0.0245044402699977,0.0224105491559513,0.0198449714757873,0.0166902293560396,0.0127387039677955,0.00799292393960384,0.00213983876653949,-0.00516064996308119,-0.0134039605500725,-0.0241663945055601,-0.0370029473033696,-0.0527058310051736,-0.071874855211782,-0.0952857640162592,-0.123796395885178,-0.158578150666132,-0.201037112297928,-0.252683093197865,-0.315065410015584,-0.390449646045399,-0.480491274857696,-0.58675429964404,-0.710184374858765,-0.851004051286454,-1.00752717509762,-1.17627721753472,-1.35161782743996,-1.52622098602116,-1.6920004489762,-1.84099141073073,-1.96645660440231,-2.06356078120761,-2.12918132661681,-2.16330150308466,-2.16703112412422,-2.14299030666993,-2.09442773406051,-2.02484984141505,-1.93782440482289,-1.83686569477183,-1.72521141073953,-1.60581965501337,-1.48119555688761,-1.35395548256818,-1.22623311219962,-1.09987180021167,-0.976628523885187,-0.858215696405153,-0.746091640780492,-0.641390630081892,-0.545082629153869,-0.45788421555334,-0.380102155096578,-0.311793999048238,-0.252791919266665,-0.202493818708916,-0.160149226063326,-0.124887402146376,-0.0959112420356173,-0.0722724428320981,-0.0530719888518106,-0.0375653249002587,-0.0252074498532264,-0.0153359231928845,-0.00750906327158231,-0.00134981394511059,0.00346005733496972,0.00721224657888542,0.0100907431912214,0.0122672825711261,0.0138806411194092,0.0150320329676576,0.015827932011786,0.0163431985733903,0.0166274997087671,0.016715878405587,0.0166730556563758,0.0165164628268564,0.0162712132253351,0.0159577301827394,0.0155926881139931,0.0151886811770008,0.0147564871426163,0.0143048426883161,0.0138408213560384,0.0133670095504646,0.0128915512447367,0.0124179746263779,0.0119490391717994,0.0114887061449957
0.0215254726719104,0.0211942702728532,0.0207223413739664,0.0200748100745709,0.0193250319018437,0.0184638801917631,0.0173583208714799,0.0160126988216121,0.0143634756489921,0.0124617900408548,0.0102122207015668,0.0074912197353667,0.00417461153788866,0.000361026037963849,-0.00419735391429964,-0.00970071792467576,-0.0160380074278227,-0.0241465517831565,-0.0333959546999535,-0.0431969843168368,-0.0564538336439383,-0.0717408322716832,-0.0899901631906762,-0.111838071243582,-0.137944615274764,-0.169051392513364,-0.206208507702647,-0.250539856299717,-0.303177063831184,-0.365508817617703,-0.438847072445899,-0.524315733193785,-0.62271353916074,-0.734433029155829,-0.858854510247429,-0.994344400524247,-1.13780677308849,-1.28497314112839,-1.4299685878758,-1.56767219972426,-1.69133064129963,-1.79641229631026,-1.8789872734591,-1.93683497282638,-1.96894383380496,-1.9760619819219,-1.95974153024375,-1.92230102003365,-1.86628802494823,-1.7944721916763,-1.70968887203707,-1.61466979032067,-1.5119668695474,-1.40402417161259,-1.29283573777878,-1.18043875919526,-1.06865089735295,-0.959074253764277,-0.853113169367525,-0.751969590760604,-0.657035750495144,-0.569045969555911,-0.488461300383357,-0.415699385997955,-0.350920813843064,-0.293989340332526,-0.244554069782104,-0.202091860817017,-0.165931466591039,-0.135404070415623,-0.109839538546904,-0.0885753174590549,-0.0709175318483984,-0.0563082218929587,-0.044320610451513,-0.0344199817716896,-0.0263161462434685,-0.0197102485688129,-0.0142892603568466,-0.00986835638958583,-0.00627752854228534,-0.00337851112274716,-0.00104447105989993,0.000831527515596003,0.00233393786639603,0.00352013999162952,0.00444571471325804,0.0051393304172707,0.00567438180420509,0.00606359104210804,0.00633221068229334,0.00650450731513942,0.00659487533676206,0.00661891871884773,0.00658895447242742,0.00651211779071439,0.00640041046605437,0.00626107149865643,0.00610285566337442,0.00592244654026362,0.00573174042222552
0.012632925620215,0.0118438653349348,0.010869997412977,0.0096988952951248,0.00836333256535944,0.00684549311921438,0.00509547501421431,0.00304235582550632,0.000681380327653404,-0.00204859780075588,-0.00529291636639275,-0.00905279584547381,-0.0134081073533641,-0.0184116022920048,-0.0242501268874431,-0.0310859818999501,-0.0389672835461993,-0.0483045733173973,-0.058945594240474,-0.0715195443239468,-0.0863386246882799,-0.10356049949717,-0.123859892927244,-0.147709377472167,-0.175676700499485,-0.208465939468694,-0.246950283236288,-0.291990571445685,-0.344438032449728,-0.40532768203081,-0.475490889756367,-0.555614953065244,-0.646016856544435,-0.746578374435605,-0.856518669661918,-0.974166771287591,-1.09718999860894,-1.22158567758319,-1.34336800251541,-1.45852762992893,-1.5623942216501,-1.65093248182208,-1.72150260531688,-1.77207466050896,-1.80166131873417,-1.81050248782199,-1.79954070296926,-1.77043066310655,-1.7250430975292,-1.66551997462884,-1.59413137610773,-1.51313844995366,-1.42472290396507,-1.33093918708956,-1.23378085641248,-1.13499265129367,-1.03600589235529,-0.938423898508969,-0.843642348875166,-0.752564304176024,-0.666292500042953,-0.585773805981294,-0.511417934980079,-0.443619426099881,-0.382446640521308,-0.32792515404075,-0.279833261040477,-0.23783284437584,-0.201396214420124,-0.170104417292577,-0.143309869875005,-0.1205639605036,-0.101240168611607,-0.0849288545976165,-0.0711949564901631,-0.0596210279718301,-0.0498672526758407,-0.0416942686700424,-0.034828141142442,-0.0290347002558294,-0.0241701544033638,-0.0200981187460792,-0.0166769234013666,-0.0138000247165017,-0.0113752154169122,-0.00934050366171245,-0.0076343603233823,-0.00621087134689364,-0.00503050770512746,-0.00403164051847231,-0.0032005687022034,-0.00251363251234975,-0.00193820883673052,-0.00146966279576336,-0.00109082534305373,-0.000785265071959398,-0.000541578697209787,-0.000350342011653766,-0.00020057491814471,-8.88438638460772e-05,-1.59519334618651e-05
0.00386068676550245,0.00261525767116652,0.00117414412740963,-0.000481601668674383,-0.00239391435474908,-0.00448874424337352,-0.00689559258543037,-0.00964573686882155,-0.0127323861547988,-0.0162367318990811,-0.0203334451744674,-0.0249660755129128,-0.0302894457144663,-0.0363922612232874,-0.0433831791650482,-0.0513745664278543,-0.0606046989833321,-0.0713298697561286,-0.0840955145782669,-0.0965866116927282,-0.113775385813258,-0.132522480217307,-0.154313064906789,-0.179558684858006,-0.208692444410171,-0.242448081352025,-0.281415170372998,-0.326190696126373,-0.377561093089103,-0.436165076360422,-0.502486550687249,-0.576992127159242,-0.659568957089964,-0.749894977853873,-0.847094789538664,-0.9499547928257,-1.05568165383442,-1.16158666791539,-1.2650403781236,-1.36223717552395,-1.45011427728093,-1.52516633746521,-1.58564146071981,-1.62980237118466,-1.65659168353864,-1.66607903137871,-1.65882933607035,-1.63599048425534,-1.59895395920424,-1.54939403853413,-1.4891126677298,-1.41997238094068,-1.3438013770166,-1.26230499168633,-1.17721832737008,-1.09017606184094,-1.00262731979026,-0.915743422490591,-0.830719324060444,-0.748714705940113,-0.67049777569282,-0.596756254888266,-0.528200175969115,-0.465077169846903,-0.407543141008909,-0.355628071156003,-0.309230223257128,-0.268114645776387,-0.231947849175948,-0.200390948356231,-0.172930165252747,-0.14917834564078,-0.128707504158135,-0.111080429128426,-0.0959573329715677,-0.0830272012444537,-0.0719168449278673,-0.0624163009230138,-0.0542922911961659,-0.0473094046383005,-0.0413154011080567,-0.036186168093597,-0.0317792124864694,-0.0279871476182768,-0.0247105456061024,-0.0218865367535611,-0.0194546261267506,-0.0173541419759661,-0.0155370066609487,-0.0139632172425452,-0.0125984913652593,-0.0114127089721928,-0.0103828476287876,-0.00947990412531805,-0.00870170534697684,-0.00802430723022081,-0.00743430266797888,-0.00692018240364235,-0.00646900863721206,-0.00607557854038008,-0.00573895738071127
-0.00474745256515319,-0.00644395799158397,-0.00830490888242457,-0.0104713946238035,-0.0128781128271941,-0.0155869529670995,-0.0185779751269269,-0.0219281180559412,-0.0256778676351156,-0.0299792299504074,-0.0348458667580192,-0.040303897970079,-0.0464444042809871,-0.053483605911143,-0.061508930607392,-0.0706023056103313,-0.0808458623790388,-0.0926687227446545,-0.106574857597083,-0.120602319108201,-0.138729025326215,-0.158617347850432,-0.181437895574163,-0.207532873407117,-0.237358264442961,-0.271382788395366,-0.310101586456928,-0.35401875356836,-0.403666668644561,-0.459443645342957,-0.521721506200523,-0.59054934207862,-0.665709557515355,-0.746768840854972,-0.833117942863629,-0.9229289853583,-1.01422994410729,-1.10552044710873,-1.19387037729174,-1.27651309978845,-1.3513468073079,-1.41545823974556,-1.46748249124608,-1.50604082232656,-1.5300811467621,-1.53959891123963,-1.53491895760156,-1.51685804670245,-1.48639575072753,-1.44486971087023,-1.39373453922074,-1.3344963975364,-1.26869855644125,-1.19785598921316,-1.12341229366895,-1.04663554710244,-0.968957425306377,-0.891496480732046,-0.815393118044524,-0.741371798755915,-0.670391720048757,-0.603055049313046,-0.539812359928871,-0.481144471116826,-0.427165386321684,-0.377970546220723,-0.333486270369671,-0.293586156857225,-0.258064514945818,-0.226630493432896,-0.198903678180953,-0.174594743768252,-0.153349181887181,-0.134800370121984,-0.1186523315158,-0.104607053123748,-0.0924181420316181,-0.0818164950683251,-0.0726155750056861,-0.0646203155750438,-0.0576372969196838,-0.0515707991407778,-0.0462813219979333,-0.0416616649882855,-0.0376096732040983,-0.0340633051456662,-0.0309547100799758,-0.0282227740899146,-0.0258176309841768,-0.0236964683224157,-0.0218217326360215,-0.0201616842048083,-0.0186896620733592,-0.0173823967417672,-0.0162156193728965,-0.0151793912342197,-0.0142542698584113,-0.0134268810307048,-0.0126826258278802,-0.0120165180078496,-0.011418183775143
-0.0131870395651365,-0.0152846207214274,-0.0175958411946486,-0.0201980073093899,-0.0231244410239265,-0.0263438967470204,-0.029951637377412,-0.0337174963727902,-0.0381236051704434,-0.043150710790307,-0.0487308227886968,-0.0549315232321833,-0.0618825842233031,-0.0696945003895831,-0.0785819511857885,-0.0885239375213804,-0.0997449036009524,-0.112414828787815,-0.126323270027062,-0.143149117739671,-0.161248473596951,-0.181921881569722,-0.205403815485384,-0.231931239264956,-0.261902400400681,-0.295714971213855,-0.333697406433385,-0.376287088598364,-0.423836168635087,-0.476546180705267,-0.534603235476346,-0.597959144490188,-0.666236438825706,-0.738983196900579,-0.8153744034861,-0.894249955568451,-0.974039396562858,-1.05306414011022,-1.12887930747323,-1.19979988750482,-1.26388441587015,-1.31896532621817,-1.36390046049899,-1.39760344634314,-1.41906537740044,-1.4282586045532,-1.42535788066544,-1.41094798271739,-1.38574094066696,-1.35074877568786,-1.30716995097169,-1.25625381673748,-1.19926648615848,-1.13749249354579,-1.07218119135464,-1.00452412688861,-0.935613138539049,-0.866486853005769,-0.798166338253606,-0.731425004258538,-0.666925524327464,-0.605364714120432,-0.547191368515647,-0.492721217118612,-0.442171580702726,-0.395677845025043,-0.353269347660526,-0.314810979193772,-0.280188032387058,-0.249195264801709,-0.221546949359199,-0.197017018616436,-0.175321085998207,-0.156164035720429,-0.13927519024597,-0.1244200690491,-0.111356190777326,-0.0998689383045983,-0.0897690082218519,-0.0808999060326644,-0.0730845152420433,-0.0661986461928648,-0.060128926344635,-0.0547693323543227,-0.0500214947933893,-0.0458174135698236,-0.04208771940965,-0.0387729746871779,-0.0358216652150124,-0.0331891148118334,-0.03083598494905,-0.0287269347385203,-0.0268367683239414,-0.0251373970502081,-0.0236073891419608,-0.022226702448154,-0.0209794757902171,-0.0198501773722194,-0.0188245004460443,-0.0178927134361132,-0.0170443757722545
-0.0214311361165588,-0.0239359585972847,-0.0266256823333446,-0.0296706226288609,-0.0330036819811535,-0.0367312372525225,-0.0407786086931637,-0.0449345257879307,-0.0503366199273864,-0.0557816938124957,-0.0619674002615829,-0.0688143707084876,-0.0764343477602468,-0.0849741065336884,-0.0945528818697317,-0.105246317273746,-0.117219312984983,-0.130623119354147,-0.146220770122272,-0.162330296577167,-0.181352665098353,-0.202580919863015,-0.226335297675551,-0.252942358234911,-0.282702350096024,-0.31591406586843,-0.352863790416908,-0.393812184768498,-0.438957534825819,-0.48850910805115,-0.542416855341672,-0.600561891665708,-0.662537638672218,-0.727893622774243,-0.795872684339934,-0.865397852131122,-0.935345069088982,-1.00384902082057,-1.06941488743915,-1.13076753994906,-1.18592059168336,-1.23348742641388,-1.27248455734157,-1.30196509192983,-1.32107792102352,-1.32975580971195,-1.32808461515646,-1.31648695627174,-1.2954821975708,-1.26586100505566,-1.22855557170222,-1.18461989737619,-1.13512838961151,-1.08114501128296,-1.02374040111405,-0.963946997740291,-0.902738587401853,-0.841038091037905,-0.779655782053754,-0.719373550585466,-0.660823037292431,-0.604540404818443,-0.550983663788523,-0.500508994957444,-0.453302591334871,-0.409479931624869,-0.369166364196935,-0.332301624189722,-0.298781955110225,-0.268479433210848,-0.241185575710577,-0.21669372388875,-0.194802873904672,-0.17529187561518,-0.157905517013804,-0.142459869201225,-0.128739798118596,-0.116570421836021,-0.105745607956674,-0.0961431716595738,-0.087622011009384,-0.0800335919382839,-0.0732829027146428,-0.0672707307727938,-0.0619069874592803,-0.0571083938827766,-0.0528152937279158,-0.0489678650577731,-0.0455139257521883,-0.0424078256512302,-0.0396118859870472,-0.0370840710930025,-0.0347987945662721,-0.0327289872412776,-0.0308530650376517,-0.0291457383455155,-0.0275888930131541,-0.0261721944378131,-0.024874868199571,-0.0236868334111857,-0.0225971735518753
-0.0294584334196548,-0.0323097926367475,-0.0353811389557345,-0.0388075444651252,-0.0425485251978529,-0.0467289795831227,-0.0509329604769934,-0.0558892558025279,-0.0616527281031422,-0.0677843004303448,-0.0745173598372972,-0.0819287610080764,-0.0901526976251926,-0.0993134605211588,-0.109470982151815,-0.120704955410718,-0.133283071964091,-0.147144782666521,-0.163030665047012,-0.179459942888685,-0.199389316551279,-0.220730352478831,-0.244474469588214,-0.270875148447483,-0.300153660836385,-0.33251504677442,-0.368157539348041,-0.407227546646399,-0.449929845790329,-0.496252227177872,-0.546153878576566,-0.599436677184332,-0.655700256850327,-0.714499249424156,-0.775099252402149,-0.836656794914678,-0.897939488613511,-0.957780633898499,-1.01499032592642,-1.06814134250691,-1.11591051219567,-1.15731697481803,-1.19128138018223,-1.21709060771831,-1.23411550693652,-1.2421909924977,-1.24136644117734,-1.23195293348967,-1.21433038788727,-1.18912004147005,-1.1570703795015,-1.11901968684381,-1.07588919580051,-1.02859884587374,-0.978041472364409,-0.925090178611878,-0.870616486321724,-0.815426343167969,-0.760258204092486,-0.70580443866203,-0.652603817526685,-0.601164490160556,-0.55189261722077,-0.50512970191121,-0.46108943265225,-0.419935717552656,-0.381742729324886,-0.346541675152442,-0.314273375591033,-0.284827160059485,-0.258073229575631,-0.233844117819032,-0.211988349715236,-0.192325189681656,-0.174658683199137,-0.158802575840651,-0.144613953122319,-0.131912565148278,-0.120535389178683,-0.110343283107255,-0.101225068524117,-0.0930570686170024,-0.0857202746654339,-0.0791389349783374,-0.0732289670194858,-0.0679064118817024,-0.0631075945219466,-0.0587782772903159,-0.0548663050252017,-0.0513276567668634,-0.0481214658818568,-0.0452043113768109,-0.0425512075068664,-0.0401341091565515,-0.0379282393238565,-0.0359161655971829,-0.0340695523914154,-0.0323755546332093,-0.030818449322287,-0.0293851103757881,-0.0280638203629669
-0.0372252894535253,-0.0404213980925898,-0.0438519142881106,-0.0476247347785688,-0.0517373848461294,-0.0563081024687987,-0.0612524102930489,-0.0666752595361107,-0.0726465619842843,-0.0791459439070638,-0.0863527520248707,-0.0942924128274239,-0.102997773093767,-0.112657975622517,-0.123239571305917,-0.134957605876,-0.147942988799481,-0.162392239469501,-0.17904506761342,-0.195665077338341,-0.215049774992737,-0.236490426158246,-0.26006111827637,-0.286042296903603,-0.314608999732334,-0.345885595041491,-0.380033951442169,-0.417172814946148,-0.457346583311398,-0.500542308017059,-0.546645928450718,-0.595442894605713,-0.646553715002092,-0.699503520613191,-0.75365444598166,-0.80822144442858,-0.862292647349559,-0.914890805617488,-0.964921527610136,-1.0112772706302,-1.05291740248689,-1.08904625707722,-1.11873057833587,-1.14138728909704,-1.15653854190469,-1.16399439704373,-1.16374961660081,-1.15604633872383,-1.14116448465129,-1.11959473571355,-1.09194042467475,-1.0588892108066,-1.02118627842854,-0.979629252525764,-0.934998839898589,-0.888028623648107,-0.839474341158329,-0.790041909230839,-0.740385130808364,-0.691096160046661,-0.642725510736908,-0.595711016536731,-0.550401422779553,-0.507115287618149,-0.46610563962131,-0.427519596054472,-0.391440962351553,-0.357929884481303,-0.326982039000593,-0.298536852439689,-0.272465717229646,-0.248671707765454,-0.227028881277065,-0.207397753083223,-0.189628083368111,-0.173550764633891,-0.159035804496047,-0.145945778607698,-0.134152551837514,-0.123500563179973,-0.113900904059277,-0.10524655372196,-0.0974241443841513,-0.090354863856926,-0.0839679416319784,-0.0781888481887946,-0.0729412237136358,-0.0681805831051091,-0.0638555641302672,-0.059924073230885,-0.0563413743292399,-0.0530663894870152,-0.0500729053232732,-0.0473327830301421,-0.04482051821251,-0.0425152572602632,-0.0403961865828586,-0.0384446146318709,-0.0366425453881119,-0.0349740625120906,-0.0334316035072227
-0.0447702977478843,-0.0482595833665403,-0.0520216833046267,-0.0561155041373228,-0.0605658727613462,-0.0654194614260657,-0.0709242138883358,-0.0765734350247436,-0.0829561227923369,-0.0898947380699124,-0.0974955022136692,-0.105839961733484,-0.114964640811899,-0.124963121774546,-0.135944153192811,-0.148008068635437,-0.161294523570382,-0.176012629301322,-0.192353359635238,-0.209727430767353,-0.228871333668716,-0.250098169072995,-0.273317594636048,-0.298694512174862,-0.326376801899339,-0.356450454161435,-0.389023783034063,-0.424154229211189,-0.461843654209106,-0.502030586503455,-0.544577179996829,-0.589263336907379,-0.63569538673568,-0.683481271986177,-0.731979977223667,-0.780505230360495,-0.828404404308353,-0.874806260013511,-0.91873840394798,-0.959392206558101,-0.99589613039542,-1.02751581667148,-1.05356039741635,-1.07352073346019,-1.08701234773867,-1.09384741610176,-1.09399789555986,-1.08764312261159,-1.07499651652542,-1.05644797751541,-1.032485648789,-1.00367526179962,-0.970637289078813,-0.93402625706821,-0.894515321831998,-0.8527681099013,-0.809416766536223,-0.765078213544577,-0.720329086375941,-0.675696399666757,-0.631653342413692,-0.588632659221187,-0.546984823823377,-0.50695093000608,-0.468775082673613,-0.4326411271465,-0.398652472796281,-0.366849255433258,-0.337261680066061,-0.309875201023023,-0.284618702008171,-0.26138821802449,-0.240099885555969,-0.220647102924841,-0.202909007412126,-0.186762617839634,-0.17207181374418,-0.158731809592266,-0.146625451294457,-0.135632663303364,-0.12565449077301,-0.116603236860474,-0.108387319572304,-0.100908103677364,-0.0941134013485462,-0.0879348748580733,-0.0822990222594927,-0.0771565964166994,-0.0724640107878878,-0.0681772470293832,-0.0642533093628455,-0.060652303267108,-0.0573467936742516,-0.0543085163115897,-0.0515130071431613,-0.0489376552163608,-0.0465609618686269,-0.0443646368200847,-0.0423289193305451,-0.0404417217512415,-0.0386886475410175
-0.0520350551898455,-0.0557958757444972,-0.0598460270310393,-0.0642249425640289,-0.0689875462009032,-0.0740859262453114,-0.0791492444007188,-0.0860653119399605,-0.0926896179969842,-0.0999668088544282,-0.107920585045951,-0.116564039710547,-0.126020459484342,-0.136302928016631,-0.147599477470305,-0.15990690871139,-0.173374712743532,-0.188085313553739,-0.204312720688785,-0.221787667942008,-0.240888733716727,-0.261756126053479,-0.284451574289874,-0.309095953433399,-0.335785699898988,-0.364572548921882,-0.39552140299274,-0.428649983856862,-0.463925507338251,-0.501260866976289,-0.54050911559328,-0.581419445872085,-0.623658526532367,-0.666816923315316,-0.710297127949021,-0.753677300779636,-0.796313891428826,-0.837340066847854,-0.876047968771698,-0.911872945195173,-0.943985099667174,-0.971785992574149,-0.994723109128196,-1.01238804158632,-1.02440970015314,-1.0306440944408,-1.03105399982417,-1.02576893166185,-1.01495116471911,-0.998918091856566,-0.978065105174098,-0.952858204229786,-0.923814407170818,-0.891485506098484,-0.85643497792566,-0.819241014795409,-0.780475444338341,-0.740658105793132,-0.700296432852643,-0.659845924666623,-0.619732201609879,-0.580337892516144,-0.542002568299395,-0.504996947044928,-0.469509433200526,-0.435701026379466,-0.403712380213845,-0.373614335943817,-0.345420765389272,-0.319142024434854,-0.294759055998661,-0.272191605554643,-0.25137081089699,-0.232213540628789,-0.214628883934926,-0.198524232281612,-0.183782087361106,-0.170307795123907,-0.158004088661699,-0.146774451316674,-0.136509420046825,-0.127143307903956,-0.118600265784978,-0.110795404272536,-0.103657622982241,-0.0971379294684124,-0.0911690265075278,-0.0856935623732336,-0.0806760349145919,-0.076071469265275,-0.0718399294198604,-0.0679460260246209,-0.0643549805319404,-0.0610465401914436,-0.0579975730570584,-0.0551572393935214,-0.0525404442698582,-0.0501234570494469,-0.04787083063629,-0.0457734541016963,-0.0438266870933306
-0.0590070755027397,-0.0630252277299509,-0.0673508853529771,-0.0719885965136935,-0.0770216322616457,-0.082464690207555,-0.0884849490437004,-0.0949183362904887,-0.101853677655047,-0.1094198480344,-0.117635406649138,-0.126512781655239,-0.136197728915904,-0.146737373488723,-0.158214508523058,-0.170690083966393,-0.184200372372588,-0.198962369989382,-0.215360507404799,-0.232632188940683,-0.251160827620776,-0.271611283498581,-0.293686503363239,-0.317501147262656,-0.343126596559298,-0.370579728973911,-0.399895898179185,-0.431063061988121,-0.46402658548256,-0.498687977794158,-0.53487000132518,-0.572349347577861,-0.610782250783178,-0.649784258417797,-0.689057977296366,-0.727924152424402,-0.765869466082642,-0.802240482107891,-0.836615407414036,-0.868262783934504,-0.896656476548662,-0.921161269928719,-0.941434713755569,-0.957113621175788,-0.967844054114136,-0.973518126673484,-0.97409428270272,-0.969672216544207,-0.96036423451798,-0.946434971384335,-0.928214661397353,-0.906083905991288,-0.880470716140918,-0.851842099824471,-0.820680774801421,-0.787472010539661,-0.752714394615764,-0.716888688277071,-0.680422911877463,-0.643728688628602,-0.607179887158394,-0.571113961526687,-0.535822411540877,-0.501582244776213,-0.468600957449614,-0.437020988658923,-0.406956904713381,-0.378504455520894,-0.351712523351157,-0.326581789625945,-0.303113612834732,-0.281280111862478,-0.26099653936033,-0.242233720108932,-0.22490208504339,-0.208933767803574,-0.194242519739563,-0.180731494025839,-0.168323556241324,-0.15694308653914,-0.146485450614978,-0.136883038183372,-0.12807732303293,-0.119994910034765,-0.112616629534859,-0.105806964984894,-0.099546119938946,-0.0937828768856753,-0.0884784510857419,-0.0836030552667997,-0.0791025776448666,-0.0749515389831916,-0.0711058018030826,-0.0675974554557885,-0.06429576585921,-0.0611852487781003,-0.0583448945448881,-0.0556160490066255,-0.053245024556205,-0.0510821596319645,-0.0487515522795387
-0.0657238365217783,-0.069947194615933,-0.0745145582876756,-0.0793884268568082,-0.0846635075832723,-0.0903554746300179,-0.09652237825725,-0.103208101114309,-0.110406448030456,-0.118205682633279,-0.126635229756573,-0.13572338209155,-0.145553667001947,-0.156263246197653,-0.167834194374999,-0.180339932736746,-0.193808947328133,-0.208433779621478,-0.224054946221035,-0.241962463881084,-0.25993369314215,-0.279847348174357,-0.301217206568176,-0.324143031857201,-0.348661323194388,-0.37476577390862,-0.40247061571559,-0.431742316914816,-0.462516660784792,-0.494665864224269,-0.528055551934877,-0.562371195423598,-0.597394521222792,-0.632795161774265,-0.668172522821799,-0.703087042003475,-0.736953842642972,-0.769481119831395,-0.800037962677518,-0.828124442580627,-0.853287762663923,-0.875004298072345,-0.892985444961415,-0.906941173963437,-0.916537847359728,-0.921698259910449,-0.922375402910993,-0.918646326006299,-0.91059961255122,-0.89843990909305,-0.88245419761511,-0.86296388037805,-0.840305204262962,-0.814877969218339,-0.787105604670441,-0.757405696982534,-0.726187578112387,-0.693879586822819,-0.66089227197737,-0.627562849109047,-0.5941867917998,-0.561140859692263,-0.528666280050043,-0.496992806969463,-0.466336143037379,-0.436807108815815,-0.408609598687658,-0.381821447937826,-0.356383930912739,-0.332447446998702,-0.309972321052286,-0.288870365544009,-0.269167556810069,-0.250849467969993,-0.233845212659362,-0.218092805228665,-0.203538568094252,-0.190108838357857,-0.177670613671066,-0.165994690849544,-0.155587871270384,-0.145855968927925,-0.13688547380574,-0.128641255976087,-0.120893834044046,-0.113913473120399,-0.107427843738499,-0.101422993252941,-0.0958802560094387,-0.0907521540729529,-0.0860130937945858,-0.0816263022562406,-0.0775392297218345,-0.0737549334724416,-0.0703525512774071,-0.0669989103531641,-0.0639533055084387,-0.0611105544663789,-0.058474431866909,-0.0560145648133608,-0.0537141677976563
-0.0721132004204831,-0.0765475783596196,-0.0813153202334402,-0.0863876163556558,-0.0918471012169983,-0.0977665803374482,-0.104139966960454,-0.111021101365236,-0.118405274574691,-0.12636456529446,-0.134943802958508,-0.144158609413555,-0.154153243636587,-0.164912510790937,-0.176523049479768,-0.188979484860958,-0.20243519206807,-0.216954358961452,-0.232722748929831,-0.24968413908443,-0.267369159370129,-0.286611939117065,-0.307230736771721,-0.329227258054628,-0.352624626887171,-0.377388584162043,-0.403522835969647,-0.43099134624508,-0.45968687132776,-0.489494574933624,-0.520279314219121,-0.551762473139009,-0.58372328522687,-0.615831018886932,-0.647819786807473,-0.679218442571568,-0.709715505097961,-0.738851520896396,-0.766087684275687,-0.791072767967333,-0.8134546261351,-0.832770800234028,-0.848823794375886,-0.861244370402784,-0.869905985748304,-0.874529754843955,-0.875259580050086,-0.872129814391004,-0.865078173925127,-0.854431049783247,-0.840323719873924,-0.82314225880104,-0.803027647274595,-0.780369730115387,-0.755544415002514,-0.728933431056262,-0.700854012501559,-0.670994774826617,-0.641827708252724,-0.611761770169298,-0.580637674501773,-0.550828367612831,-0.520724611487843,-0.491441902659797,-0.462941073685396,-0.435362876060847,-0.409178464300545,-0.383862477299895,-0.359562444980926,-0.337018017675483,-0.315127207621446,-0.294917569750689,-0.275857101562013,-0.258052809030405,-0.241439898878374,-0.22610976649907,-0.211784845853602,-0.198348292698557,-0.185919882651893,-0.174530592078282,-0.163930223582356,-0.154063315431179,-0.144818008726028,-0.136901488746438,-0.128598943883543,-0.12145014112744,-0.114663787069533,-0.108275560657324,-0.102751294870633,-0.0976165626789542,-0.0923785825403471,-0.0879510163166979,-0.0834979887018696,-0.0796041743949592,-0.075883547396485,-0.0723761846966303,-0.0690663870909361,-0.066106848965329,-0.0632871835140092,-0.0605967139848699,-0.0583260731473042
-0.0782300032580984,-0.0828264775201408,-0.0877990011079279,-0.0930567015821004,-0.0985885039987958,-0.104718788608727,-0.11128321032184,-0.118293853903149,-0.125817247398231,-0.133884162866148,-0.142571442686881,-0.151913168295441,-0.161951242980325,-0.172746779943101,-0.184376611467655,-0.196801323247207,-0.210133351091454,-0.224499373488388,-0.239938970393633,-0.25622439678918,-0.273347537210925,-0.2919525532307,-0.311912151775828,-0.332949923255268,-0.355194363101988,-0.378650355915787,-0.403280023300691,-0.429026133314372,-0.45578130059527,-0.483423382962585,-0.511828917438318,-0.540702239862235,-0.569891836050864,-0.599153468790276,-0.628190934186504,-0.657217550251193,-0.68392098907862,-0.710041939510444,-0.734454578942219,-0.756807252414446,-0.776778928727117,-0.794037277625456,-0.808320017731896,-0.819583368159273,-0.827356911319367,-0.831618658423861,-0.832185858508563,-0.829641034919468,-0.822940930533309,-0.814173641654821,-0.801750894814362,-0.786679521684339,-0.76842301864652,-0.74821653675191,-0.725812447716685,-0.702654555803646,-0.676858257965532,-0.650035760070587,-0.623127247005467,-0.596071093748333,-0.567422370941861,-0.541111279383075,-0.51224167587344,-0.485751595299006,-0.458480344093719,-0.433281879695534,-0.40909232847081,-0.384351063489248,-0.361884884016411,-0.340938341596747,-0.319912265735398,-0.299863984673634,-0.281938087950841,-0.264584433513868,-0.248207261287884,-0.233079344390645,-0.218800961413464,-0.205142754624824,-0.192778944485288,-0.181375185270134,-0.170807540658549,-0.161220640635855,-0.15249711138965,-0.143536566148271,-0.135701691000803,-0.128485486205811,-0.121792686770808,-0.115331396754042,-0.109251754367791,-0.103966437068006,-0.0987980776957339,-0.0940926402022788,-0.0893183710759628,-0.0853088219269341,-0.0813357925646603,-0.07777840512507,-0.0745661690772906,-0.0714427393648431,-0.0684485209453031,-0.0655901822330053,-0.062661142212004
-0.0840386215790257,-0.0887937222264383,-0.0938914195131952,-0.0993987095608689,-0.10511283389347,-0.11134802141235,-0.117935099152082,-0.125042408260398,-0.132674654595536,-0.140831868191106,-0.149588709176825,-0.158969107621137,-0.169008832989858,-0.179761968663499,-0.191295777474824,-0.20356572678986,-0.216748600900404,-0.23077548005315,-0.245707963486583,-0.261544183174397,-0.278531028352481,-0.296284548865456,-0.315673137823218,-0.335696124290122,-0.356884802893006,-0.378679427776892,-0.402568558970102,-0.426061721563746,-0.45153271430797,-0.477268386178123,-0.502784772370982,-0.5298093585456,-0.55636617879533,-0.582362099827222,-0.608965286255641,-0.635890831557996,-0.660523525702593,-0.683590930483344,-0.705572844802511,-0.72581584073544,-0.742824200033647,-0.758881947665351,-0.771888144834493,-0.781958766094747,-0.789448219230039,-0.791947754948442,-0.793390179663373,-0.791394219751171,-0.78611255701005,-0.777334345908547,-0.767723763261646,-0.752967855375966,-0.739682253777707,-0.719068811529725,-0.698892303702936,-0.678157843126838,-0.655898180769772,-0.630462220751586,-0.606444456020448,-0.579622711118323,-0.55445390472919,-0.529419442125321,-0.504334395823219,-0.478224374853004,-0.453671691115677,-0.431150151703876,-0.407280038250636,-0.383734510941106,-0.362629528191711,-0.342229964322581,-0.322808335122844,-0.303336589746312,-0.286048467724164,-0.269500002554736,-0.25423065206676,-0.238765907095131,-0.225138107863574,-0.212464170281169,-0.199931293028677,-0.188636458868851,-0.178184630984486,-0.16850363674153,-0.158887629116028,-0.150396881584872,-0.14242181694436,-0.134987801263296,-0.128106362504099,-0.121765037299201,-0.115667812744859,-0.109954430697938,-0.104700496126009,-0.0997989333642811,-0.0953100733941747,-0.090847108212979,-0.0868259012114293,-0.083044106228362,-0.0795513012750262,-0.0762444241890706,-0.0731105497858945,-0.0702416883476585,-0.0675401716683615
-0.0895468270926661,-0.0944218642738404,-0.0996470859083435,-0.105218455376065,-0.110714983011081,-0.11741489397601,-0.124138110577239,-0.131333222777611,-0.139012298822211,-0.147218476245496,-0.15598554479682,-0.165332723957148,-0.175334839216553,-0.1859694583843,-0.19735949906295,-0.20945377587701,-0.222387929804164,-0.236070155247295,-0.25063293969844,-0.266264127796792,-0.281628572253452,-0.299838589427431,-0.317804830745853,-0.33588019585525,-0.356724159288492,-0.378334609163061,-0.399589633159879,-0.4227330279852,-0.445647178269862,-0.468689452751162,-0.493755564045101,-0.518516253147762,-0.54261145881911,-0.568015137044027,-0.59034108416932,-0.614180656676871,-0.636403447716906,-0.657412217534558,-0.677460904417428,-0.695282106692698,-0.711128193257978,-0.724710073805897,-0.736585614307255,-0.746110371323759,-0.75188260293388,-0.755967934976387,-0.756736307706832,-0.75508556520408,-0.750252908271381,-0.743172136982568,-0.732913218688658,-0.720804360471312,-0.706177246602782,-0.690020594921771,-0.672125573856225,-0.652582481028899,-0.631915979911134,-0.610473477713511,-0.587940476700941,-0.564172729890658,-0.541256654208287,-0.51792216991816,-0.494601244962229,-0.470718761176051,-0.44813261957962,-0.425931011489233,-0.404066929766985,-0.382818631369542,-0.362599931518385,-0.343132007434984,-0.324505946927325,-0.306510963731084,-0.289644956988215,-0.27365899175175,-0.258579274280653,-0.244243263343883,-0.231125578396632,-0.21755488769703,-0.205800913015467,-0.194609310386912,-0.184429349278282,-0.174422381037637,-0.165261262678907,-0.156886764729924,-0.148924377186068,-0.141029369314026,-0.134114932172032,-0.127617447082666,-0.121372876573829,-0.11558519363872,-0.110212839854574,-0.105203791535251,-0.100456820716019,-0.096016919214148,-0.0918619599596822,-0.0879786690386964,-0.0842962171497524,-0.0808571381280731,-0.0776187669248014,-0.0745825746068823,-0.0717091729694153
-0.0947692094466711,-0.0997532141441004,-0.105046051142264,-0.110650417047132,-0.116580845625175,-0.123078616164632,-0.129877307482965,-0.137095492174012,-0.144813484571139,-0.153020245191084,-0.161775707678908,-0.171083305820368,-0.180997922559225,-0.191512259157728,-0.202730425494268,-0.214617123605783,-0.227215506410751,-0.240573340862076,-0.254729542627717,-0.269512780293568,-0.285544269927031,-0.302022731590223,-0.319377421332523,-0.337307157325464,-0.357172002919771,-0.376565014886294,-0.397016882462632,-0.418121580717817,-0.439657923270165,-0.461732113781486,-0.484065064527687,-0.506777200407852,-0.529211332210493,-0.551380370403632,-0.573964422823698,-0.594992251410364,-0.615042869644837,-0.634526060714844,-0.6518812203939,-0.668078401374024,-0.682500181717419,-0.694884998078844,-0.705458318525645,-0.713369991219394,-0.719051755736975,-0.721846323345764,-0.723065491663706,-0.721613255753672,-0.717534097079284,-0.710580533351671,-0.701867587582049,-0.691036484135181,-0.678210071306228,-0.663624716529168,-0.647440761005006,-0.629844758970808,-0.611186343175501,-0.591536655627592,-0.570998069492072,-0.549729177378536,-0.528338349467951,-0.506743242715484,-0.485131074379036,-0.463352903273919,-0.442158786780851,-0.421303649097444,-0.400920377414559,-0.381039230119097,-0.361844818283862,-0.343374824536183,-0.32561406385968,-0.308598744928485,-0.292318658386436,-0.276924594794544,-0.262309745354361,-0.248186472996251,-0.236063308937184,-0.222842228703724,-0.210992040725456,-0.20000131198721,-0.189777105480795,-0.17997182166708,-0.170740434689359,-0.162040386093441,-0.154462554273808,-0.146674050035611,-0.139624685433241,-0.133128550109127,-0.126632552678091,-0.120860466894433,-0.115404831216717,-0.110281984482464,-0.105448149170407,-0.100914969432405,-0.0966402562880679,-0.0926086484310567,-0.0888512332845429,-0.0853196583049687,-0.0819009223847709,-0.078750573400137,-0.0758112116672064
-0.0996814628535013,-0.104745568389558,-0.110112313882677,-0.115829761327865,-0.121896885934082,-0.128343347302686,-0.135179866349854,-0.142439225087976,-0.150150297625279,-0.158327081292222,-0.167023137251861,-0.176252450118428,-0.186040980259472,-0.196419286966785,-0.207425137951862,-0.21905992031728,-0.2313651697833,-0.244365509234906,-0.258038646430526,-0.272421085557104,-0.287672254085053,-0.303603111274733,-0.320156642827433,-0.337218667286495,-0.355993522878586,-0.374136350022782,-0.393470893767292,-0.413218887468471,-0.433404797245124,-0.453858308668029,-0.474567276525877,-0.495389438083744,-0.515987623250199,-0.536346549439178,-0.556089712865186,-0.575556860209259,-0.594170386150831,-0.613228724778691,-0.628178704476246,-0.642566497717205,-0.655653310333365,-0.666844729027448,-0.67615551991202,-0.683110253370364,-0.688832853676825,-0.692381670257949,-0.692514285382009,-0.690870361780748,-0.687153188250268,-0.68126851782231,-0.673492280640675,-0.663637971997165,-0.65210191958424,-0.638902652732011,-0.624223611350251,-0.608298053295595,-0.591303210485826,-0.573426469497295,-0.554700818010627,-0.535344507734491,-0.515604947703914,-0.495698966417866,-0.475699871479747,-0.455647887311213,-0.435810696983505,-0.416344906597327,-0.397257526918451,-0.378601095346758,-0.360476285948969,-0.342967467331459,-0.326067872547755,-0.309811173889939,-0.294254981991714,-0.279451437853798,-0.265364285680644,-0.251825068846251,-0.239339930439247,-0.227066731514489,-0.215517865881875,-0.204734281972485,-0.19461929429685,-0.185008558604105,-0.175868571318188,-0.16740063174503,-0.159408668965804,-0.151812984192983,-0.144653980880396,-0.137806770760104,-0.131892567991808,-0.125811836042153,-0.120276387161345,-0.115067560515538,-0.11014414168253,-0.105514699096255,-0.101127991968734,-0.0970307431182717,-0.0931644578352589,-0.0897723644720283,-0.085965074221145,-0.0827045612242939,-0.0797513006483626
-0.104326941494259,-0.109460972408436,-0.11488310839398,-0.120645469104159,-0.126748757529401,-0.133206897609524,-0.14004120008248,-0.147299352531015,-0.154985103764992,-0.163128561185358,-0.171751810159327,-0.180878772599174,-0.190531055510229,-0.200739225414488,-0.211523463615998,-0.222887381803949,-0.23489155299849,-0.247481371923112,-0.260699060691143,-0.274638990587876,-0.289167404510431,-0.304395703442414,-0.320233318668206,-0.336672997044262,-0.353331670595339,-0.37128900168916,-0.389523509191059,-0.407996604505948,-0.426785968808113,-0.445838424780008,-0.464968100656519,-0.484148932621707,-0.503128587770932,-0.521897646070917,-0.540247466448668,-0.557440969925121,-0.574440931569735,-0.590460822660514,-0.605165991906501,-0.618564539411641,-0.630474445760558,-0.640577804821587,-0.649183809035761,-0.656442843911292,-0.660959885968179,-0.662886208816498,-0.663790912597528,-0.662467097855684,-0.659085730406712,-0.653879164321455,-0.64685334227885,-0.638109563148386,-0.627679213141983,-0.61571817753929,-0.602382817157128,-0.587902389847274,-0.572415990612347,-0.556082603445726,-0.538989042932031,-0.521250499337912,-0.503054728523573,-0.484683722796889,-0.466163972095044,-0.447609450684707,-0.429210844006704,-0.410998061705582,-0.393118942742428,-0.375614315430464,-0.358536681440599,-0.341918467720658,-0.325905193590785,-0.3104322863974,-0.295552089964943,-0.281295989414853,-0.267681665415404,-0.255605599505713,-0.242334189004089,-0.230580387189384,-0.219390852820621,-0.20881226609265,-0.198843349518388,-0.189370930559569,-0.180438919359722,-0.172005051667557,-0.164033757210607,-0.156501864971038,-0.149376065577574,-0.142760905720361,-0.136474372681605,-0.130464737965844,-0.124802388294336,-0.119541010069787,-0.114542052234923,-0.109830469726792,-0.105390176265555,-0.101174606753519,-0.0971330733879588,-0.093545442024604,-0.089958531038155,-0.0865086266682422,-0.0835565459503928
-0.108669232180107,-0.113845683162157,-0.119317537533994,-0.125125843664472,-0.131241243567799,-0.137688798042543,-0.144523516759363,-0.151763342548436,-0.159390252516583,-0.167473792346598,-0.175983217815005,-0.184990724250929,-0.194459006041631,-0.204476269167823,-0.215005373622319,-0.22609055058562,-0.237741186156146,-0.24992333349091,-0.262725080320446,-0.276118400078358,-0.290069900404893,-0.304635618696008,-0.319733888101933,-0.335343127552628,-0.351220618728981,-0.36828968150161,-0.385140405702337,-0.402405607659876,-0.419954351644374,-0.437678604992607,-0.455464614894863,-0.473154808911474,-0.490730325687132,-0.50792327355859,-0.524738360130758,-0.541913531625889,-0.556311686505279,-0.570578108102404,-0.583888376319874,-0.596066505628266,-0.606902100046081,-0.61621157123628,-0.623950901405857,-0.629693859410086,-0.633702486200517,-0.636483297173594,-0.637244171297583,-0.636140558993138,-0.633134706573079,-0.628455250531772,-0.622069822303739,-0.61414386581304,-0.604756372970407,-0.593944669119919,-0.581813692046342,-0.568635210067816,-0.554464143086873,-0.539487838052975,-0.523796072393187,-0.507535880920015,-0.490894422668933,-0.473914648024625,-0.456805575098012,-0.439576529408997,-0.422068274004359,-0.405611265417492,-0.38860032766246,-0.372061842161685,-0.355989664686584,-0.340310483788271,-0.32510248959922,-0.310376501123682,-0.296192459486768,-0.282497424313215,-0.269310603534083,-0.257870757607399,-0.244933876118098,-0.233542002716329,-0.222658054064541,-0.212343023071936,-0.202559300694333,-0.193259625212957,-0.184461073833518,-0.176139427272069,-0.168270876575562,-0.160783543897726,-0.153718434582592,-0.147051108189756,-0.140723371648398,-0.134714618330182,-0.129063251916359,-0.123728020614801,-0.118699264430341,-0.113930259111034,-0.109434205049908,-0.105164701111608,-0.101149769246343,-0.0973919038905038,-0.0937661111600051,-0.0902994704034618,-0.0870681759758125
-0.112756537396669,-0.117966974080491,-0.12346374109622,-0.129283013630528,-0.135376040974537,-0.14181559697533,-0.148585436971234,-0.15579876112261,-0.163366444920959,-0.171361113754975,-0.17975082474687,-0.188618960499757,-0.19791351571768,-0.207699040267104,-0.217974636889813,-0.228750305452064,-0.240049269372711,-0.251838610635127,-0.264178208673368,-0.277040801588458,-0.290402894700685,-0.3043284358551,-0.318681189579545,-0.33346900717105,-0.348586495119012,-0.364265931322982,-0.380391599239405,-0.396561103859374,-0.412942965417968,-0.429452573330695,-0.446008048460184,-0.462381421183341,-0.478612161374566,-0.494418630651743,-0.50982135605761,-0.524525915402625,-0.538546782107507,-0.551899535459519,-0.563999529481085,-0.575091334778239,-0.584908526925506,-0.593398674963168,-0.600397991288208,-0.605790775959854,-0.609527632488869,-0.611830750309982,-0.612456261494622,-0.611477078626576,-0.608939951303222,-0.604733942506069,-0.598942054486273,-0.591759843675659,-0.583189503001228,-0.573386005348125,-0.56242772518469,-0.55039743078222,-0.537431951309572,-0.523674759700952,-0.509273564824359,-0.494342635480528,-0.478956991692243,-0.463263731447237,-0.447365270111735,-0.431379590409197,-0.415527854113913,-0.399286272738366,-0.383615562087141,-0.368199460275266,-0.353061068120415,-0.338218715147332,-0.323846146911847,-0.309846262250871,-0.296304974038994,-0.283264330677724,-0.27077323481489,-0.259088429149354,-0.246996680561955,-0.235968664052677,-0.225430244177516,-0.215359244150953,-0.205788479466761,-0.196669459317741,-0.188032937407937,-0.179818592370921,-0.172032655394831,-0.164621573780577,-0.157621518775551,-0.150955766477392,-0.144642770014826,-0.138664956244022,-0.133015958440925,-0.127649747892385,-0.122585321759862,-0.117798517775921,-0.113242877020557,-0.108922927481867,-0.104879529918683,-0.100992070530668,-0.0973175612734538,-0.093805226207445,-0.0904928198156704
-0.116557300094097,-0.121781138043712,-0.127286187375118,-0.133106651587287,-0.139205502020001,-0.145589950100532,-0.152278421168703,-0.159469208866676,-0.166954443365015,-0.174823046475829,-0.183080169169479,-0.191756772159928,-0.200860716325729,-0.210418601631904,-0.220414082052397,-0.230881823391441,-0.241822110271898,-0.253218608981425,-0.265090167767288,-0.277456780782457,-0.29024960618455,-0.30349895578877,-0.317140253007264,-0.331253226514376,-0.345736359289704,-0.359145414868707,-0.375499075843921,-0.39061995853994,-0.405918358506379,-0.421276253653789,-0.436596829121141,-0.451798502099162,-0.466786145589708,-0.481414273414731,-0.495575631627931,-0.509189832249401,-0.522002277867348,-0.534156156679083,-0.545234215041996,-0.555343196057743,-0.564246832937987,-0.571907251797467,-0.578374381204306,-0.583345805148388,-0.586880607504559,-0.589016401589088,-0.589577331761682,-0.588660150975038,-0.58631885295634,-0.582528911768371,-0.577398057497916,-0.570833377007423,-0.563027869935433,-0.55403553341723,-0.544068523666037,-0.533116289886129,-0.521234978045205,-0.508595444901245,-0.495330251478968,-0.481557410526358,-0.467411223168828,-0.452857776256772,-0.438103091474457,-0.423221326332089,-0.40832287550146,-0.393466809560996,-0.378693090981203,-0.364121196075289,-0.349799303084818,-0.335805789116779,-0.32215321525855,-0.30883522429104,-0.295914483209998,-0.283444617418124,-0.271338339808642,-0.260620835563527,-0.248634379986534,-0.237937360224414,-0.227696320976589,-0.217911405426635,-0.208548075891021,-0.199628006750499,-0.191158769348493,-0.183078931585371,-0.175394780253983,-0.168082035961402,-0.161146363253935,-0.154534985630922,-0.148266077691814,-0.142303842673765,-0.136646379903878,-0.131303506917998,-0.12622137586305,-0.121398460074465,-0.116808815633635,-0.112464579515006,-0.108346978566289,-0.104405860177321,-0.100675143863862,-0.0971290922947068,-0.0937529638064729
-0.120113604813582,-0.12533980201981,-0.1308347627398,-0.136626347642659,-0.142732123683397,-0.149139899310841,-0.15547812974572,-0.162783401141756,-0.170160514132922,-0.177890644209401,-0.186007024219336,-0.19450904351673,-0.203412973070544,-0.212730103037226,-0.222443347344243,-0.232583680926004,-0.243176360981858,-0.254135924415318,-0.265571786457808,-0.277411487411184,-0.28967717282176,-0.302294979044075,-0.315287433844912,-0.328614601810732,-0.342332818083692,-0.355581265289978,-0.370204265506254,-0.384503306652011,-0.398814354202927,-0.413170476632313,-0.427411942559644,-0.441546309692322,-0.455370940940766,-0.468864637186734,-0.481918689088597,-0.49444387578588,-0.506253946514342,-0.517349808389114,-0.527554099873646,-0.536770279362838,-0.544930202368458,-0.551995570035294,-0.557834579407449,-0.562431970653581,-0.565654884034788,-0.567584599142461,-0.568183856946848,-0.567354378655346,-0.565219233630802,-0.561741323380505,-0.55704650057921,-0.551149875849969,-0.544047448761573,-0.53586525114072,-0.526721828588205,-0.516679772126885,-0.505824629485339,-0.494195262326734,-0.481970267399656,-0.469257486652083,-0.456142093833304,-0.442701240474363,-0.428977970827913,-0.415144016169363,-0.401229099151107,-0.387330445840731,-0.373496634141003,-0.359802841366477,-0.346291856822448,-0.333059751773023,-0.320100669224988,-0.307449806756932,-0.295127099932315,-0.283232619716793,-0.271757654284409,-0.260922656827454,-0.249796844475473,-0.239433933312894,-0.229493804872848,-0.219982938707081,-0.210890375235848,-0.202186230233679,-0.193881327499895,-0.185941713302189,-0.178386230092383,-0.171170371381778,-0.164332755890301,-0.15778046591968,-0.15157362170287,-0.145643845059047,-0.140027907863746,-0.134672927356347,-0.12957190042233,-0.124743840587166,-0.120139538484033,-0.115768419736003,-0.111596200703957,-0.107630158536873,-0.10387017667469,-0.100274082843824,-0.096847644300923
-0.123407956658558,-0.128622508987953,-0.134095504170209,-0.139845041762721,-0.145881665436009,-0.152222846637628,-0.158555907746613,-0.165772645683538,-0.173008885279788,-0.180581467889175,-0.188524916132334,-0.196846014918076,-0.20552440450969,-0.21459165514601,-0.224021462544147,-0.233851147804943,-0.244054946545047,-0.254645177786637,-0.265639747426612,-0.276953234057179,-0.28866751840631,-0.300706543954107,-0.313069598228106,-0.325708725381124,-0.338545122924237,-0.351575240636882,-0.36486280212663,-0.378297362715089,-0.391683093322608,-0.405091868948632,-0.418374239615457,-0.431499639194719,-0.444351882540328,-0.456817065986779,-0.468895835523236,-0.480384039286526,-0.49128240313294,-0.501454843428765,-0.510857516401681,-0.519275922470499,-0.526809853440562,-0.533251506547289,-0.538595493328443,-0.542780917473834,-0.545755855897898,-0.547524626668367,-0.548099903453722,-0.547395831318346,-0.545491222524791,-0.542334069094815,-0.538054522525736,-0.532649372863866,-0.526225706061126,-0.518731613182204,-0.510316298010596,-0.501091798074266,-0.49111058846281,-0.480440873928412,-0.469161103391078,-0.457412056470949,-0.445257110198085,-0.432801527466749,-0.420034728410881,-0.407127631043085,-0.394161343879235,-0.38114512466205,-0.368189092708742,-0.355295039212281,-0.342561843035715,-0.330047592485325,-0.317762715422496,-0.305710933734254,-0.293997535414863,-0.282615395548443,-0.271652645624128,-0.261743980495453,-0.250436618877997,-0.240501139301656,-0.230896315766798,-0.221689178901961,-0.212839918634238,-0.204359513343704,-0.1962299562109,-0.18845503817524,-0.181042957186137,-0.173943623847106,-0.167184314131721,-0.160733606318751,-0.154574251100666,-0.148702143764941,-0.143114596219828,-0.137772655466746,-0.132688568194127,-0.127851739290992,-0.123231203004175,-0.118838524596121,-0.114668491099378,-0.11067049772072,-0.106881136152148,-0.103256177309873,-0.0997864865018803
-0.126463861910812,-0.131654626869048,-0.137092394254962,-0.142787919989703,-0.148760016299046,-0.15497109155891,-0.161496948020493,-0.168352866238535,-0.175510723629465,-0.182944907860002,-0.190722844385228,-0.198828621465172,-0.207298068585033,-0.216093787984696,-0.225241227129709,-0.234755339423242,-0.24460097758011,-0.254787260039758,-0.265347053292508,-0.276210453131233,-0.287378482684839,-0.298831291602034,-0.31055743174245,-0.322534919216501,-0.334698107941431,-0.347039444991269,-0.359525444029227,-0.372088109633592,-0.384652290441888,-0.39714023528719,-0.409516157742154,-0.421714853001499,-0.433675551891674,-0.445220255299928,-0.456401214092069,-0.467020985228753,-0.477037204384079,-0.486407398804284,-0.495026312261848,-0.50280408824594,-0.509687380323338,-0.515660333581035,-0.520523729970263,-0.524428795633464,-0.527128783282293,-0.528803572488031,-0.529326828702334,-0.528635396193721,-0.526930279557901,-0.52406517746151,-0.520201209833369,-0.515228245168066,-0.509330116214121,-0.502536100306562,-0.494807205724175,-0.486305853252841,-0.477115591450549,-0.467277356146916,-0.456889085815241,-0.446006348563857,-0.434728537658396,-0.423154470029906,-0.411293851835822,-0.399242881228772,-0.387109830973099,-0.374934553025571,-0.36275338283649,-0.35064635009449,-0.33864618909447,-0.326830697887123,-0.315158609062907,-0.303732695056831,-0.292571051084181,-0.281691011859978,-0.271067693872957,-0.261171580344053,-0.250873652485163,-0.241240251603885,-0.231961871124235,-0.223032955447831,-0.214431483156869,-0.206163411110802,-0.198222915060657,-0.190632433738806,-0.183362318417582,-0.17639019984348,-0.169746759802463,-0.163369727911529,-0.157309302085252,-0.151478646522749,-0.14592618248481,-0.14061860232247,-0.135559465657873,-0.130733201545323,-0.126114820959688,-0.12172556106872,-0.117522319560859,-0.11353041234591,-0.109707203503073,-0.106053559922475,-0.102571455841691
-0.129283873407632,-0.134445924503714,-0.139841268635133,-0.145482004449678,-0.15137842523271,-0.157531453977896,-0.163961464567087,-0.170690011542257,-0.177700176506036,-0.184997857367966,-0.192551575780422,-0.200456237541974,-0.208702650769199,-0.217249577292271,-0.226117629295517,-0.235300655996554,-0.244780385020504,-0.254605892691303,-0.264707497170931,-0.275110794131696,-0.285782516510333,-0.296708831081628,-0.307854611641168,-0.319211095069563,-0.330693134298717,-0.342344801752566,-0.354092699456204,-0.365830795419333,-0.377667469177756,-0.389341582951905,-0.40091915059179,-0.41224290158655,-0.423312403741742,-0.434061493934923,-0.444406796838303,-0.454260654298307,-0.463497116940602,-0.472172449220647,-0.480078099293514,-0.487242149906561,-0.49356504017009,-0.499038106510923,-0.503557482571661,-0.507079673865043,-0.509622490642536,-0.511193923716175,-0.511720072422153,-0.511082763097796,-0.509504357703908,-0.50693996253216,-0.503410818782432,-0.498866749409663,-0.493417544827418,-0.487134841201573,-0.480106375125879,-0.472252355704812,-0.463768641073169,-0.454739097996963,-0.445113212904518,-0.435031326831304,-0.424550768170839,-0.413781719103519,-0.402748652544769,-0.391491464957375,-0.380141092833327,-0.368730072450027,-0.357279278153963,-0.34587394296732,-0.33455698144362,-0.323382163494421,-0.312334636130505,-0.301482355364593,-0.290869459866257,-0.280550540367624,-0.270669227930578,-0.260612589922495,-0.250935533512252,-0.241644160884716,-0.232677431694699,-0.224022519561072,-0.215674745512587,-0.207636243357757,-0.199909526688041,-0.192495574506683,-0.185368783410899,-0.17853834668038,-0.172008043656299,-0.16572933745818,-0.159726614849372,-0.153991675449955,-0.14848080645306,-0.14322935863689,-0.138198485618579,-0.133391263323682,-0.128801671451634,-0.124403652177798,-0.120200545029161,-0.116200230621611,-0.112367668367668,-0.108695710090825,-0.105191098298815
-0.131878593200084,-0.136992148761461,-0.14233139580709,-0.147911737447362,-0.15373487905973,-0.159803300583178,-0.166128199743974,-0.172725211364613,-0.179595846682614,-0.18676942055021,-0.194160944488972,-0.201816710942508,-0.209810321422234,-0.218088055825723,-0.226671866058609,-0.235542189543924,-0.244687041445133,-0.25411587466646,-0.26380684131326,-0.273745670602716,-0.283922846200509,-0.29433545325266,-0.304937125914242,-0.315702651307693,-0.326599938125789,-0.337574864701361,-0.348607025999288,-0.359663763475039,-0.370744221647614,-0.38167616030299,-0.392490919088471,-0.403065593685275,-0.413361118135843,-0.423347491664884,-0.432912769474433,-0.442053733106537,-0.450604878317369,-0.458611886314363,-0.465939223807367,-0.472524368540694,-0.478358913068606,-0.483391496081645,-0.487579199488489,-0.490810397182148,-0.493164094152057,-0.494598397345125,-0.495051788825391,-0.494570747550309,-0.493091404467621,-0.49074283901861,-0.487538862036346,-0.48337257363621,-0.478412866784589,-0.472612506425123,-0.466103389383614,-0.458901033942613,-0.451074652078605,-0.442669690045642,-0.433815457518017,-0.42445733858539,-0.414728248886637,-0.404682068721641,-0.394407388861542,-0.383884729487045,-0.373256888779433,-0.362555670868792,-0.351791537389619,-0.34105405374433,-0.330389230414475,-0.319788964564457,-0.309322855705354,-0.29901356671027,-0.288861629529952,-0.278903849129484,-0.270002247484556,-0.259911734586454,-0.250650555035571,-0.24172826075626,-0.233082831323011,-0.224693570641399,-0.216617324478132,-0.208826288309944,-0.201297366132746,-0.194051600363652,-0.187085421721225,-0.180409011792988,-0.173981317807912,-0.16781955382255,-0.161907396301181,-0.156240792168223,-0.15080455562035,-0.145601679100726,-0.140620083874665,-0.1358528959363,-0.131272638088045,-0.126879717304804,-0.122702591636107,-0.118703652633628,-0.114857814554311,-0.111179745542817,-0.107681745544617
-0.134262930506995,-0.139330243879777,-0.144612222090025,-0.15011603908295,-0.155847882319431,-0.161809820451045,-0.168016488918906,-0.174479371541481,-0.181204074940295,-0.188147336262724,-0.195345905161878,-0.202927552071104,-0.210535412811507,-0.218642677800316,-0.226958386570304,-0.235496961410585,-0.24432453318255,-0.253371835770148,-0.262658223518053,-0.272175245227331,-0.281884639867828,-0.291783923658639,-0.301842560253903,-0.312053770693886,-0.322380238394658,-0.332757896490454,-0.343179920961362,-0.353558958203682,-0.363914021921998,-0.374154826477868,-0.384267307527584,-0.394150398430443,-0.403749821981438,-0.413059315595121,-0.4219313505865,-0.430371355931433,-0.438323772040026,-0.445728702517129,-0.452529785114991,-0.458604132138888,-0.463984646528359,-0.468629390311626,-0.472486584606103,-0.475501668453876,-0.477642926734116,-0.478991058602555,-0.479425385428511,-0.478987266671912,-0.477653837053992,-0.475498103657643,-0.472514050288298,-0.46871864695555,-0.464154741249029,-0.45883294920459,-0.452816352710762,-0.446171272939681,-0.438936609431057,-0.431176434710698,-0.422956396821197,-0.414284454577218,-0.405199066666431,-0.395867007718446,-0.386269807752128,-0.376436921218347,-0.366477392027122,-0.356444161908898,-0.346319556669234,-0.336202262787938,-0.326105223735707,-0.316088837923697,-0.306139381923172,-0.296353763776295,-0.286727885103578,-0.277348083283483,-0.268454150253419,-0.259072118658988,-0.250138393746526,-0.241533537775318,-0.233204346224177,-0.225114655917023,-0.217290129071024,-0.209717807345403,-0.202405608910017,-0.195331842390981,-0.188544403464841,-0.182011460719082,-0.175703018593086,-0.16965609052739,-0.163837803338565,-0.158257251330391,-0.152894367176102,-0.147760400584936,-0.142819273373955,-0.138099362297516,-0.133558189892815,-0.129203487278854,-0.125023268992976,-0.121028080832212,-0.117182578559408,-0.113512440234799,-0.11000099252624
-0.136434364840709,-0.141444795041206,-0.146659848650276,-0.152086205187995,-0.157730572061762,-0.163590089625464,-0.169677562892942,-0.175998780366879,-0.182563604532907,-0.189358236214766,-0.196393906083528,-0.20376767969855,-0.21084866353246,-0.218941139781385,-0.226971432373909,-0.235191939254185,-0.243689475283052,-0.25237996467796,-0.261287303922567,-0.27038139569377,-0.279660846567081,-0.289092045108772,-0.298658578046832,-0.308322452917025,-0.318080964378864,-0.327888664986252,-0.33771600045985,-0.347496390763228,-0.357224293215689,-0.366831804534263,-0.376259464671562,-0.385498003720455,-0.394470281567194,-0.403139628780768,-0.411405561558995,-0.419242204859072,-0.426619744468082,-0.433475395773754,-0.439773467729974,-0.445412448424029,-0.450380036706318,-0.454689811451026,-0.458241641574315,-0.461052734794265,-0.463035059974937,-0.464257588894302,-0.464682142856132,-0.464290297162578,-0.463091919443727,-0.461088533103968,-0.458374317010378,-0.454874723468234,-0.450658531578406,-0.445751003900353,-0.440202481033243,-0.434087256721377,-0.427352170521375,-0.420149929104759,-0.412512284425796,-0.404439456038398,-0.396012266844378,-0.387294475343177,-0.378345294871943,-0.369147742051553,-0.359807932777196,-0.350357722753322,-0.340849182476906,-0.331286460900228,-0.321754707363917,-0.312288130587185,-0.302858721417282,-0.293549836144064,-0.284384896114694,-0.275410327003102,-0.267014139999569,-0.257763254131177,-0.249367658267815,-0.241110915724354,-0.233092224704977,-0.225273581626946,-0.217696100908857,-0.210343964818032,-0.203252203384056,-0.196380842169855,-0.189753447858103,-0.183360632477136,-0.177189688671608,-0.171256353277271,-0.16554261715873,-0.160052592615537,-0.154762230398307,-0.149701091234901,-0.144816933592582,-0.140137517399746,-0.135639640609115,-0.131349219001911,-0.127182005765719,-0.123191585597849,-0.119358055475592,-0.115692403171603,-0.112174050479891
-0.138419110031352,-0.143362398641963,-0.148499624878008,-0.153836739267698,-0.159385795966243,-0.165137268806081,-0.171102201067845,-0.177285660466721,-0.183693055742242,-0.19032001831396,-0.197153854539733,-0.204192971643717,-0.211541490643276,-0.219283550517612,-0.226594025517514,-0.234711475215967,-0.242855369400733,-0.251194035474417,-0.259723159560293,-0.268406338799084,-0.277272110375873,-0.286251895346854,-0.295356212168642,-0.304528483022797,-0.31376959270246,-0.323023321898695,-0.332266545254839,-0.341493530928833,-0.350648864270207,-0.359672148725682,-0.368506388576317,-0.377140153182118,-0.385507854887185,-0.393594678511712,-0.401302601838824,-0.408592502455747,-0.415470489936214,-0.421810954085911,-0.427648927325457,-0.432894653208405,-0.437494097000593,-0.441494665886752,-0.44477835371598,-0.447377183154402,-0.44923985432149,-0.450348912165778,-0.45077068125681,-0.450414438005563,-0.449324952634644,-0.447490356945328,-0.444944153419751,-0.441743823716767,-0.437856222701619,-0.433328051562067,-0.428209264438882,-0.422530223280487,-0.416323069379301,-0.4095977423166,-0.402495497882097,-0.394996617538523,-0.387136874939043,-0.378979215788439,-0.370603370512604,-0.361997745522666,-0.353226035224529,-0.344351098469301,-0.335403544551599,-0.326389690535333,-0.317382184825993,-0.308416077421971,-0.299486736955455,-0.290632421781867,-0.281921950139984,-0.27345114877974,-0.265295916514993,-0.256543179543942,-0.248414606539196,-0.240480355443974,-0.232727531926627,-0.225204012983284,-0.217858105395842,-0.210755350163161,-0.203868261796252,-0.197192594868277,-0.190723649625942,-0.184480035395673,-0.178457919626666,-0.172650730325504,-0.167037461740395,-0.161643777680384,-0.156437006627595,-0.151443025014672,-0.146623999297875,-0.141986387872224,-0.137541591547932,-0.133319004581251,-0.129247114081603,-0.125161526270879,-0.121379521133416,-0.117717461865356,-0.114213488617948
-0.140213918438196,-0.145091141630361,-0.150151321305064,-0.155400442773027,-0.160840201492246,-0.16647151579331,-0.17230408132973,-0.17834767090728,-0.184597311445818,-0.191053283044173,-0.197696663007356,-0.204553101674037,-0.211645146438056,-0.218958794886398,-0.22598587657635,-0.233964900562354,-0.24180562629792,-0.249833366425303,-0.258004573878337,-0.266307622026275,-0.274753753119705,-0.283297765731478,-0.291957567664489,-0.300669836583152,-0.309425461625184,-0.318185371388661,-0.326911120854197,-0.33557513355778,-0.344181851837733,-0.352671782478791,-0.360969659769468,-0.369062740797046,-0.376870751660825,-0.384408608372981,-0.391602852571477,-0.39840886884547,-0.404811643194543,-0.410714547164624,-0.416117013299315,-0.42100171619576,-0.425269739584146,-0.42897843686483,-0.432038492758101,-0.43444097160411,-0.436191154727123,-0.43722194531966,-0.437596638530653,-0.437291432195345,-0.436290680028167,-0.434619620921705,-0.432268915958507,-0.429292215902018,-0.425693659060946,-0.421504552063313,-0.416768454697338,-0.41150281896605,-0.405739855459158,-0.399498178853816,-0.392874276571697,-0.385881609913647,-0.37854592269912,-0.370932556850641,-0.363078740831162,-0.355033144968035,-0.346790512548408,-0.338439708043763,-0.330023506088185,-0.321518306289876,-0.31298777291132,-0.304501196328577,-0.296032231126155,-0.287617802424471,-0.279272042684571,-0.270871885199505,-0.263199438240233,-0.255061788565578,-0.247276130389487,-0.239647154376971,-0.232171629205652,-0.224907946887541,-0.217837198300356,-0.210955978672327,-0.204261524849003,-0.1977782204207,-0.191486901024266,-0.185409389414829,-0.179523106762512,-0.173825804778092,-0.168344711891008,-0.163051493924753,-0.157934913365947,-0.15300747916245,-0.14824970454531,-0.143662594161706,-0.139224603611543,-0.134997418986554,-0.131354888766079,-0.127009386183507,-0.123256327208962,-0.119614825566309,-0.116115527008165
-0.141825960062911,-0.146628572538209,-0.15160784615075,-0.156766147675709,-0.16210072065213,-0.167617151152637,-0.173321245131575,-0.179214973289615,-0.185299083770513,-0.191572635639852,-0.198032300607605,-0.204683108045219,-0.211523549082954,-0.21853459245876,-0.225691709603553,-0.232995497926918,-0.240576996384174,-0.248322262748344,-0.256130931580678,-0.264081240208417,-0.272139603660296,-0.280278608139981,-0.288495600140396,-0.296766999100583,-0.305068423267302,-0.313362522751126,-0.321608266155178,-0.32979078311421,-0.337855955017661,-0.345845203346435,-0.353644693127329,-0.361236847638292,-0.368546144718737,-0.375579183413918,-0.382296132177578,-0.38865790565841,-0.394625635588556,-0.400126677895445,-0.405148541320462,-0.409687896162428,-0.413664353415459,-0.417107749013851,-0.419961248697616,-0.422187805904623,-0.423816242211178,-0.424791788965496,-0.425130152339604,-0.424864510777085,-0.423943291003557,-0.422404262788375,-0.420243521526281,-0.417489382444162,-0.414156649022755,-0.410250023687485,-0.405866046417946,-0.400983568036331,-0.395617280933213,-0.389825906810835,-0.383649677401089,-0.377124805050165,-0.37026521080036,-0.363141455999353,-0.355787463971919,-0.348228359247982,-0.340486257522208,-0.332628425097297,-0.324694229885261,-0.316660407647034,-0.308607990753676,-0.300565842755758,-0.292520671945051,-0.284527960369638,-0.276637820041539,-0.269062571878224,-0.261232237070356,-0.25345679548513,-0.24595445050884,-0.238625617716333,-0.231449133304039,-0.224448484018641,-0.217608497015229,-0.210941984131759,-0.204457411402402,-0.198171879572535,-0.192062138591576,-0.186131382554603,-0.180388802983601,-0.174825033538015,-0.169461651880857,-0.16426132631777,-0.159246419853421,-0.154400213770107,-0.149732600400416,-0.145225411014161,-0.14085751997462,-0.136406626589153,-0.132749551246838,-0.128795536309395,-0.124993215754384,-0.121374701107671,-0.117881434270215
-0.143281094076532,-0.148003980263783,-0.152891741579084,-0.157948417572743,-0.163173184143711,-0.168571555228556,-0.174145551270377,-0.179896229907209,-0.185819426945482,-0.191915344999635,-0.198188729364408,-0.204623890416448,-0.211249920588325,-0.218037616445546,-0.225021063133119,-0.232176404467633,-0.238911904064508,-0.246681309856812,-0.25413505654935,-0.26173982537255,-0.269431221639749,-0.277193171872675,-0.285012152550136,-0.292852752406495,-0.300715096084951,-0.308570950056907,-0.316369961388471,-0.324099353965587,-0.331691620950555,-0.339200549881092,-0.34652821483834,-0.353654227684671,-0.360505944763485,-0.367101854352584,-0.373372805369202,-0.379312870973478,-0.384884639056762,-0.390015684704174,-0.394696567085767,-0.398913676104163,-0.402631167974772,-0.405834977800346,-0.408497255258807,-0.410568298813682,-0.412082519945404,-0.413005679602084,-0.413325858869596,-0.4130739517224,-0.412232310636287,-0.410809075344891,-0.408821473716084,-0.406268735669932,-0.403180029008284,-0.399560956641572,-0.395467688135388,-0.390925798445291,-0.385931962765551,-0.380540100147512,-0.374784155963686,-0.368685108854029,-0.362272246087919,-0.35560226199763,-0.348707716498221,-0.341594328849706,-0.334327229808117,-0.32692445677384,-0.319425214733612,-0.311844877486584,-0.304225635915301,-0.296601546057828,-0.288961863791111,-0.28137482853308,-0.273856068032438,-0.266519560992124,-0.259105106754217,-0.251669973325393,-0.244514348011018,-0.237466579155604,-0.230566172728143,-0.223802592289698,-0.21719966421694,-0.210762583627864,-0.204488951006813,-0.198381576092121,-0.192440036967466,-0.186666495775369,-0.181081228885445,-0.175652816646673,-0.170387525455182,-0.165306608630898,-0.160382187142556,-0.155626380983553,-0.151039068061633,-0.146603935945933,-0.142341272515036,-0.138181820830236,-0.134188148056777,-0.130332411063147,-0.126588983630497,-0.122996476302013,-0.119530241745969
-0.14457229326003,-0.149215482875778,-0.15401489139279,-0.158969765036411,-0.164079565701189,-0.16935169170613,-0.174792752679136,-0.18039956780913,-0.186161128695978,-0.192085070549427,-0.198173314060879,-0.204408101217333,-0.210798814768109,-0.217359872632174,-0.224077204519149,-0.230573640949521,-0.237669631932679,-0.244898036404127,-0.252022370777394,-0.259295979804055,-0.26664718030477,-0.274048542345483,-0.281491567397949,-0.288945287363201,-0.296395233500043,-0.303823706852364,-0.311206625061589,-0.318506417788935,-0.325667855794305,-0.332723121525444,-0.339608724118295,-0.346316454920767,-0.352758689526637,-0.358945094402967,-0.364810703000796,-0.370351913087943,-0.375562902582118,-0.380352592461267,-0.384723506226734,-0.388663750086132,-0.392130141815379,-0.395117124501549,-0.397601994678923,-0.399532897943262,-0.400944320986067,-0.401816127936289,-0.402120314692361,-0.401887238591019,-0.401111973112261,-0.399793742646307,-0.397954905205814,-0.395590984907319,-0.39272149316694,-0.389371598201574,-0.385540603110927,-0.381322544972302,-0.376660452153623,-0.371626019563183,-0.366256427885831,-0.360544591979013,-0.354546848737446,-0.348300962128006,-0.34182828470156,-0.33513814216809,-0.328300791113677,-0.321337417054292,-0.314237598026729,-0.307079451629599,-0.299874134935904,-0.29262720551372,-0.285381299244405,-0.278168164835394,-0.270976341552142,-0.264037056802848,-0.257047247253003,-0.24981127102402,-0.242940268422521,-0.236168043764023,-0.22952900227345,-0.223004343370129,-0.216648721857609,-0.210417996257564,-0.204351432575837,-0.198413042203966,-0.192651481267986,-0.187047674299677,-0.181596964466517,-0.176296744635902,-0.171162625072833,-0.166184799904942,-0.161359250949188,-0.156690988524874,-0.152181997090796,-0.147806833144094,-0.143589987317808,-0.139487885709709,-0.13555125231087,-0.131747626232242,-0.128074240936795,-0.124490641682929,-0.121055301776615
-0.145706643427509,-0.150268872864691,-0.154978593521666,-0.159830131883893,-0.164830233377717,-0.169981963644603,-0.175285846564746,-0.180737155728596,-0.186339450489026,-0.19209356320939,-0.197995795445507,-0.204039007125644,-0.210217103900693,-0.21653845657551,-0.222975216969472,-0.229515082164572,-0.236149306471729,-0.242990724153474,-0.249792408721549,-0.256831930295986,-0.26380014632304,-0.27085549294407,-0.277948489030579,-0.285038312523439,-0.292111829991546,-0.299146583123398,-0.306121739782539,-0.313025781037933,-0.31978549679881,-0.326421908132817,-0.332905198427109,-0.339226961583791,-0.345284352039018,-0.351080877527645,-0.356575648615561,-0.361764539163628,-0.366633513868402,-0.371110872310114,-0.375206741996967,-0.378896785362579,-0.382125033386119,-0.38491541849362,-0.387235424365183,-0.389039757436358,-0.390358623217304,-0.391180290535009,-0.391470485189747,-0.391260307643956,-0.390542559669914,-0.389318010406473,-0.387610629592861,-0.385420250302663,-0.382749414882305,-0.379634603776679,-0.376077719521785,-0.372126664147835,-0.36778699746074,-0.363087530482726,-0.358058140160482,-0.352703266641226,-0.347082908901652,-0.341226370819864,-0.335137237755015,-0.328853359004361,-0.322414828394656,-0.315837601415914,-0.309140106457204,-0.302371528483162,-0.295546247222567,-0.288667332949638,-0.281789690056165,-0.274918347469269,-0.268061995281954,-0.26112684201475,-0.255110748435304,-0.24786996456114,-0.241245300943025,-0.23473895820316,-0.228356167729857,-0.222088798985875,-0.215943965120685,-0.209928170066894,-0.204033359799833,-0.198320422792285,-0.19271058346004,-0.187256744875089,-0.181944107905538,-0.176789537809344,-0.171778755607781,-0.166908929076693,-0.162175693466151,-0.157608119887813,-0.153169408575147,-0.148868717627267,-0.144715386350292,-0.140683406801043,-0.136790256005808,-0.133033453764614,-0.129482718856154,-0.125834151872908,-0.122456057202193
-0.146710561002009,-0.151182981243948,-0.155791303012625,-0.160538952821106,-0.165427932307856,-0.170458750547268,-0.175630487644817,-0.180934198706613,-0.18637712236115,-0.191956819386282,-0.197676103540649,-0.203528966163443,-0.209495688316124,-0.215595437082298,-0.221802403133069,-0.228103224649867,-0.23450852396797,-0.24103503310963,-0.247588546582532,-0.254238531584219,-0.260912707361399,-0.267633052371607,-0.274404474755342,-0.281142409964413,-0.287863504200134,-0.294535801066487,-0.30113446308919,-0.307664874149282,-0.314057463718102,-0.320302473270093,-0.326072886575643,-0.332461837673396,-0.338058843461522,-0.34349494872453,-0.348656154752287,-0.353526233778848,-0.358073533385431,-0.3622805539531,-0.366121513764122,-0.369566350943945,-0.372583237871593,-0.375194878243022,-0.377361496251484,-0.379051173767153,-0.380286776988712,-0.381059646821616,-0.381337643321153,-0.381148769271737,-0.380489313650051,-0.379346539699897,-0.377757924033886,-0.375723614904952,-0.373234225535242,-0.370331928626931,-0.36702725151592,-0.363304053832211,-0.359272969817327,-0.354882928609382,-0.350171347394687,-0.345156030057369,-0.339887754129128,-0.334379136646367,-0.328644774550731,-0.322732256845221,-0.316670980361377,-0.310451136119998,-0.304129822132355,-0.297728628451165,-0.291248532563873,-0.284728554083307,-0.278199864571982,-0.271654438612295,-0.265082238823816,-0.258540867705228,-0.252669616935695,-0.245733496034546,-0.239445149031123,-0.233219197482589,-0.22708523132242,-0.221040606038426,-0.215106942997198,-0.209302520076694,-0.203612607506919,-0.198048862163259,-0.192628892103481,-0.187316198129758,-0.182164110121565,-0.17713422763329,-0.172236182451238,-0.167485263018573,-0.162861279853526,-0.158368197899701,-0.154016414245012,-0.149799795528271,-0.145706876432285,-0.141737017392957,-0.137895300034149,-0.134142933923891,-0.13062622636515,-0.127188264795631,-0.123744959165873
-0.147576687556406,-0.151963213940848,-0.156474047389905,-0.161113400612798,-0.165885095192425,-0.170794755227062,-0.175829252790256,-0.180990906608452,-0.186280637918259,-0.191695620405261,-0.197232452830075,-0.202892505694595,-0.208662053925025,-0.21453803401569,-0.220520719868271,-0.226592083444288,-0.232747758807951,-0.238989195369388,-0.245267930439251,-0.251628363185116,-0.257968411043487,-0.264377400545172,-0.270883597116134,-0.277265930916633,-0.283658778191447,-0.289989302768911,-0.296244419729338,-0.302411289558928,-0.308465273575251,-0.314421708084564,-0.320037734388653,-0.325551880424476,-0.331036989147455,-0.336179842489708,-0.341042675078366,-0.34562702536877,-0.349880533167909,-0.353828710747221,-0.35743208877787,-0.360649735863285,-0.363475313774989,-0.365923843799634,-0.367947364418589,-0.369533053340707,-0.370693783259995,-0.371419141473629,-0.371686536756077,-0.371517648067545,-0.370908900931244,-0.369849689853898,-0.368368303871142,-0.366469507959786,-0.364147685139232,-0.361439581544807,-0.358358362524503,-0.354877649597923,-0.351077989034946,-0.346996424758971,-0.342574681618775,-0.337880264864322,-0.332927138633999,-0.327746952398279,-0.322356046471637,-0.31679179754124,-0.311058445768604,-0.305187536319151,-0.299214109547944,-0.293142789821541,-0.287000719126471,-0.28081960319691,-0.274620961641698,-0.268446197757639,-0.262067169736147,-0.256104067823008,-0.25008560889063,-0.243655347670452,-0.237592958124462,-0.231614745903674,-0.225695608345786,-0.219890446006323,-0.214160179389226,-0.208558515583452,-0.203056313595721,-0.197661433315865,-0.192396743650395,-0.187259871655804,-0.182232855973768,-0.177339596781484,-0.172566896831061,-0.16792751633133,-0.163407868641089,-0.159011576821024,-0.154747961613966,-0.150602151143175,-0.146577483351055,-0.14268433717296,-0.138904062552263,-0.135241101628414,-0.1317286007955,-0.128295074946133,-0.124926757392943
-0.148313268044003,-0.152611952428868,-0.157025112838982,-0.161562056144778,-0.166222178868316,-0.171001670781415,-0.175898807047385,-0.180920014753418,-0.186058760595446,-0.191311547427965,-0.196674276869757,-0.202144903951355,-0.207715579676452,-0.213381480140397,-0.219146235875435,-0.224989759183984,-0.230906153239313,-0.236883879883802,-0.242921382550893,-0.249005299677803,-0.255134465079008,-0.260786450731465,-0.267382661304636,-0.273403484407818,-0.279513363813738,-0.285512594782781,-0.291451360053199,-0.297286402396687,-0.303008247245314,-0.308621861476112,-0.314028967331446,-0.319230149706275,-0.324286433776906,-0.329104428509496,-0.333723554526048,-0.338026369312906,-0.34202227049072,-0.345730400539485,-0.349110422733024,-0.352121965190037,-0.354775157401935,-0.35707338912254,-0.358963260847403,-0.360454400775078,-0.361547743909076,-0.362226921376917,-0.362485203174607,-0.362335036533771,-0.361770463585063,-0.360788232812072,-0.359410546384473,-0.357639171587387,-0.355472175578038,-0.352942841872657,-0.35005932856915,-0.346812534567755,-0.343249664121186,-0.339408050848377,-0.335255538892328,-0.330857468739768,-0.326203380800704,-0.321321841934036,-0.316252466275743,-0.311005384051605,-0.305589189259414,-0.300047501197228,-0.294394268390061,-0.28863382849438,-0.282793858456979,-0.276997376453292,-0.270847888774894,-0.265467377618123,-0.259050726363398,-0.253257779225328,-0.247461872576442,-0.241425839553547,-0.235650772510787,-0.2299098142019,-0.224224609395057,-0.218629494013083,-0.213131917968986,-0.207696872870141,-0.202381299795913,-0.197166045538111,-0.192063188716268,-0.187067396654614,-0.182186748860651,-0.177421727795541,-0.172777850190912,-0.168240473451955,-0.16382854264694,-0.159545686616572,-0.155354182504165,-0.151287295174283,-0.147345490936218,-0.143514136079535,-0.139794948418068,-0.136199558503577,-0.132710089184971,-0.129310742441774,-0.125998781198944
-0.148934737795874,-0.153136830397921,-0.157455166921349,-0.161889142025796,-0.166437943271596,-0.171091360419834,-0.175857266260767,-0.180733590332561,-0.185722620067079,-0.190816208656582,-0.196009441917665,-0.201297988735131,-0.206680108507968,-0.212143405576526,-0.217690184107485,-0.223314228799063,-0.228995464024237,-0.234741812209851,-0.240517231193696,-0.246326376016658,-0.252145360714086,-0.257813877465933,-0.263967501487174,-0.269323953086023,-0.275423827960801,-0.281107469017957,-0.286746881155936,-0.29227718304799,-0.297687046243195,-0.302994090522538,-0.308106532026794,-0.313045399595095,-0.317789842746483,-0.322328888957598,-0.326670365024679,-0.330716146925601,-0.334478086371346,-0.337965841049105,-0.341126696537276,-0.343960206799092,-0.346455408076007,-0.348607215304594,-0.350381975695754,-0.351786858360254,-0.352819631322285,-0.353454016836945,-0.353704369527583,-0.353571967029179,-0.353045917117841,-0.352134634459317,-0.350852505594354,-0.349196352248574,-0.347173634953484,-0.344810276642169,-0.342108120741011,-0.339075475509924,-0.335731497435131,-0.332108416459592,-0.32821727175288,-0.32408747038324,-0.319702437267224,-0.315102101433029,-0.310330011530635,-0.305367184301104,-0.300259525705605,-0.295023981514384,-0.289664169934215,-0.284251398951602,-0.278636742038982,-0.273310248548969,-0.267412403640873,-0.261879971284548,-0.256162920338149,-0.250559136473498,-0.244885113309951,-0.239221265699423,-0.23366692655233,-0.228139438173726,-0.222689025537861,-0.217294091544672,-0.211979615262783,-0.20674980268524,-0.201608664323125,-0.196568431422014,-0.191611107033647,-0.186773068074331,-0.182030427210496,-0.177390752936436,-0.172858484239274,-0.168447709063811,-0.164140262040211,-0.159937943724671,-0.155845414275186,-0.151871363201382,-0.14800752298534,-0.144234283117071,-0.140587417776104,-0.137040560140385,-0.133592113864474,-0.1302403063097,-0.126979084200804
