5.05607732134565,5.05719654096653,5.05834694331088,5.05953098466143,5.06074736214453,5.06199732975184,5.06327861034808,5.06459126129551,5.06593405044325,5.06730725731165,5.0687097419732,5.07013788927197,5.07159117891161,5.07307103079278,5.0745728184917,5.0760901581897,5.07762520491414,5.0791702463944,5.08072948462373,5.08229518957418,5.08386472628809,5.0853717684627,5.08691826942471,5.08853329925143,5.0900597414154,5.09156686324734,5.09304876793096,5.09449649730078,5.09590407117342,5.09726154226958,5.09857216584534,5.09982611948113,5.10100939691406,5.10212964777059,5.1031684691971,5.10412328815423,5.10500044309521,5.10578612780622,5.10647533661016,5.10706668178639,5.10754806057249,5.10792711652524,5.10819996902051,5.10836073471625,5.10840748771114,5.1083444762702,5.1081710768769,5.1078835596778,5.10748595130694,5.10698273701325,5.10637920637263,5.10567138823665,5.1048657281236,5.10396690111962,5.1029789981922,5.10190922460142,5.10075866879782,5.09954124867516,5.09825407217701,5.09690727005218,5.09550289444514,5.09404924544583,5.09256748660298,5.09104290829626,5.08949090088282,5.08790587277169,5.08630782441687,5.08470299193526,5.08308023815591,5.08146609826701,5.07984621202186,5.07823424691388,5.07663286301366,5.07504770342154,5.07348060523654,5.07193461172962,5.07040567596759,5.06890676097201,5.0674322179031,5.06599090268717,5.06457806334717,5.06319586201935,5.06183889051685,5.06058314979789,5.05926375063066,5.05805463579822,5.05682681916252,5.05565743560276,5.05452884518518,5.05343695134667,5.05238035436852,5.05135763139383,5.05036813072488,5.04941575972178,5.04849401572811,5.04760959171101,5.04675380225859,5.04592976802645,5.04513448965544,5.04437245071396,5.0436412827263
5.05584952551418,5.05699287749508,5.05817218953695,5.05938715965253,5.06063591018305,5.06191967045176,5.06323832893135,5.06459164945987,5.06598033191331,5.06740024919854,5.06885235482171,5.07033171802751,5.07184334472903,5.07338380082894,5.07494594190852,5.07652998040714,5.07813199501328,5.07975003997281,5.08138601809236,5.08303492412332,5.08467306323672,5.08634216845904,5.08794306241107,5.08958056113936,5.09119725084845,5.09279127161714,5.09436377191562,5.09589278521612,5.09738366507898,5.09883300443675,5.10022472219033,5.10155496672603,5.10282051577593,5.10403165227608,5.10511351597231,5.106150266875,5.1070915077231,5.10793501022441,5.10866939370724,5.10930361770978,5.10982798643939,5.1102305013105,5.11052081500694,5.11069677439714,5.11075073172998,5.11068084804009,5.11049466919488,5.11018889553691,5.10977058932372,5.10923418426928,5.10858713035912,5.10783292124407,5.10697345239879,5.10601337166486,5.10495885457428,5.1038167618055,5.10259505987363,5.10129629492367,5.09992971142807,5.09849407926945,5.09700554698183,5.09546643060347,5.09389403125789,5.09227755621683,5.09063133114305,5.08896220329623,5.0872839996817,5.08558094934387,5.08388448939028,5.08217701645535,5.08047584421853,5.07878735058553,5.07711548864365,5.07545735503818,5.07382026440199,5.07220525961496,5.07061434109567,5.06905846260644,5.0675253572267,5.06602684486862,5.06456831826322,5.06314727135593,5.06177687748787,5.06040894759748,5.05911503089106,5.05783390139215,5.05659787894427,5.05540271210356,5.05424583842582,5.05312629434545,5.05204690549455,5.05100578827165,5.05000051116925,5.04903186402849,5.04809963079985,5.04720258519181,5.04633624623865,5.04550375081565,5.04470717581303,5.04393812822131,5.04319809421425
5.05558652879351,5.05675788939459,5.05796668325864,5.05921197775491,5.0604953138336,5.06181557032694,5.06317318308041,5.06457069955605,5.06600425997323,5.06747301853325,5.06897571368471,5.07051042275573,5.0720833719781,5.07368517607533,5.0753125589537,5.07696519332891,5.07863850248736,5.08033557550814,5.08204465757751,5.08376921974933,5.08549740128815,5.08723639358506,5.0889728721032,5.09068433825262,5.09239245035904,5.09407727954363,5.09573980335684,5.09736671782909,5.09894838919096,5.10048977651405,5.10197113679054,5.10339306355988,5.10473925321409,5.10599835740389,5.10720165382761,5.10830593959926,5.10931203914905,5.11021440279065,5.11100370279931,5.11167834555473,5.112240445102,5.11267961492485,5.11298934278465,5.11317632432823,5.11323519193366,5.11316658698498,5.11296834621641,5.11264397750818,5.11219534603325,5.11162426269357,5.11092989831193,5.11012217487204,5.10920244855675,5.10817809762286,5.10705129697257,5.10583090340638,5.10453066894765,5.10314506563075,5.10168841380027,5.1001596452651,5.09858373208921,5.09695633323854,5.09527681731602,5.09356240217617,5.09182281861327,5.09006287389928,5.08827872229121,5.08649440539645,5.08469772452077,5.08290066250609,5.08112017776671,5.07935571555539,5.07759219130973,5.07586000646798,5.07415144990656,5.07247040497417,5.070816752641,5.06919140191846,5.06760599388179,5.06605163835471,5.06454288669889,5.06307235187859,5.06163753868724,5.06024572036779,5.05892280220327,5.05759380351026,5.05632470274777,5.05510286612747,5.05392135174542,5.05278162737817,5.05168294786714,5.05062062118471,5.04960135837837,5.04861793470455,5.04767140965555,5.04676222234452,5.04589047180724,5.04505106975145,5.04424785345422,5.04347404333619,5.04273272653588
5.05532790831173,5.05652152856279,5.05775656647837,5.0590326178197,5.06034869473556,5.061704177187,5.06310262498286,5.06454200868417,5.06602133133133,5.06753819816015,5.06909098904158,5.07068587075003,5.07231966215732,5.07398359892717,5.07567842631032,5.07740205672376,5.07915484598944,5.08093696436942,5.0827217092406,5.08453159323015,5.08634873559313,5.08817562000215,5.09000024582567,5.09181265531344,5.09362111374972,5.09541116461141,5.09717164653061,5.09890108628571,5.10058267478493,5.10221961541106,5.10380250314543,5.10531476722093,5.10675720674052,5.10811619395634,5.10940229008213,5.11057506536674,5.11165434640776,5.11261654765984,5.11346992004179,5.11419228335478,5.11479487081439,5.1152668826689,5.11560623740538,5.11580973434363,5.11587481615349,5.11580233338104,5.11559535952007,5.11524553857228,5.11476307077317,5.11415115083467,5.1134091609675,5.11254319732968,5.11155831516473,5.11046275042139,5.10926029644961,5.10795512082059,5.10656378708659,5.10508826287511,5.10353227791186,5.10191121351395,5.10023083584311,5.09849956360139,5.09671597829065,5.09490275825421,5.09305628674431,5.09119086272137,5.08931253997436,5.08742273403822,5.08553217759903,5.08364895762911,5.08177583185811,5.07991222783499,5.07808084779551,5.07625660449715,5.07446781729459,5.07274165462198,5.07098614949795,5.06929846733372,5.06765415533742,5.06604604015488,5.06448657460632,5.06298194099917,5.06149340070502,5.06005316845175,5.05866734234838,5.05732338725806,5.05602991412759,5.05478087323706,5.05357643863523,5.05241371962662,5.05129305993724,5.05021425590191,5.04917730369326,5.04817810493484,5.04722490077721,5.04630595243154,5.04542488510827,5.04458005818473,5.04377144923203,5.04299384071015,5.04224838376416
5.05503572597321,5.05625493582744,5.05751709395028,5.05882216458125,5.06017224612705,5.06156572723845,5.06300339042195,5.06448536612188,5.06601073297078,5.06757651200003,5.06918543030464,5.07084153891103,5.07253479406595,5.07426452619799,5.07602902084587,5.07782528056324,5.07966137927632,5.08153029975456,5.08328950290058,5.08531711226378,5.087211947135,5.0891293183956,5.09105215642166,5.09297341672065,5.0948822024178,5.09677955889231,5.09864571429654,5.10047957583131,5.10227250090257,5.10401381828805,5.10569279081876,5.10732259241084,5.10887278112191,5.11032882817529,5.11169480679203,5.11295472421166,5.11411647219352,5.11514448400593,5.11605794623193,5.11684126187843,5.11749285593476,5.11800027223412,5.11836478327115,5.11858946603358,5.11865918297701,5.11858157025976,5.11835839408623,5.11798787929549,5.1174694521039,5.11681194572225,5.11601739305865,5.11508921288305,5.11403478140634,5.11285995061081,5.11157435847435,5.11017993543337,5.10868882264768,5.10711625907692,5.10545293658002,5.10372922058795,5.10193907785176,5.10009305301199,5.09820642662616,5.09627441417989,5.09432315350945,5.09234400139922,5.09035896958596,5.08836435926817,5.08637489183723,5.08439096074721,5.08241844122293,5.08046795887076,5.07854286926986,5.07664461668574,5.07477744292621,5.07296751939771,5.07116280949664,5.06940191519059,5.06769813223362,5.06604207819334,5.06441277768896,5.06284329184861,5.06131804371941,5.05985023685922,5.05843826280355,5.05704590682561,5.05571888037469,5.05444230734076,5.05320666503466,5.05201838153322,5.05087600008795,5.04978499048678,5.04873303785687,5.04772452970787,5.04675703536375,5.04582938250734,5.04494341051105,5.04409310979634,5.04327789989485,5.04249696520136,5.04175060899422
5.05470839363173,5.05595213738195,5.05724035391449,5.05857581651938,5.0599600207373,5.06138908122106,5.06286561876307,5.06439079385594,5.06596221287987,5.06757799877915,5.0692449967705,5.07096090584019,5.07271597166432,5.07451389870953,5.07634625097792,5.07822267004409,5.08013557721466,5.08207261812432,5.0840230946064,5.08604028608542,5.08804605947574,5.09007359701247,5.0921007560793,5.09413161558266,5.09615528765085,5.09816645402094,5.10015031777218,5.10209873365404,5.10400710934833,5.10587097834617,5.1076644180338,5.10939636865137,5.11105260433302,5.11262471425585,5.11408564324916,5.11544222341429,5.1166847349774,5.11780422346095,5.11878321225258,5.11962701092227,5.12033238204237,5.12088165096381,5.12127425481169,5.12151466301187,5.12159718965613,5.12151296994813,5.12127272246713,5.12087640549637,5.12032048547175,5.11961445954452,5.11876114531926,5.11776565562919,5.11663564924513,5.11537428539568,5.11399659022202,5.11250600852788,5.11090938243371,5.10922354667248,5.10745337443837,5.10560844368818,5.10370376446815,5.10173574097071,5.09972760511333,5.09768171967542,5.09560638833913,5.09351683074532,5.09141262428631,5.08931274867124,5.08720774554289,5.08512187697501,5.08304860973021,5.08100400911273,5.07898052456699,5.07699828467383,5.07504387268163,5.07314048028589,5.07126740530181,5.06944706535305,5.06766350333924,5.06599442079562,5.06429857782917,5.06266716042012,5.0611060438132,5.05959978242412,5.05813352660329,5.05672501216108,5.05536382922759,5.05405063583993,5.05279325409271,5.05158860940418,5.05043134943307,5.04931951663618,5.04825316057305,5.04723535867897,5.04625950998825,5.04532766965408,5.04443290745661,5.04357559223916,5.04275919976686,5.04197772432342,5.04122904320201
5.05433350869354,5.05560180203597,5.05691462128924,5.05827788768683,5.05969480028905,5.06115799623168,5.06267297333893,5.06424123991495,5.06585796811263,5.06752860215714,5.06925234313328,5.07102592918687,5.07284644381085,5.074708371195,5.0766204590149,5.07858081528787,5.08057587836749,5.08261145925952,5.08467417811978,5.08677263148123,5.08889112273655,5.09102416919625,5.09316152970065,5.09531142648453,5.09745523346796,5.0995854386984,5.10169285082738,5.10376392911035,5.10580172551232,5.10778041548728,5.10970441225946,5.11156382078691,5.11334486101417,5.11502232088595,5.11659823880912,5.11804539213895,5.11938158564891,5.1205893384984,5.12164888279238,5.12255730422373,5.12331707641809,5.12391652422221,5.12434007125281,5.12459934032785,5.12469030785895,5.12460390412531,5.1243455433836,5.12391941462101,5.12332393159326,5.122563840845,5.1216463424721,5.12057759575504,5.11936261154191,5.11800969773842,5.11653016009215,5.11493406919503,5.11322426127434,5.11141965876751,5.10952891104192,5.10755540835227,5.10552170943581,5.10342661375521,5.10128726335625,5.09911925590188,5.09691332365094,5.09469438328288,5.09247299168278,5.09024892272084,5.08803638923525,5.0858337635038,5.08365555596303,5.0815069346215,5.07939299794875,5.07731034646651,5.07527602862131,5.07328378062609,5.07134618419557,5.06945627468086,5.06765588249143,5.065864770813,5.06410606760613,5.06243428551912,5.06081629836447,5.05926582127724,5.05778135044282,5.05636844049538,5.05496927551464,5.05361600125488,5.05233651631527,5.05110583679904,5.04993091672018,5.0488055895552,5.04773077540418,5.04670283592292,5.04571956237941,5.04477723754677,5.04388065321941,5.04302185472361,5.04220126096741,5.04141823335732,5.0406706111258
5.05389151871594,5.05518191364531,5.05652137476523,5.0579139054098,5.05936113233492,5.06085904893332,5.0624141336409,5.06402791114928,5.06569115673708,5.06741538224282,5.06919825702754,5.07103160092031,5.07291689577216,5.07484219830012,5.07684463566294,5.07889391308205,5.08098291807727,5.08310966599036,5.0852742966654,5.08747239188722,5.08969655026095,5.09194461309188,5.09420679880567,5.09648127414007,5.09875335508892,5.10101305008865,5.10325553257734,5.1054589483613,5.10762832722641,5.10974789499776,5.11181234451496,5.11379628871434,5.11571569563369,5.11751271608575,5.1191998465587,5.12076990680995,5.1222032165504,5.12350486021975,5.12465358310723,5.12563673608394,5.12645755434316,5.12710554789487,5.12757016772046,5.12785135250033,5.12795045227092,5.12786231573736,5.12758432506848,5.12712545633719,5.12648633503932,5.12566753357946,5.12467967092616,5.12353028623074,5.12222416070025,5.12077219679524,5.11917913134113,5.11746898514737,5.11563896041627,5.11370164478469,5.11167782618702,5.1095695103504,5.1073882957803,5.10516057541005,5.10288385363945,5.1005685915167,5.09823188366334,5.09587861340714,5.09353294885076,5.09117179938815,5.08883898549871,5.08651847857497,5.08422897437415,5.08197460352833,5.07975691354166,5.07758143795206,5.07545830491767,5.07338156058049,5.07135746213493,5.06939774391526,5.06750334199972,5.06568684344418,5.06389289518479,5.0621584264201,5.06049221617777,5.05889187689434,5.05736109765257,5.05591998741123,5.05448858055983,5.05311917884691,5.05180555737738,5.0505616449505,5.04937446890546,5.04823515918253,5.04714942048536,5.04611127732698,5.04512404322537,5.04417804239081,5.04327720162506,5.04241729474845,5.04159589467409,5.04081459343105,5.04007310241817
5.05340915482497,5.05472184432101,5.05608295821252,5.0575034776588,5.05898040627567,5.06051392330966,5.06210925764244,5.06376361132387,5.0654744460486,5.06725260591658,5.06909319170531,5.07098881235779,5.07294824987586,5.07491674250854,5.07702804422701,5.07915242870021,5.08132906615104,5.08355362213594,5.08582677035887,5.08813508417312,5.0904747226205,5.09284669319344,5.09524153895534,5.09764546027842,5.10005405976606,5.10245242082295,5.10483731943698,5.10718775095549,5.10950695511796,5.11177623525843,5.11398110699705,5.1161170819367,5.1181722347664,5.12010742430306,5.12192010647906,5.12362128404825,5.12517400527409,5.12657338650313,5.12781178674003,5.12887931144482,5.1297670884687,5.1304691883111,5.13097796173348,5.13128363857313,5.13139331223348,5.13130240312638,5.13100339958243,5.13050839509557,5.12982052421099,5.12893826610501,5.12788141167321,5.12664306826611,5.12522824106027,5.12366537201283,5.12195463240992,5.12010656302934,5.11814108779308,5.11606284191083,5.11389215531409,5.11164625557728,5.10930999787253,5.10692998074637,5.10450533904441,5.10203730134002,5.09956382396521,5.09706167607896,5.09456604848124,5.09207867814497,5.08961215918336,5.08717584695136,5.08476121961711,5.08239907716532,5.08006905023973,5.07779721475006,5.07557633623606,5.07341647722217,5.07131358438994,5.06927793721824,5.06729647978331,5.06541036343939,5.06359352873102,5.06179610650995,5.0600907115596,5.0584393728904,5.05685678945428,5.05536475928783,5.05394375501202,5.05254640702786,5.05121661623957,5.04995628042592,5.04875193268256,5.04760635445711,5.04651443709585,5.04547101554144,5.04447726589725,5.0435268102173,5.04262335357622,5.04176594814458,5.04094996102002,5.0401728682278,5.03943309225691
5.05286503083664,5.05419588724469,5.05557793228816,5.05702291869137,5.05852980454483,5.06009549405012,5.06172898888176,5.06342069080912,5.06518025376014,5.06700979444281,5.06890917990553,5.07087168176584,5.07289144236379,5.07495967593081,5.07713593404609,5.07934919660576,5.08162108804511,5.08395278248158,5.08632941646999,5.08875595012487,5.09122431323847,5.09372436224149,5.09625331509277,5.09879812898765,5.10135252344719,5.10389917982477,5.10644420298918,5.10895395008376,5.11143539334989,5.11383859921733,5.11623301698887,5.11853356763451,5.12072622444463,5.12281617416976,5.12477053943505,5.12660339487662,5.1282879433127,5.12979926797621,5.13113960204978,5.13230248885491,5.13325990559034,5.13401885902004,5.13457482925593,5.13490853810494,5.13502959384819,5.13493522073126,5.13461355179711,5.13408154917389,5.13333948652793,5.13239406723994,5.13124323518283,5.12989837655555,5.1283816488866,5.1266962950883,5.12485387126018,5.12286782266545,5.12075773925855,5.11852078426176,5.11619642099677,5.11377529940085,5.11128597743224,5.10873786515971,5.10614338563352,5.10352534012653,5.10089028383567,5.09823676453904,5.09559122159233,5.09296460305375,5.09036099167408,5.08778200430512,5.08525310098642,5.08275629458259,5.08032452825507,5.07794598305902,5.07563480812384,5.07337766006743,5.07119918660732,5.06907967410318,5.06704848937696,5.06505380760347,5.0632196212612,5.06138269933615,5.05962479300033,5.05794235997378,5.05633863483301,5.05479923285182,5.05337729750612,5.05192314705993,5.0505836478847,5.04930382398312,5.04808791183732,5.04692683378347,5.04582445350892,5.04477088398979,5.04377457901419,5.04282649771283,5.04192470944775,5.0410682932157,5.04025641681014,5.03948529343255,5.03875007485278
5.05223215190496,5.05357999636627,5.05498736387798,5.0564580690903,5.05799279850165,5.05959322413235,5.06126161375701,5.06299388810299,5.06480613419286,5.06669230700693,5.06864949855653,5.07067067583349,5.07275873845206,5.07492107758017,5.07716022732786,5.07947015296369,5.08184491879159,5.08428493485444,5.08678537669005,5.08933557190125,5.09193268811007,5.09457002182068,5.09724185832841,5.09993558827805,5.10264582626575,5.1053597343184,5.10807634590605,5.11076050593387,5.11338801270857,5.11608058489026,5.11853817589136,5.12100372051917,5.12336882190035,5.12561381651574,5.1277390245616,5.12972029840169,5.13154881239414,5.13318828968269,5.1346412380864,5.13590800252247,5.13695095195594,5.13777517018136,5.13837838224503,5.1387464132021,5.13888202251384,5.1387857501073,5.1384485448636,5.13787311344484,5.13706900699293,5.13603612110633,5.13479552483527,5.13334617665495,5.13170629430532,5.1298858111624,5.12788994736153,5.12575093195231,5.12349016364303,5.1210718139804,5.11856263902831,5.11597733808849,5.11331598819827,5.11058751154632,5.10781646523249,5.10502084877762,5.10221508653098,5.09940500741004,5.09660070804163,5.09381132881163,5.0910630152969,5.08835071539126,5.08567981555556,5.08306704773797,5.08052203782615,5.07803006828956,5.07561317386913,5.07326717940512,5.07099859775368,5.06881066064182,5.06668927471327,5.06464339708337,5.06273650265902,5.06081958235296,5.05907324647818,5.05733661600685,5.05569488214164,5.05413348513443,5.05263982637325,5.05120765997199,5.0498573773793,5.04856424515625,5.04733589947056,5.04616930504017,5.04506485218819,5.04401305891334,5.04301321484723,5.04206753267943,5.041170925087,5.04031903593417,5.03951097279425,5.03874815876072,5.03802435978179
5.05157419543372,5.05293828206664,5.05436249437536,5.05585735344519,5.05741571584488,5.05904702336454,5.06074946395544,5.06252498742924,5.06438423144158,5.06631994390399,5.06833068467883,5.0704100076714,5.07257772183303,5.07482258562691,5.0771483540981,5.07955283844208,5.08202589969414,5.08457219797401,5.0871933800907,5.08986835021412,5.09260635567253,5.09538645368358,5.09820680429292,5.10105886539962,5.1039435012379,5.10683253155931,5.109728375745,5.11258635753635,5.11542028498351,5.11823646681422,5.12096001323812,5.12361093497054,5.12614891590188,5.12857635762344,5.13087562445154,5.13301480940759,5.13499313040444,5.13677556332084,5.13835767191246,5.13973381162429,5.1408709769446,5.14176878747973,5.14242465145824,5.14283318768214,5.14298706162966,5.14287934603049,5.14251091861092,5.14189716834117,5.14102759418309,5.13990989181475,5.1385576818157,5.13697919260765,5.13520231015356,5.13323455810095,5.1310792580254,5.12877739742434,5.12629840189184,5.12373563695106,5.12104041932827,5.11824330770458,5.11538692504585,5.11246856105936,5.10951817165312,5.1065420848085,5.10354392198476,5.10055245045555,5.09757995186266,5.09463292570829,5.09172096663258,5.08885668718119,5.08605688322051,5.08331240109293,5.08063562439916,5.0780408192273,5.0755212340444,5.0730786662142,5.0707214440547,5.06845600779014,5.06627259460035,5.06417442684199,5.06218763959905,5.06025810160722,5.05844850988238,5.05664576314,5.05498805039041,5.05338748866161,5.0518710824343,5.05043082435069,5.04906255830938,5.04776069939941,5.04652301620526,5.04535070995123,5.04424019581409,5.04318828736729,5.04219219487787,5.04124884041407,5.04035744948056,5.03951405447619,5.03871535213866,5.03796107901987,5.0372489869983
5.05084603538809,5.0522209653118,5.05366172176222,5.05517596774017,5.05675831087908,5.0584192072161,5.06015850862665,5.0619673653226,5.06386293234328,5.06584450429881,5.06792014723931,5.07006413509055,5.07230445419739,5.07463295481232,5.07704182874258,5.07953881459224,5.08212028257193,5.08478000342855,5.08751690712284,5.09033843008759,5.09320867566653,5.09614696362968,5.09912786339706,5.10215672765891,5.10522039301862,5.10829985485424,5.11138131110546,5.11444371889915,5.11748347838503,5.12048023243338,5.12341517613036,5.12627592608577,5.12901983694768,5.13165526639849,5.13414657394859,5.13646406725068,5.13861070711777,5.14055108136057,5.14227909214132,5.14377972120476,5.14501970804893,5.146008022679,5.14672420891989,5.1471748490392,5.14734611384767,5.14723232381572,5.14682312125267,5.1461559900759,5.14520146063175,5.14398968258722,5.14252552390801,5.1408234185319,5.13889101489697,5.13674779528839,5.13443848845083,5.13193680308546,5.12927314094652,5.12647899046217,5.12358198083682,5.12058932408222,5.11752396268162,5.11441451292159,5.11123686092791,5.10805655333748,5.10486963511075,5.10168503907868,5.09852433450035,5.09540285364775,5.09233126770276,5.08931579662335,5.0863595339623,5.08348481775972,5.0806852989055,5.07796844616084,5.07533923210309,5.0728070065033,5.07035840470873,5.06800369587887,5.06575738528852,5.06358875987604,5.06153682080366,5.05959592178915,5.05768088975287,5.05588548610039,5.05417788798698,5.05254589490428,5.05100216532331,5.04958878268608,5.04824299406547,5.04688296114307,5.04563682941478,5.04446399625926,5.04335106649654,5.04230228101235,5.04131339861453,5.0403778247007,5.03949430757883,5.03866199772424,5.03787669873615,5.03713260646527,5.03643071835154
5.05001777136256,5.05140455268509,5.05286067581155,5.05439309996732,5.05599908000958,5.05768884250904,5.059473199477,5.06122866960251,5.0632484518391,5.06529366040571,5.06741065744336,5.06962505163881,5.07193354972983,5.07434023376985,5.07683925666856,5.07943081072084,5.08211943943837,5.0849014071978,5.0877695968289,5.09072707847812,5.09375390040362,5.09685334007771,5.10001627376164,5.10322484239443,5.10647923173289,5.10975860496888,5.11304760054738,5.11631615486078,5.11958033002966,5.12279585937595,5.12597932398818,5.12905887118776,5.1320323950848,5.13488874907492,5.13758827918239,5.14010625690258,5.14243336584481,5.14455090747923,5.14643865133966,5.14808729105849,5.14944542435376,5.150525371952,5.15132491048007,5.15181454026543,5.15197150372099,5.1518561430006,5.151429153463,5.15070579161783,5.14966185597013,5.14832846322244,5.14674764724352,5.1448984181233,5.14278747392578,5.14046914013105,5.13796166548185,5.13524444548231,5.13237382275586,5.12936032632182,5.12623820275856,5.12300969796166,5.11971531498089,5.11637784341471,5.11299327132969,5.10958597866181,5.10618209386954,5.10279868270059,5.09944948541046,5.09614524243075,5.09288810498088,5.0897135070535,5.08660450564866,5.08358154272352,5.08065430150043,5.0778191782917,5.07507613440981,5.0724400377519,5.06990921220126,5.06747449554041,5.06514156241394,5.06292590399106,5.06080349007185,5.05879036414375,5.05687374949928,5.05504236500022,5.0533069623558,5.05168030299248,5.05011185437002,5.04859751732323,5.04724574960686,5.04594221575507,5.0446955356847,5.04351831764206,5.04241577545815,5.04137280357299,5.04039071713584,5.03946650933338,5.03859462500625,5.03777158684573,5.03699830718904,5.03626773339033,5.03558273600115
5.04915288506709,5.05054685763216,5.05201541734469,5.05356194808374,5.05518870054927,5.05690485821262,5.05869951822986,5.06056398179998,5.06253442686118,5.06464306759074,5.0668278018112,5.06910824609841,5.07148775076032,5.07397392824425,5.0765655951278,5.07926150403111,5.08206239790569,5.0849679254041,5.08797020675702,5.09106818680724,5.09426662955074,5.09753417747894,5.10087937334023,5.10427800171144,5.10773362773937,5.1112270520383,5.1147602628121,5.11824699244466,5.12175193951087,5.12522779480969,5.12863480451343,5.13197152755054,5.13518819707692,5.1382889287801,5.14122131744686,5.14396158433223,5.14650199836432,5.14881111476055,5.15088473543648,5.1526833824688,5.15416772346462,5.1553494882591,5.15624316012806,5.15675913710012,5.15696573970176,5.156835725794,5.1563636338418,5.15555784395031,5.15440708522862,5.15296457308219,5.15123265856988,5.14922614700746,5.14694118891942,5.1444192992399,5.14166958894291,5.13873399137663,5.13562845618719,5.13237477929269,5.12901724905353,5.12554847331616,5.12198845013525,5.11839267687697,5.11478544955791,5.1111263809885,5.1074727638178,5.10389298562967,5.10033222783343,5.09682376106107,5.09339046869529,5.09003410098099,5.08678188234699,5.08361067749112,5.08053294223507,5.07757237347773,5.07472347196594,5.0719687679824,5.06935142558635,5.0668527310172,5.06445704215435,5.06217440440304,5.0599973983669,5.0579376490742,5.0559799362671,5.05413475125335,5.05238483046822,5.05072488879973,5.04916942662355,5.04770432254905,5.04633651299386,5.04496880156441,5.04370184664166,5.04253569202926,5.04143412784281,5.04040128860338,5.03942613464045,5.03851167185915,5.03765317741204,5.03684281089594,5.03608592250014,5.03537338384419,5.03470204210792
5.04825238684097,5.04964933062231,5.05112626466858,5.05268435304305,5.05432727322715,5.05606364864831,5.05788322092838,5.05979561866814,5.06180759770261,5.06394478727972,5.06617590393025,5.06851788492726,5.07097038604099,5.0735358204317,5.07622269750143,5.07901465128958,5.0819223864684,5.08495821925003,5.08809638245208,5.09134398731878,5.09469740239742,5.09815215538783,5.10168285821903,5.10529252767458,5.10895928183175,5.11268576857989,5.11644331119418,5.12017978617796,5.12400524811814,5.12772298123021,5.13141015614056,5.13501795795888,5.13849896687124,5.14186082933487,5.145048827923,5.14803771075381,5.15082621618214,5.15335413135139,5.15561619270784,5.15755905717202,5.15920941764442,5.16051598987847,5.16146928508774,5.16204510654096,5.16227013108643,5.16213931570414,5.1616212511721,5.16074279643549,5.15948087428497,5.15789283578373,5.15601952581433,5.15382933233017,5.15132676232021,5.14856983416373,5.145610767038,5.14240630742168,5.13904157348423,5.13549297844476,5.13186994625809,5.12814482770856,5.12433871464822,5.1204542736526,5.11656006588544,5.11265854315776,5.10877352960743,5.10494065759027,5.10116854581926,5.09746206606735,5.09382988097344,5.09029639159267,5.08685855342878,5.0835361636082,5.08032122083283,5.07722488206764,5.0742605911207,5.07139093128189,5.06867790122602,5.06609441474969,5.06363231768967,5.06128876093101,5.05906834373719,5.05695549817607,5.05497262338741,5.05309011917928,5.05130460894623,5.04962896578875,5.04802252815859,5.04658993488996,5.04522868595862,5.04401293484214,5.04264160806476,5.04147582203832,5.04038010993978,5.03935658195151,5.0384004536947,5.03749996860594,5.03665977404733,5.03586925610992,5.0351286956217,5.03443369447864,5.03378247149681
5.04726794486778,5.04866715852345,5.05014481058858,5.05171310708359,5.0533650401079,5.05512212723427,5.05695732840077,5.0588984668111,5.06094853772336,5.06312407289513,5.06540183634793,5.06779980399991,5.07032456019396,5.07296395515027,5.07573658412283,5.07863315673822,5.08165314685114,5.08480914931371,5.08809030374736,5.09149873746232,5.09502238490349,5.09866169731662,5.1023985204432,5.10623348257565,5.11013332889981,5.11410810908373,5.11810995946541,5.12214617157626,5.12623742208245,5.13026478100968,5.13424723805777,5.13815016647931,5.14193158474839,5.14558086424767,5.14905271128853,5.15233962297316,5.15539005023847,5.15815320315162,5.16062305557632,5.16277588444228,5.16457463923484,5.16600890328546,5.16706915550398,5.16771752228937,5.16795416488604,5.16780121786719,5.16724032619882,5.16624329667804,5.16490499432832,5.1631626807921,5.16112637535418,5.15871926201963,5.15596528586157,5.15298063887218,5.14972323760472,5.14626541721558,5.14260235029285,5.13878492645147,5.13484779214067,5.13081023289302,5.12670612933084,5.12252048016165,5.1183332414373,5.11417233222973,5.1100507561118,5.10595722077379,5.10194127312218,5.09801228435117,5.09418494195699,5.09045031083376,5.08683016051432,5.08334044923151,5.0799833187766,5.07676290443952,5.07367456239845,5.07073319874787,5.06794059123883,5.06524889308289,5.06271235688888,5.06031623238019,5.0580361425411,5.05589019568045,5.05386485775836,5.05195896155182,5.05016348989485,5.04848847744902,5.04692247437362,5.04540436749003,5.04395785081051,5.04269664507221,5.04149799621598,5.04032742208078,5.0392551645081,5.03825126048002,5.03731363407549,5.03643516031779,5.03561300195703,5.03484442101947,5.03412619604371,5.03345520111684,5.03282522944955
5.04617997598335,5.04757477492528,5.0490544248283,5.05062320966996,5.05228613845214,5.05404769963428,5.05590081784422,5.05787619839423,5.05995857723659,5.06216643602741,5.06449315913573,5.06694534254411,5.06953413404536,5.07225076216981,5.07510743788118,5.0781124340199,5.08124870842795,5.08453841046637,5.08796236693832,5.09153183271167,5.09523133712306,5.09906821172253,5.10303371778542,5.10709397416062,5.11124139875009,5.11547897256698,5.11973105900955,5.1241246597488,5.12850505265717,5.13285116773442,5.13715930983018,5.14138586271009,5.14548763805855,5.14946565901659,5.15327658985826,5.1568700333024,5.16021977900385,5.16323067675525,5.1659505814995,5.1683195200699,5.17029558598493,5.1719054314899,5.17307268247198,5.17377411195558,5.17407645003878,5.17389552847247,5.17324109912846,5.17218690690142,5.1706983039804,5.16883053540458,5.16655822362625,5.16389153512255,5.16092691096655,5.15763382836197,5.15408511354006,5.15030337225663,5.14635213493413,5.14220537119653,5.13793495220416,5.13356148138954,5.12911150813068,5.12461960098649,5.12012938247837,5.11566569159384,5.111265911067,5.10691785379647,5.10264672876268,5.09847603292564,5.09441824749735,5.09049176677542,5.08668290962238,5.08302281453529,5.07952100762663,5.07616409062388,5.07296649912054,5.06992227320332,5.06702741083775,5.06427226164857,5.06166485189249,5.05921003179455,5.05690669825235,5.054718639728,5.05266579952328,5.05074483399984,5.04893153454767,5.04724851184128,5.04567005429367,5.04417912386258,5.04279323441394,5.04154413530298,5.04030374949837,5.03914889499885,5.03808871716872,5.03709976496575,5.03617955814453,5.03532353815035,5.03452630208859,5.03378277566936,5.03308564964608,5.03243905071856,5.03183549007214
5.04502764043576,5.04641613708618,5.04789223349117,5.04946104093313,5.05112646455389,5.05289832461386,5.05476254774477,5.05675876696538,5.05887395935947,5.06111079976448,5.06347813092649,5.06598026588888,5.06863198318162,5.0714290319344,5.0743748228106,5.07747986969274,5.08073237880616,5.08414719902293,5.08771898448118,5.09145579806116,5.09534192133342,5.0993810849999,5.10357293485701,5.10787406693496,5.11228922737804,5.11678428017215,5.12130090424758,5.12610161089465,5.13079089567943,5.13550125302508,5.1401484472361,5.14473355065937,5.14924417606377,5.15358587003716,5.15775194984511,5.16170120568117,5.16533309554892,5.1686867665409,5.17167996003988,5.17429900715064,5.17649198661625,5.17826084930615,5.17954260821883,5.18035658723135,5.18065922615551,5.18045701780669,5.17973509953239,5.17857397460238,5.17698185980561,5.17489579447519,5.17235487231713,5.16945057497113,5.16616990268824,5.16260138265225,5.15871323120912,5.1545914650531,5.15026414858792,5.14577488304128,5.14114358663528,5.13639585410335,5.13157057056692,5.12675264621166,5.12194439220705,5.11716596721673,5.11243430021617,5.10779812372307,5.10326947661413,5.0988627439697,5.09456441372145,5.09040044615977,5.0864137268708,5.08257814443859,5.07891609615463,5.0754288251567,5.07211143046992,5.06895620081291,5.06602138551759,5.0631678756609,5.06050370275926,5.05798700919789,5.05563086152378,5.05342309895622,5.05134791259815,5.04940073581667,5.04759487912424,5.04590743913768,5.04432851970933,5.04285358368996,5.04147033825171,5.0401347490289,5.0390189745031,5.03789575622827,5.03684614665154,5.03588818358043,5.03499671271872,5.03416731461019,5.03339372986136,5.03267553520511,5.03200865903876,5.03138988117114,5.03081660946182
5.04384032011399,5.04521768302748,5.04668340196692,5.04824706000172,5.04990566587582,5.0516807039839,5.05355920119255,5.05556618301735,5.05769525242575,5.05996004553491,5.06236886737977,5.0649210430784,5.06762552078132,5.07049113022899,5.07351598889076,5.07671400143272,5.08008408660616,5.08361990481328,5.08734950459126,5.09125739554478,5.09532753449739,5.09957942027727,5.10400946422675,5.10856442400011,5.11326963886253,5.11809381315088,5.12300920048228,5.12807309897843,5.13314682928093,5.13821145003094,5.14327690851194,5.14827043178693,5.15317554834596,5.15794087565641,5.16249280881745,5.16681712580313,5.17083620863038,5.17454326508681,5.17783589615221,5.18071007600299,5.18315338179699,5.18508917965107,5.18652771546028,5.18741077268699,5.18777701240009,5.18749784406935,5.186737788348,5.18545339933596,5.18365987077693,5.18136308440904,5.17857269965144,5.17536947170053,5.17178816017301,5.16783581851334,5.16360473177096,5.15911189380278,5.15438364854491,5.14949969754381,5.14444324284171,5.13929588380529,5.13409036390044,5.12888201154958,5.12373659264125,5.11859695100328,5.11355496711838,5.10861052774667,5.10377595188315,5.09908803089587,5.09455769292336,5.09017907429055,5.08599262228169,5.08199270508991,5.07816225778229,5.07453123748885,5.07109169418341,5.06784082888253,5.06473254010547,5.06183047364096,5.05912706444748,5.0565863635778,5.05419728329008,5.05196389920015,5.04987885099281,5.04793363076601,5.04611820746115,5.0444314598143,5.04287054859476,5.04141666659326,5.04005838749814,5.03880477987681,5.03764115672419,5.03655425030275,5.03553655095478,5.03460736943115,5.03374191906184,5.03294350669381,5.03220120409772,5.03151813032145,5.0308814917955,5.03029395855338,5.02975088284164
5.04257107412907,5.04392702765445,5.0453776840328,5.04692699245617,5.04857260671104,5.05034292264777,5.05222557664418,5.05424198108075,5.05638156924326,5.05866548886646,5.06109942120368,5.06368706691879,5.06643950213759,5.06936833059882,5.0724707111848,5.07576631598196,5.07925487036765,5.08291859561186,5.08678878251994,5.09087753647458,5.09512259042713,5.09956865236808,5.10428529280238,5.10909004509687,5.11407565465022,5.11925280689101,5.12455564828415,5.12995482780613,5.13541430092457,5.14091212331533,5.14639904047537,5.15182735091599,5.15720412221261,5.16241585573534,5.1674306945011,5.172189595405,5.17660708510853,5.18069253416533,5.18435641104581,5.18755747349011,5.19029441339032,5.19242556283933,5.19398906734298,5.19499074078604,5.1953083274652,5.19508445731103,5.19423529740832,5.19282886452527,5.19082147029909,5.18827671687806,5.18520968515995,5.18168009359892,5.17770683478104,5.17341878176154,5.16876152205397,5.16382948026189,5.15867719623906,5.15333081946216,5.14782732574901,5.14222819483606,5.13662467157165,5.1310239967584,5.125443723228,5.11993413556186,5.11454266432233,5.10927270927484,5.10413781511307,5.09915292256493,5.09435198080032,5.08976406489832,5.08536350929503,5.08117788743809,5.07721063457818,5.07344267575295,5.06987823326337,5.0665376743567,5.06332139233792,5.06039639976956,5.0576329911073,5.05503897586146,5.05262641127795,5.05037195261265,5.04828245770104,5.04632987968655,5.04452703425633,5.04285110276448,5.04130202124984,5.03987105450361,5.03855127370203,5.03731652665173,5.03621822631305,5.03514427232027,5.03413856647562,5.033243772088,5.03241783049533,5.03165850634996,5.03095203579835,5.03030431964012,5.02970943381603,5.02915553903506,5.02864562697345
5.04116769586007,5.04250397226076,5.04392936337755,5.04545953768367,5.04708940726848,5.04884903423189,5.0507255450763,5.05274227818027,5.05488233817249,5.05717651597829,5.05963284002576,5.06226123428109,5.0650611779841,5.06804626694156,5.07123034853293,5.07461016775266,5.07820341303253,5.08200201460706,5.08602026876336,5.09027310942239,5.09474698512755,5.09942915097294,5.10437347714646,5.10951301017761,5.11476897257625,5.12025949467982,5.12602212519651,5.13175806729626,5.13762821550573,5.14359186767475,5.14957279532105,5.15550344904003,5.16133604359572,5.16709731034243,5.17261074998877,5.17786216586965,5.18278144671959,5.18729354289212,5.19137572095625,5.19493083933752,5.19797240096644,5.20027386880388,5.20206567089412,5.20311684582401,5.20348981772457,5.20324664005004,5.20235632175619,5.20077132341681,5.19851765380817,5.19567352374734,5.19231062996615,5.18841455642633,5.18408057858028,5.17928293848949,5.17418384242636,5.1688047730622,5.16316065113824,5.15727758736434,5.1512787494164,5.14521483629351,5.13913647086061,5.13308993779789,5.12708697044315,5.121193665026,5.11541658732714,5.10976720583265,5.10431400666917,5.09901801701587,5.09396817940478,5.08914646862717,5.08454562950279,5.08016434947491,5.07602557030849,5.07213552419667,5.0684540062156,5.06500118936536,5.06178032852779,5.05874284172591,5.05593586734508,5.05332663550338,5.05088490398526,5.04862900165674,5.04653477921287,5.04459446949931,5.04280975036136,5.04115466636305,5.03962090941097,5.038214112135,5.03693089696755,5.03575643186542,5.0347417196586,5.03373039701336,5.03269302802061,5.03184098427639,5.03104257091905,5.03032054059975,5.02965940258655,5.02905061207493,5.02848892900711,5.0279774433446,5.02750343002452
5.03967495279702,5.04097850412055,5.04238075637081,5.04387746366722,5.04549069151378,5.04721548201306,5.04909363609555,5.0510991666852,5.05325003796104,5.05554961247778,5.05802010217315,5.0606699498048,5.06350342799602,5.06652935017748,5.0697686744542,5.07322971631293,5.07693234131844,5.08085511310379,5.08502467813323,5.08944068614301,5.09411164445276,5.09898885794569,5.10416452917287,5.10973818411391,5.11532689450106,5.12108968040437,5.12723084595899,5.13352217100766,5.14007701422201,5.14636759167051,5.15290700626274,5.15919917321646,5.16575501660497,5.17198226344017,5.17809937798812,5.18394054214027,5.18923558450684,5.19433578350434,5.19885099181792,5.2028513077704,5.20613066350275,5.20878302554714,5.21088119610895,5.2119208726153,5.21241078406833,5.21217833424549,5.21124092220516,5.20940413809045,5.20687246724348,5.20372129480898,5.19997336805782,5.19565256683099,5.19084014283941,5.18559380623217,5.17999532752484,5.17400372166554,5.16781033981397,5.16139156209286,5.15478716668575,5.1482759480186,5.14168415938075,5.13513644959987,5.12866568191077,5.1223295866631,5.11614747546787,5.11012376182856,5.10429000202617,5.09872525139965,5.09337707267572,5.08831024824623,5.08349004380622,5.07895133214251,5.07463633921312,5.07059518033071,5.06681936826185,5.06324548027654,5.05993453727688,5.05686320244602,5.05403509060381,5.05140020339967,5.04896315223155,5.0466948560389,5.0446261275947,5.04269447258794,5.04093370776173,5.03930931018942,5.03781937872526,5.03644161517662,5.0351882443508,5.03402660253653,5.03296721555232,5.03204293921943,5.03115203338589,5.03034312876948,5.02959104143927,5.02891914108696,5.02830775759113,5.027741047796,5.02721882669345,5.02674991943485,5.02631973981815
5.03811903269762,5.03938770287928,5.04075223054126,5.04221442042342,5.04380320978233,5.04550806875058,5.04734771035824,5.04933361079712,5.05147405598306,5.05376876379133,5.05623244042901,5.05889197647458,5.06175612606762,5.06483386460428,5.06813554289902,5.07165466832698,5.07543177102021,5.07945989066747,5.08377482040485,5.08833987423528,5.09317804504362,5.09839467386001,5.10391503786711,5.10955449464402,5.11557489835815,5.12181923535713,5.12832086136397,5.13509233261696,5.14192796121122,5.1489732293395,5.15607023932418,5.16327235988157,5.17023599000038,5.17728540451837,5.18380491306311,5.19050787152213,5.19657134135069,5.2021777549683,5.20717838820326,5.21152412787906,5.21519070183697,5.21815227824797,5.22047868223889,5.22155610158639,5.222022722536,5.22190023006606,5.22076485419751,5.2185142447459,5.21594743905528,5.21243628388949,5.2082027010737,5.20342237638064,5.19810319697148,5.19228779125696,5.18602414139009,5.17947969763975,5.1726499677975,5.16549093249613,5.15849386680125,5.15135203399064,5.14417573278635,5.13706160450732,5.13009487137109,5.12328538208915,5.11665984861144,5.11024578115129,5.10405391130554,5.0981809552125,5.09255748815739,5.08719640276427,5.08215711472859,5.07742235666717,5.07298927485482,5.06880398922955,5.06490850155956,5.06129402059034,5.05793146374421,5.05478379841783,5.0519073416655,5.04926800952325,5.04682799317602,5.04458479287473,5.042529194975,5.04064500962664,5.03891162534135,5.03733544029322,5.03588427750037,5.03455993918577,5.03335508874848,5.03224724872759,5.03124312598118,5.03034814878534,5.0295259594876,5.02876380998418,5.02806681083238,5.02744790846418,5.02687944795565,5.02636463991105,5.02589747118948,5.02546841668354,5.02508279894002
5.03647219260242,5.03769333812665,5.03901720303578,5.04043599594346,5.04199168622557,5.04365074952057,5.04544055348645,5.04746035742921,5.04954325737624,5.05182543816272,5.05428499479763,5.05694664859112,5.05981348893601,5.06289635166354,5.06623877251926,5.06981957014416,5.07368353426674,5.07781475418508,5.08225084992138,5.08697789068405,5.09208891144602,5.09739950528666,5.10323104492516,5.10926955038094,5.11563612898115,5.12229909499993,5.12925792384529,5.13647980084384,5.14395103803498,5.15158335976695,5.15935012824659,5.16708632000491,5.17492941984567,5.18269640020699,5.19006004202779,5.19714640319496,5.20390812309823,5.21027783307915,5.21578033609353,5.22074575655482,5.22494125448681,5.22824179566489,5.23080377495541,5.23225235487456,5.23282658057715,5.23244063581751,5.2311269240822,5.22892857263187,5.22569151521713,5.2218791632666,5.21741457188849,5.21149492011048,5.20601895800021,5.19927852239075,5.19226781503226,5.18488166274971,5.17755812347669,5.16973179962914,5.16218664406406,5.15430556765706,5.14641393882317,5.1388604054051,5.13138235405715,5.12408173697659,5.11699144446193,5.11010767592103,5.1035378284209,5.09731400306621,5.09147722519036,5.08580284107994,5.08056733215419,5.07565940669265,5.07103251731276,5.06674460568288,5.0627548212746,5.0590722587156,5.05565899830991,5.05249946471038,5.04960040909036,5.04696431233403,5.04452878340317,5.04230686197547,5.04028379159977,5.03843951266302,5.03676072207191,5.03521952664185,5.03383204027922,5.03256275926792,5.03140798510461,5.03036610035251,5.02942532579869,5.02858728776929,5.02786372517384,5.02711267814568,5.02647408523145,5.02590327424354,5.0253933612389,5.02493465480932,5.02451432291024,5.02413917067756,5.02379984580192
5.03471361607875,5.03588577541874,5.03715125435138,5.03852830605822,5.04002713754847,5.04165746612282,5.04343706624085,5.04530379063191,5.04740720583904,5.049646945509,5.05208935086022,5.05473713665048,5.05760704675207,5.06071060572586,5.06407057707485,5.0676906413739,5.07162049246167,5.07584872830688,5.08041794389753,5.08531556902884,5.09049224154816,5.09624393711465,5.10220673535961,5.1085855912087,5.11534445365129,5.1224591831864,5.12993200255386,5.13771387914339,5.14577994784852,5.15409242561695,5.1625532693323,5.17111175288731,5.17967607170892,5.1881576511646,5.19645907045883,5.2044033351136,5.21197208367209,5.21894647600613,5.22530407229121,5.23088972114578,5.23560158109163,5.23938357316703,5.2421462620893,5.2438522661474,5.24448829463108,5.24405613588891,5.24248280489939,5.23988712483706,5.23635680763652,5.2319306745901,5.22660865018463,5.22058884143323,5.21384500469501,5.2066631808775,5.19885184872821,5.19116452665327,5.18288375229062,5.17419363744392,5.16585483226236,5.15743226911658,5.14879010413983,5.14046246047568,5.13240455542056,5.12456020979766,5.11700651903178,5.10957955028368,5.10277311263595,5.09616539019647,5.09002798443999,5.08408313475838,5.07860505110945,5.0734919764892,5.06870170806617,5.06428228825505,5.06024628422938,5.05647099931985,5.05302566070224,5.04988926261389,5.04699544971298,5.04437621339838,5.04198072927507,5.03978008776889,5.03782696883255,5.03603401689062,5.03441334969428,5.03293510854076,5.03161321677791,5.03041324180708,5.02932982222661,5.02836518781773,5.02750882637354,5.02680803302135,5.02604036779881,5.02536417569103,5.02480209996656,5.0242970645532,5.02384428309674,5.02344034297233,5.02307479325246,5.02277103089551,5.02248446446165
5.0328770917582,5.03398776235333,5.03519179992386,5.03651583726251,5.03795431139899,5.03952651044053,5.04124363555216,5.0429863873047,5.04514211103321,5.04732917230864,5.0497376567818,5.05234520579196,5.05519465485648,5.05829222707005,5.06166458023591,5.06531428422642,5.06930096337292,5.07360426327258,5.0782811534284,5.08331947741716,5.08861947914827,5.09445090233627,5.1008510919189,5.10756139193754,5.11470403395925,5.12227290669401,5.13026087189057,5.13863763501849,5.14736462950061,5.15639572725021,5.16565906603786,5.17507178482361,5.18454643562725,5.19395509015752,5.20319677308806,5.21211731142579,5.22059064224105,5.22847210476375,5.23561969602118,5.24192116343801,5.24723590701285,5.25149973990325,5.25459578296869,5.25649423370155,5.25718910210984,5.25665041240388,5.25489537621448,5.25197598341628,5.24796264317484,5.24296111772954,5.23700903811916,5.23026165140267,5.22281389441002,5.21478628446134,5.20627821841014,5.19736792836911,5.18823077115627,5.17892700789555,5.16959711232811,5.16023941530779,5.15096045868196,5.14188749214389,5.13317370591915,5.12462306035449,5.11668854207384,5.10888312693148,5.10138463820345,5.09455917379109,5.08793263470893,5.0818735693752,5.07616506225487,5.07091930720478,5.06598504464947,5.0615246213283,5.05745504650667,5.05359888325781,5.05022169716583,5.04703195072868,5.04412512861418,5.04165808285756,5.03920260497675,5.03709175015043,5.03514124191167,5.03342483034759,5.03189135525599,5.0304974348949,5.02925875577744,5.0281441715807,5.02713628950602,5.02625294106293,5.0254614004396,5.02475510195336,5.02407661541082,5.02354772111664,5.02307320868092,5.02263322471046,5.02225287596054,5.02190954022277,5.02159364647319,5.02127484580602,5.02109501594102
5.03098877288659,5.03203211398021,5.0331685579025,5.0344238122343,5.03579237088877,5.03729535741118,5.03893173790469,5.04069691952194,5.0426923329905,5.04483666075436,5.04719101800727,5.0497590704981,5.05256606890326,5.05562827113792,5.05898140010671,5.06265419733435,5.06666811455919,5.07104193146329,5.07577933604825,5.08095464182355,5.08648714159042,5.09256665695618,5.09916974627166,5.10619412460025,5.11372725367409,5.12176144345868,5.1302934309804,5.13928677416502,5.14872782353006,5.15854836504221,5.16867790545451,5.17905183047068,5.18953068727442,5.20000208391644,5.21029631391307,5.22030359187563,5.22984153551625,5.23872802895982,5.24682159312187,5.25394446095632,5.2599779515553,5.264791419569,5.2683092000579,5.2704404641346,5.27119128191436,5.27055677721223,5.26851524156313,5.26519650669005,5.26063311855401,5.25495416532698,5.2482449504645,5.24064832155035,5.23228621482128,5.22329396568289,5.21381142420751,5.20394675899984,5.1938433463958,5.18361981290703,5.17337430700843,5.16320200731217,5.15319046625842,5.14342279879883,5.13396004829102,5.1248595165442,5.11615062929262,5.10789544238171,5.10007499189711,5.09275730882137,5.08588722255693,5.07946967987671,5.07352119789845,5.06811694172622,5.06308242489615,5.05856395739565,5.05440020342632,5.05047231699972,5.04709162347649,5.04395243111534,5.04102964443368,5.03849830805965,5.03641529628293,5.03416475293032,5.03232247033477,5.03076437603816,5.02928789342993,5.02797773047376,5.02681695236334,5.02582927384089,5.02492832467159,5.02410168841312,5.02338646423314,5.02275115242365,5.02223104698563,5.02172507498,5.02131467046097,5.02094790503426,5.02062816497768,5.02035585521008,5.02013051658923,5.01992848515165,5.01974669300904
5.02901669733016,5.02998033588442,5.03103697221612,5.03222167073214,5.03349915444839,5.03493157389644,5.03647013811119,5.03818481761066,5.04005440000928,5.04215375012698,5.04441279947952,5.04690395744334,5.04966306611264,5.0526698245187,5.05600579723599,5.05964870594361,5.06366554913624,5.06805253391494,5.07287837533982,5.07811536548428,5.0836955034185,5.09017262311667,5.09693344999055,5.10427369215001,5.11219913920764,5.12070859288231,5.12981035917485,5.1394640538243,5.14966857288397,5.16035634756405,5.17144921535301,5.18287605840099,5.1945044171307,5.20615403929634,5.21771604171877,5.22894382341321,5.23971960817286,5.24978148677885,5.25896311045598,5.26706479503456,5.27393599318151,5.27939974951316,5.28335620080222,5.28576047303563,5.28657976599227,5.28578266740105,5.28343858960533,5.27961238374666,5.27439791321131,5.26792807994848,5.26033041339578,5.25175863572777,5.24235549655864,5.23229527433882,5.22170569174031,5.21075912738008,5.19957562476006,5.18829341889315,5.17704595986924,5.16591619944164,5.15502520216666,5.14443013105797,5.13421244295807,5.12444312402327,5.11513526523637,5.10634785226387,5.09808528793826,5.09036261807517,5.08319177948304,5.07654796802396,5.07044442657134,5.06485269003138,5.05972411788438,5.05514231842906,5.05087663171865,5.0470835250413,5.04360086481726,5.0406143510454,5.03780414645549,5.03530729481722,5.03315594661756,5.03122669624738,5.02948001217592,5.02790281149804,5.02658185831273,5.02538760222464,5.0243113494638,5.02355780977037,5.02252384993972,5.02185513300101,5.02126997164483,5.02072145580139,5.02028248397073,5.01991269505875,5.01955058924378,5.01922453697838,5.01903530862497,5.01878687351794,5.0186301276896,5.01848833130718,5.01836409842748
5.02688769675101,5.02776496572408,5.02873439531428,5.0298279676618,5.03101388631004,5.03234899701663,5.03378825810013,5.03536835527659,5.03718526102559,5.03917230545243,5.04134571841508,5.04375446462836,5.04641863672109,5.04936584707278,5.05262873846274,5.05622663577542,5.06021690926225,5.06460790005674,5.06943952929327,5.07478570015008,5.0806682656587,5.08706088761171,5.0940630093343,5.10171787081512,5.11004414478833,5.11903892457853,5.12873182304573,5.1390921648933,5.15011997009822,5.16174486339498,5.1739085167058,5.18651766554432,5.19941943063317,5.21245587570353,5.22542142972721,5.23812152263379,5.25032551195138,5.26177649532262,5.27223906525089,5.2814869003759,5.28931379215965,5.29554230548947,5.3000567257547,5.30274531621036,5.30362000170351,5.30264421323452,5.2998998253786,5.29547403024885,5.28947738057277,5.28208764692942,5.2734420185182,5.26372953441554,5.2531364126204,5.24182729117676,5.22999661137276,5.21780724846709,5.20540068597755,5.19295843748602,5.18058117822645,5.16840627651522,5.15654037566475,5.14504360740202,5.13402789273943,5.12353182700493,5.11359192647902,5.10425740814852,5.09553297142869,5.08742632225107,5.07995145465513,5.07306869937977,5.06677746394122,5.06105174435985,5.05586282519903,5.05117301614672,5.04696465717447,5.04319016912498,5.03982152398202,5.03681830460192,5.03416172605957,5.03179962460485,5.02970896612538,5.02788611115973,5.02625159476895,5.02481469659844,5.02360746032853,5.02253449335999,5.02160684766257,5.02080552706085,5.02013425462436,5.01949700190761,5.01904715864319,5.0185701092404,5.01820619668378,5.01791647080068,5.01768591990202,5.01744665429643,5.01729399606983,5.01716631418247,5.01704768587324,5.01696690404253,5.0169648285063
5.02463825147344,5.02542492019447,5.02630358334684,5.02729840664395,5.02838559251072,5.02960860915502,5.03094092715599,5.03243301146278,5.03409366691807,5.03597320151299,5.03803391071119,5.04034178153657,5.04290252785117,5.045763537136,5.04893272051107,5.05247291093051,5.05638988809529,5.06074744566557,5.06558349731406,5.0709588117297,5.0768323444178,5.08331189714778,5.09055791392748,5.09849936345878,5.10720063308995,5.11668587314344,5.12697483436788,5.1380749426157,5.14998325684692,5.16262617944652,5.17596235381195,5.18989497019552,5.20423292459602,5.21886261892657,5.23348545839441,5.24785225111312,5.26176436577975,5.27487301299705,5.28682328989362,5.29740380906335,5.3063771587168,5.31350927434814,5.31866188204829,5.32166961094843,5.32259356251139,5.32137941717484,5.31814290584035,5.312984880243,5.30606888405114,5.29758127817408,5.28771029417281,5.276686411652,5.26469794066628,5.25198646515541,5.23872691477279,5.22513140712253,5.21136721957406,5.19760062895073,5.18399295361496,5.17065364996773,5.1577092325046,5.14525383087977,5.13335417183007,5.12209507665829,5.11148358086285,5.10158223942002,5.09238224315529,5.083889962957,5.07610292384108,5.06900417277299,5.0625466565778,5.05672380736576,5.05149427129715,5.04680271643042,5.04262359739337,5.03891591025541,5.03563416307358,5.03274117659687,5.03019525779608,5.02796997241312,5.02602445257635,5.02433320451548,5.02286498632585,5.02159897723164,5.02051078638252,5.01957682682577,5.01878518564426,5.01810946901985,5.01754430257531,5.01703348355464,5.01666967821843,5.016351870426,5.01609332623944,5.01589041831453,5.01573745450415,5.0156180476283,5.01553484270642,5.01548441667121,5.01550226154614,5.01549547690476,5.0154998279032
5.02238984769779,5.02307838487618,5.02386508673477,5.02472323642236,5.02571286110174,5.02680428492926,5.02801758687391,5.02938675597586,5.03091154250773,5.03265654252907,5.03460305756452,5.03675453570696,5.03918675610253,5.04189752448439,5.04494753212408,5.04835539636549,5.05218432775982,5.05646798455268,5.06125962658647,5.06667175662865,5.07228164510465,5.07906459844343,5.08646849474382,5.09465256840046,5.1036920439956,5.11363257893342,5.12451822960316,5.13635623663954,5.14918001832864,5.16291952159294,5.17753675089736,5.19292681992028,5.20891312942566,5.2253237064337,5.24186669394199,5.25822042059905,5.27409726458862,5.28911722086725,5.30289017328583,5.31511413495033,5.32542726026526,5.33361371231544,5.33944976819243,5.34284805613522,5.34379215781275,5.34226197965676,5.33840588580927,5.3323643110945,5.32432688277613,5.31453972852604,5.30323402231387,5.29065739457855,5.27708970488762,5.26274364802082,5.24786752076345,5.23269510609803,5.21738398398598,5.20217431748485,5.18719135020529,5.17257296047303,5.1584766270953,5.14496180484085,5.132139608795,5.1200634935336,5.10875852921879,5.09826759957147,5.0885963568654,5.0797223891957,5.07164950097159,5.06434758439433,5.0577669879056,5.05187708993214,5.0466371460072,5.04198228919273,5.03787740354855,5.03427204898473,5.0311174406075,5.02836836610723,5.02597890633419,5.02391528783621,5.02213643982242,5.02061650932857,5.01932000260376,5.01821845632679,5.01729213626914,5.01651558038393,5.01587291233649,5.01534714167588,5.01491823799432,5.01457757772053,5.01430915959981,5.01410774097201,5.0139605006218,5.01386206674254,5.01380557221161,5.01377502496025,5.0137872936862,5.01383286810222,5.01388119401201,5.01395559403993,5.01404317144886
5.02011883684566,5.02069345012896,5.02136927247027,5.02210125787275,5.02296126957744,5.02391340534799,5.02499055288173,5.02620608778527,5.02755935213106,5.02915121582571,5.03093835890149,5.03293890921603,5.03519471188191,5.03774946649759,5.04063308780923,5.04388824323652,5.04756535439552,5.05168776212979,5.05641732722971,5.06158482161989,5.06741275715577,5.07414374345493,5.08161616701688,5.0899753648214,5.09928796236819,5.10963809606397,5.12108910778932,5.13366798101019,5.14742744895543,5.16232891793391,5.17835807726357,5.19537714365316,5.21319702071289,5.23166194353562,5.25037606110236,5.26910981527327,5.28734162065693,5.30470224565213,5.32061001460025,5.33476688237055,5.34670535371291,5.35611956452289,5.36279790453414,5.36660244284028,5.36752965344798,5.3655809146952,5.36095490273758,5.35381890983389,5.34444215622745,5.3331095122759,5.32009831659327,5.3057476600993,5.29031760086953,5.27411613437174,5.25740140598471,5.24041939578467,5.22340857942897,5.20655467481873,5.19005148373844,5.1740401021444,5.15865706321043,5.14402458179491,5.13019491849003,5.11726969871187,5.10523105838819,5.09415293261089,5.084007186883,5.07477456963529,5.06643537320713,5.05897918561007,5.05231100580453,5.04640207234384,5.04119480037685,5.03662778604259,5.03265221459779,5.02919573496311,5.02620771284863,5.02364459314591,5.02145456761695,5.01959160000722,5.01801657778503,5.01669461425284,5.0155951184962,5.01468611814064,5.0139457006115,5.01334738396241,5.01287343382824,5.0125077507473,5.01223111263413,5.01203529337715,5.01190479209311,5.01183141991315,5.01180665470172,5.01182197830225,5.0118722075717,5.01194846189817,5.01205143972662,5.01217437159331,5.01231172526086,5.01246330517011,5.01262383986868
5.0177376881193,5.01818836217865,5.01873560228492,5.01933938745147,5.02005074744882,5.02086012276737,5.02178052162576,5.02282084055742,5.02406448475431,5.02532553440015,5.02701600991556,5.02880281723109,5.03085083975368,5.03320312655995,5.03587256676069,5.03893409080397,5.04239956021621,5.04635826524325,5.05090620119344,5.05592024773437,5.06181203592675,5.0684348482065,5.075941744705,5.08437641778958,5.09390480957547,5.10460564932849,5.11655646447364,5.12985394782763,5.14456608055355,5.1606612200928,5.17817404916207,5.19697228565161,5.21687608016165,5.237708006877,5.25903123271615,5.2804525531996,5.30151352045266,5.32157124897356,5.34013131410722,5.35663102648672,5.37047997735744,5.3813962757856,5.38900914753589,5.39326156065868,5.39410826527886,5.3915863154634,5.38596892297387,5.37748659567236,5.36647173855619,5.3532769314145,5.33827975954373,5.32181596964734,5.30426224581594,5.28593069722459,5.26710953588514,5.24814451835432,5.22919421790802,5.21054014977617,5.1923828104395,5.17482457630098,5.15809498527034,5.14223138746454,5.1273662191025,5.11353665342445,5.10076315021286,5.08907882567147,5.07847209654284,5.06892203853467,5.06036503063073,5.05277751958737,5.04609030147415,5.04021549924776,5.03511716493403,5.03069222133201,5.02689255138325,5.0236383144454,5.02087822676532,5.0185463786653,5.01659440251682,5.01497232679075,5.01363954735485,5.01254705809699,5.01167635930155,5.01098360383546,5.010449133149,5.01005175991415,5.00976508135432,5.00957476252337,5.00946523022814,5.00942488493328,5.00944006303774,5.00950465061544,5.00960731489794,5.00974439604484,5.0099064258439,5.01008997179916,5.01029159586998,5.01050441319919,5.01072955424263,5.01096069251652,5.01119728774572
5.01521827334806,5.0155488096873,5.01595602892027,5.01641593579566,5.016972159825,5.01760715243703,5.01836047663219,5.01923514669177,5.02015385755258,5.02138934343534,5.02280070571585,5.02435531309458,5.02618061309914,5.02826864182068,5.03070366468552,5.03348551140627,5.0367169669821,5.04041131904746,5.04478953967998,5.04940365602195,5.05477782102273,5.06159050452064,5.06899688317546,5.07748515595377,5.08714849150141,5.09811802691623,5.11053251222108,5.12452498079879,5.14018934514916,5.1575352074064,5.17666029030562,5.19741900796367,5.21970523429476,5.2432494354648,5.26760182471443,5.29232684818625,5.31672747635222,5.34018634444161,5.36191072450254,5.38123023152161,5.39745914921097,5.41012299785642,5.41889127865552,5.42357938682393,5.42424002747811,5.42094947512336,5.41406964146523,5.40389724408422,5.39087328207409,5.37545966344172,5.35805839370661,5.33914886174945,5.31910939087465,5.29831385778416,5.27713567812025,5.25585537151693,5.23475942689281,5.21408917748124,5.19405947097446,5.17484295446534,5.15659222424163,5.13943363473604,5.12342756400707,5.10865936216391,5.0951261946875,5.08283983400617,5.07179746949195,5.06195531459232,5.05323635331959,5.04558892312958,5.0389318653034,5.03317807681502,5.02824543016809,5.02402537382719,5.02046646037065,5.01748364259971,5.01500934358457,5.01296779639338,5.01130372325647,5.00996298862392,5.00890730512638,5.00808995411741,5.00747065149487,5.00702819796801,5.0067229328357,5.00654416939506,5.0064618499888,5.00646417300286,5.0065365658851,5.00666375142717,5.00683907222156,5.00704957531287,5.00729048919646,5.00755373549276,5.00783491338853,5.00813010148604,5.00843345284153,5.00874433575068,5.00905742961715,5.00937236456703,5.00968765215042
5.0125964661912,5.01280474217559,5.01305465696926,5.01336678825901,5.01376038172579,5.01421392713029,5.01477646827729,5.01544590340704,5.01619794572306,5.017101586314,5.01833360616336,5.01963184315922,5.02119299854338,5.02300464710241,5.02514540484326,5.02762302898785,5.03054987855951,5.03392635316587,5.03787749153427,5.04245719052422,5.04781681202029,5.05395953687909,5.06119224160251,5.06954617689161,5.07920344455375,5.09032380897998,5.10308812360843,5.11765257466365,5.13420680666737,5.15282034567056,5.17361441978922,5.19651280378429,5.22144241468029,5.24811984805516,5.27601518490434,5.3046638574858,5.33319699690255,5.36071243960836,5.38638151466362,5.40923208728861,5.42826050871763,5.44305857350062,5.45306489426803,5.45820979778239,5.45851254325953,5.45415449684039,5.44562483735057,5.43333855377893,5.4178758374185,5.39975358322661,5.37956543233835,5.35776879836573,5.33486218457342,5.31128909812371,5.28738090212765,5.26354660068316,5.24004471569563,5.21712773489137,5.19509254562445,5.17403081458745,5.15417425381189,5.13560182179028,5.11840017127121,5.10264667008277,5.08834168868774,5.07548661680892,5.0640335301931,5.05394650225739,5.04513049150978,5.03750302234077,5.03094268138242,5.02536690706781,5.0206739159935,5.01674530101562,5.01351368991823,5.01085794842984,5.00872049528913,5.00702020835487,5.00569258950573,5.00468620467401,5.0039406132218,5.00342372365209,5.00308982007247,5.00291288541938,5.00286279680609,5.0029169823607,5.00305339034816,5.00326240563427,5.00352113309081,5.0038273448097,5.00416351756831,5.00452640661827,5.00490864008607,5.00530143621429,5.00570619916598,5.00611196818411,5.00652178315387,5.00692850094102,5.00733204155395,5.00773218748255,5.00812307974633
5.00998469568702,5.01004204470578,5.0101417565344,5.01029876287924,5.01051520392907,5.01078469758687,5.01114358572872,5.01159360716417,5.01216805312051,5.0129600142422,5.01370576350566,5.01477994994844,5.01602427762641,5.01752705595673,5.01930091407729,5.02143208537472,5.02395246846213,5.0269305005352,5.03050580642468,5.03475293687003,5.03959848207879,5.04552314620708,5.05237343850956,5.0604608540857,5.06993284797535,5.08102235759221,5.09395286069512,5.10892047261996,5.12622182575865,5.14604118951273,5.16853983167257,5.19368754954482,5.22154524730999,5.25179442099138,5.28390693837584,5.31726308043089,5.35084996079349,5.3835070151211,5.41399199657892,5.44111847337374,5.4637164532971,5.48106288468776,5.49254413764682,5.49806475205183,5.49774580094852,5.49190670544708,5.48122616776792,5.46626801652408,5.44774817955892,5.42641228460321,5.40285119422952,5.37769283161936,5.35149605106434,5.32470122221649,5.29776070015825,5.27104076936144,5.24484917134845,5.21949708107476,5.19518775211408,5.17213229359594,5.15053457553405,5.13045612138625,5.11201277500445,5.0952421489302,5.08017821306266,5.06679317466476,5.0549959673614,5.04475221198602,5.03591248973501,5.02839793722504,5.02205386612989,5.01676708778776,5.01241026977048,5.00887703187885,5.0060384383674,5.00380473529594,5.0020841364048,5.00078382894517,4.99985001773444,4.9992178270868,4.9988332769019,4.99864832669186,4.99863559907929,4.99875073081159,4.99897355292548,4.99927899000851,4.99965376699165,5.00007793048723,5.0005412629773,5.00103088576132,5.0015409372534,5.0020612027131,5.00258935452612,5.00311793638627,5.00364576478665,5.00416794974519,5.00468286297301,5.00518849730621,5.00568379593617,5.00616719935449,5.00663818069128
5.0074325443746,5.00735155694393,5.00728616042311,5.00727495384761,5.00730118293,5.007375225916,5.00751677737691,5.00774010751637,5.00805152570247,5.00847185836286,5.0090406556554,5.00978903406505,5.01068392085996,5.01182167209882,5.01321187260463,5.01491361670211,5.01701435857351,5.01951162920357,5.02256578524392,5.02615984191961,5.03060916559238,5.03595805710343,5.04233498532431,5.04997048668513,5.05908894730309,5.06994168042416,5.08282460400178,5.09804178736681,5.11593096002969,5.13681106425836,5.16092996685006,5.18847015458463,5.21951488486255,5.25381822346722,5.2909067612215,5.32998535940608,5.36969805623904,5.40876289833551,5.44539367083081,5.47804598496474,5.50495016435061,5.52535161809192,5.53843102097093,5.54417824458158,5.54283407615612,5.53494073345867,5.52142592814521,5.50305388494493,5.48083631644086,5.45554995107604,5.42804126650804,5.39896971291482,5.36893252805236,5.33854081080519,5.30813808143686,5.27819232592543,5.24904688834662,5.22096676282395,5.19422787487829,5.16900384272927,5.14549270228208,5.12382106045777,5.10407534542844,5.08627665971079,5.07046102221309,5.05657885316635,5.0445179244957,5.03420895382645,5.02545627189257,5.01815899572168,5.01214789338582,5.00727583035787,5.00338671569538,5.00032036655583,4.99798876492594,4.99627121832048,4.99502730852519,4.99421413784318,4.9937323944919,4.99352661277537,4.99354352646421,4.99373594918032,4.99406504980375,4.99450422125893,4.99502031265255,4.99560123711629,4.99622349636135,4.99688033146857,4.99755215283687,4.99823931081064,4.99892576581002,4.99961145157508,5.00029074170418,5.00095704947068,5.001614884503,5.0022528302792,5.00287729534701,5.00348359752122,5.00407058509063,5.00463894583784,5.00519040971061
5.00488176630033,5.00464776143693,5.00442479387619,5.00422738662408,5.00405351675658,5.00392154027782,5.00384173794976,5.00381562465829,5.00385519891569,5.00399242374655,5.00415683435879,5.00462752099588,5.00513711352433,5.00585923502511,5.00681884841988,5.00803217414044,5.00960470505096,5.01156895837807,5.01402505261628,5.01711198090312,5.02082929452073,5.02552447523379,5.03118162382802,5.03814812187138,5.04662024627046,5.05695483548601,5.06944941428184,5.08455378668312,5.10270535811053,5.12433834974995,5.14992159156467,5.17982342586096,5.21428263596816,5.25312371681306,5.2960279909127,5.34208948587209,5.38960153278264,5.43670883808374,5.48126111489256,5.52071804450815,5.55322300010671,5.57734676241662,5.59211662125502,5.59779059077773,5.59476596318344,5.58395959683932,5.5666485094048,5.54397076480815,5.51707958081358,5.48709075327769,5.45490899478229,5.42126795610191,5.38694000695467,5.35242230679638,5.31822408700101,5.28469926074851,5.25227162329184,5.22118889078423,5.19180701271782,5.16423579668414,5.13868495390317,5.11532174437809,5.09423110321295,5.07544415042861,5.05892887706206,5.04462923205286,5.03241566641785,5.022166135865,5.01365928021102,5.0067547558185,5.00121731229682,4.99690982217249,4.99361555020575,4.99117929688208,4.98945618834915,4.98832994815114,4.98767549784436,4.98740365649923,4.98744338329411,4.98771311310739,4.98817971944236,4.98877649362665,4.98948127340268,4.99026100732714,4.99109486624025,4.99196360371729,4.99285175221828,4.99374689495442,4.99464159120981,4.99552631795917,4.99639751865166,4.99725056518968,4.9980828001323,4.99889210119713,4.99967587033402,5.00043417404481,5.00116752881093,5.00187369788746,5.0025546849335,5.00320880520114,5.00383808038742
5.00228307454877,5.00190139238236,5.00149679028672,5.00110908895236,5.00072934197477,5.00038030046976,5.00005154592074,4.99976873817418,4.9995397935784,4.9993554983155,4.99923967637119,4.99930991280032,4.99941703904064,4.99966712782029,5.00011077425006,5.00081418793653,5.00176913217773,5.00309558711937,5.00493594890085,5.00725978434935,5.01017318537832,5.01391890997389,5.01868773453606,5.02470969305103,5.03227135897429,5.04171351696821,5.05347348686904,5.06804067917855,5.08599443253516,5.10798321552371,5.13468305122456,5.16675389254104,5.20468478058899,5.24860387350299,5.29830562846738,5.35288022903478,5.41025524932784,5.46795090496042,5.52261489857126,5.57120125054692,5.61065212904294,5.63911120556101,5.65571144174289,5.66065509355565,5.65494355364909,5.640007701884,5.61766966418711,5.58938840878779,5.55680105023771,5.5211072701064,5.48336985987442,5.44455094686519,5.4052355029439,5.3661546606343,5.32764451875144,5.2902057753638,5.25415031257467,5.21986686182671,5.18752761592905,5.15741491839501,5.12972958715446,5.10454538544942,5.08209054512031,5.062292854359,5.04514563008551,5.03053719002379,5.01830715899114,5.00826546877173,5.00019605318398,4.99387509663152,4.9890251855949,4.98544711711945,4.98290352115906,4.98123538016624,4.98026854690259,4.97984375949154,4.9798757678708,4.98022901835716,4.9808496974379,4.98166464953144,4.98261398478106,4.98366194712784,4.98477680994216,4.98592718622526,4.98709963211622,4.98827305186225,4.98943812047298,4.99058703501157,4.99170807176276,4.99280376060584,4.99386404565247,4.99488986089508,4.99588044624881,4.99683271551304,4.99774979510987,4.99862842481337,4.99947245132431,5.00028114145118,5.00105440737704,5.00179659240968,5.00250572397011
4.99961293621699,4.99906026177158,4.99848018333149,4.99790773274487,4.99731393153858,4.99673747237957,4.99616156901788,4.99559905412517,4.99507230461034,4.9945855454906,4.99396209135647,4.99376020795621,4.99341376080261,4.9932157060052,4.99310094204801,4.99322001443482,4.99354148772886,4.99413765443185,4.99529560563458,4.99625858147618,4.99857870248326,5.00129221616439,5.00492704945026,5.00975103525638,5.01604120132529,5.0242167944168,5.0347207653126,5.04820691832876,5.06534057719541,5.0870394926066,5.11426400326193,5.14799871986347,5.18922072770709,5.23859929786064,5.29623300730875,5.36116227865373,5.43108979349763,5.50275662457228,5.57124274547765,5.63167450912037,5.68021357200774,5.7139209349403,5.73198797061706,5.7351175130016,5.72507919801773,5.70423802414474,5.67502071249411,5.63967810049189,5.60000467150643,5.55747748744579,5.51336775911393,5.46850811158864,5.42375610393065,5.37940204029985,5.33620755101251,5.29442156358954,5.25444210755981,5.21659679602722,5.18106163080495,5.14819553229146,5.11820708834491,5.09113607256967,5.06727856073493,5.0464818271138,5.02878623260651,5.01400150019309,5.001946344361,4.99236281355034,4.98494986538749,4.97943917712813,4.97550616959601,4.97286658503708,4.97127695354985,4.97052517291604,4.97044342139367,4.97085589355556,4.97164062468937,4.97271783260907,4.97398156275468,4.97537556291649,4.97685365340196,4.97838218546599,4.97992551153705,4.98146965775442,4.98299168665826,4.98448346920366,4.98593566668691,4.98734168336285,4.98869934690252,4.99000396057313,4.99125718672178,4.99245785512957,4.99360618253726,4.99470436931199,4.99575146501113,4.99675213014343,4.99770613922623,4.99861506511102,4.99948342315148,5.00030912051098,5.00109836766972
4.99690482109989,4.99618342784499,4.99543204682528,4.99465623558905,4.99386618096408,4.99305413602113,4.99223208621548,4.99137324817792,4.9905540781324,4.98973509069521,4.9889031590063,4.98805031506964,4.9872991350294,4.98659453050623,4.98592679222564,4.98540665444578,4.98500743472995,4.98485825495424,4.98488973262497,4.98530752296339,4.98620690526309,4.98770960312918,4.99001861489682,4.99335714736548,4.9980576894709,5.00450307111319,5.01325177642742,5.0249547247353,5.04051107528929,5.06099715558551,5.08769422637327,5.1221744409591,5.16606205420661,5.22089287431994,5.28742073635126,5.36499396007321,5.4517987920736,5.54182577690829,5.62940788000798,5.7064261235153,5.76654893841284,5.80640815262339,5.82498402920748,5.82428512817391,5.80743259811308,5.77803981960533,5.73978136093409,5.69528104788975,5.64689527950191,5.59631192957053,5.54480578745976,5.49326537067916,5.44206885957119,5.39220388303202,5.34380589088422,5.2973636748413,5.25306432394673,5.21129396758367,5.17235325461623,5.13645228891915,5.10387719656943,5.07485143008441,5.04949295442375,5.02770608230408,5.00955614743234,4.99473882651908,4.9831055807871,4.97425861679953,4.96781533307855,4.96338380617519,4.96059926952979,4.95913425396513,4.95871380824777,4.95907090702658,4.9600053695604,4.96137690698022,4.96302988688534,4.9648777283814,4.96685075831954,4.96887554769271,4.97092836864262,4.9729564090764,4.97496098361045,4.97690305062134,4.97879192203417,4.98060706709048,4.98234872882217,4.98401957428688,4.98560695809096,4.98712751483816,4.9885706532798,4.98994503086268,4.99124921468527,4.99249019230384,4.99366761111464,4.99478694592879,4.99584984942124,4.99685939603591,4.99781665036885,4.99872803841101,4.99959310335936
4.99429240207293,4.99339770209235,4.9924738263957,4.99150862032875,4.99051007697282,4.98946695069956,4.98838735627611,4.98725975822089,4.98613491827582,4.98494178501428,4.98367580930763,4.98234301268711,4.98129828756188,4.97999546952305,4.9787467534046,4.97754585374304,4.97639224064094,4.97535650870771,4.97450497888919,4.97391330149482,4.97347993533783,4.97356609104797,4.97429549933276,4.97580696614922,4.97849153027842,4.98267728105609,4.98896464514478,4.99805822421707,5.01094496142133,5.02894954946454,5.05374273477465,5.08749253725426,5.13274222717109,5.19214236790061,5.26800237221901,5.36100179778067,5.46914084554722,5.58588542724531,5.69986903773142,5.80005975479315,5.87571041218941,5.92202960392042,5.93906227247922,5.93095611325037,5.90321252831295,5.86188971541544,5.81138600140612,5.7554757712824,5.69670442383699,5.63686528341214,5.57700902436599,5.51770900994461,5.46001683589975,5.40400421259568,5.35002114368431,5.29848723130949,5.24955118846035,5.20365931611065,5.1609558016897,5.12176240824032,5.08649228358685,5.0553263587561,5.02832353368498,5.00564832305085,4.98718862804129,4.97265901763854,4.96177103717779,4.95400415478668,4.94890268154025,4.94591916416352,4.94461398211429,4.94460101172337,4.94556596795551,4.94721504599851,4.94933090604669,4.95176606309393,4.95436867820599,4.95706992299289,4.95978185211601,4.9624803974198,4.96511473368834,4.96767310865347,4.97013375861873,4.97248919422342,4.97474127840841,4.97687916334537,4.97891206425121,4.98083582971518,4.98265659241526,4.98438257446714,4.98600977909303,4.98755354462514,4.98900558365048,4.99038489216639,4.99168435586194,4.99291610661117,4.99408125267019,4.99518445030642,4.99622923088857,4.99721814283959,4.99815412126403
4.99178434341083,4.99072301196269,4.98962154741129,4.98846341148771,4.98724831929633,4.98597243204224,4.9846323258036,4.98321923518891,4.98177755107023,4.98022436634246,4.97860448913015,4.97693593502792,4.9752524019251,4.97342676304535,4.97156446116755,4.96968897579528,4.9676861326045,4.96580884910354,4.9639598340052,4.96201863412947,4.96039565375398,4.95894017533711,4.95783771065452,4.9573064142577,4.95755482915928,4.95899723800145,4.96210434947132,4.96764075597433,4.97661957316752,4.99049573812399,5.0112964680066,5.04181836917748,5.08560119603759,5.14746952355813,5.23214189992862,5.34316346886577,5.47992472286813,5.63390545857351,5.78962384866216,5.92250061663122,6.01904414716876,6.07113616068228,6.0814379645354,6.05969503991731,6.01524355708678,5.95655493276525,5.89002455643453,5.81984502821126,5.74872156790926,5.67821215098064,5.60897541517703,5.54169589449879,5.47672768920692,5.41418768364734,5.35436026885459,5.29741798643005,5.24355605980374,5.19312375481625,5.146319619826,5.10363322350524,5.06531861036935,5.03176124387697,5.00313033384823,4.97953249883409,4.96106707253618,4.94718620911698,4.93751634867173,4.93130374726949,4.92798130691052,4.92688916244501,4.92747040646952,4.92928111906023,4.93188140340029,4.93502229158033,4.93848789911087,4.94209322910877,4.94574583531607,4.9493619975675,4.95288185957392,4.95627950347219,4.95953369184455,4.96262337387095,4.9655610435833,4.96832829116554,4.97094635361473,4.97340920740952,4.97572522350075,4.97790572890326,4.97995263004227,4.98187978354176,4.98368956409729,4.98539409713807,4.98699645979622,4.98850594935863,4.98992811379258,4.99126733554851,4.99253096869273,4.99372297869297,4.99484865032149,4.99591289290039,4.99691908312621
4.98926725810021,4.98804350679088,4.98677777607799,4.98542291442903,4.98399481552791,4.98248768885139,4.98088911834441,4.97920046819696,4.97743568194037,4.97550726557439,4.97354839131209,4.97142729980335,4.96922540143201,4.96686972570334,4.96438952160175,4.96179411891725,4.95903028282301,4.95621500287915,4.95312666797773,4.95025015700698,4.94690912549857,4.94376233529465,4.94073448405313,4.93786387307202,4.93545525349817,4.93364848077356,4.93301671842162,4.93405986948036,4.93785382685132,4.94576628417977,4.96003483034141,4.9839049822591,5.0222857962582,5.08193346810366,5.17174831134369,5.30147052204701,5.47556249884936,5.68556271317656,5.90565474147317,6.09219838015777,6.21443809247335,6.26748698275239,6.26042093480172,6.21396636229423,6.1434456339721,6.06082120269278,5.97370686410917,5.88662813147235,5.80134745835171,5.71932386825493,5.64015208375453,5.56441144244007,5.49178172751575,5.42251024820644,5.3564647006104,5.29388388725891,5.23476253569591,5.17944001380614,5.12833763152853,5.08152976677684,5.03978437431598,5.00340216456773,4.97298572122748,4.94870171533887,4.93040578850733,4.91766377292049,4.90976523999005,4.90581909407386,4.9048940184386,4.90629471263135,4.90920454899142,4.91315181332927,4.91770172605125,4.92257135792053,4.92750104443029,4.93240717378924,4.9371689957406,4.94175276571336,4.94610362359443,4.95022859899908,4.95410110681485,4.95774079750363,4.96114589996801,4.9643272331625,4.9673086241465,4.97008608953244,4.97268595721854,4.97511210040337,4.97737976966014,4.97950429321331,4.98148756200536,4.98335111333396,4.98509463177516,4.98672919649961,4.98826822673143,4.98971089027317,4.99107018600986,4.99234817252106,4.99355324274504,4.99469001155605,4.99576148469538
4.98682452909005,4.98545880691582,4.98401052022104,4.98248366930358,4.98084646942153,4.97911698125944,4.97726922927255,4.97532031658574,4.97322456528083,4.97112789680993,4.96870167512682,4.96605023014307,4.96339616766235,4.96051051924101,4.95739145882338,4.95406990926908,4.95053478172929,4.94678967993419,4.9426548789302,4.93812478027983,4.93358974928839,4.92868412795969,4.92358052418373,4.91823176945922,4.91282731541052,4.90745782454733,4.90240391066128,4.89817450277928,4.89536984064878,4.895392487358,4.90003790139012,4.91284464387347,4.93915384201907,4.98840784783204,5.07436697145601,5.21756005926401,5.43754388337148,5.73548176064063,6.06675132871281,6.34053830173578,6.49463233613413,6.53122082019568,6.48629868876597,6.39682616347663,6.28723596027194,6.17302832710504,6.06186251126005,5.95314735589401,5.85251700499788,5.75818599412541,5.66932779297916,5.58474497870381,5.5045243112051,5.42829308710795,5.35584338195332,5.28744520081954,5.22286784647568,5.16243954878403,5.10624920077902,5.05503582487019,5.00905832677171,4.96960918935756,4.93719678227176,4.91221613913946,4.89456654683718,4.88360489405718,4.87828826157796,4.8774687887952,4.87981781814863,4.88427960289391,4.89009815479321,4.89658632617973,4.90333077681026,4.9100635022737,4.91662851684423,4.92291557444791,4.92884117078006,4.93441876835583,4.93961281932098,4.94445495388777,4.94895117102945,4.9531143399465,4.95698105399361,4.96055885328807,4.96388457180702,4.96696738487645,4.96982992673848,4.97249137610603,4.97496680412489,4.97727437771629,4.97942298747212,4.9814320245615,4.9833071817292,4.98506181665357,4.98670605244051,4.98824596874651,4.9896932151083,4.99105104795212,4.99233030097042,4.99353146576372,4.9946652141279
4.98447677930342,4.98295896373118,4.98135504689344,4.97963682906865,4.97780927160592,4.97586100562587,4.97377265378647,4.97155821138671,4.96919052763544,4.96666628449286,4.96384493733045,4.96088428972383,4.95777282468068,4.95435807466484,4.95060305987497,4.94658575471874,4.94222945037232,4.93767270616349,4.93233484079501,4.92672498636264,4.92070804105112,4.91403100649618,4.90677350442502,4.8988509178413,4.89031725898675,4.88106715608053,4.87126932090332,4.86096942379647,4.85065911828489,4.84088110285942,4.83317799977456,4.83002545851719,4.83659761454053,4.86240333298804,4.92646273561067,5.06254588978971,5.32715072487444,5.76294423569014,6.31769340030842,6.74463533601635,6.92163341400587,6.88958876412506,6.76591958424481,6.60520235265064,6.44095630238139,6.28448370755259,6.1421236145466,6.01440521882303,5.8990225111047,5.79394448770248,5.69558456259783,5.60269322068968,5.51477911184254,5.43152125060433,5.35262823747777,5.27823992382256,5.20787984145081,5.14174273297616,5.0800507832609,5.0233289602018,4.97258931942739,4.92917358955772,4.89431310916235,4.8685422770508,4.85202271858293,4.84403899564832,4.8425980888271,4.84610490726472,4.85276493628881,4.86114128096378,4.87037678055395,4.87979621831434,4.8890319300755,4.89781836478246,4.90610940882485,4.91380204938635,4.92092557755929,4.92749333002432,4.93351978862991,4.93907264652348,4.94415722160855,4.94883650087128,4.95313783685982,4.95709334985382,4.96074603480155,4.96410931630189,4.96721755687057,4.97010118161109,4.97276884827073,4.97524752299906,4.97754804286791,4.97968814153199,4.98168859306584,4.98355030343469,4.98529400890699,4.98692438174396,4.98845097385276,4.9898833916067,4.99122706222474,4.99249186514835,4.99368264357253
4.98218971052461,4.98052923670647,4.97876750182789,4.97688285165939,4.97486634733797,4.97271660027764,4.97040196131567,4.96793640309736,4.96529143629946,4.96241619072879,4.95930417654196,4.9560466815687,4.95242307327344,4.94839441346686,4.94411105874822,4.93944463300453,4.93434756508437,4.92860074637603,4.92248913537626,4.91562996319013,4.90818958545261,4.89979060678587,4.89048603372009,4.88009796812921,4.86852199427772,4.85545226508715,4.84081192484634,4.82435824350222,4.80588406217875,4.78552382873433,4.76308512080148,4.74026121781927,4.71860462106959,4.70604924341024,4.71785673445556,4.79858709891157,5.05416861253045,5.69162805494736,6.77664220488261,7.51130688967181,7.58125274439879,7.36371892369057,7.09039964505701,6.82889161593392,6.59422672594428,6.38504116583714,6.20209264900522,6.05551820023994,5.93292935323248,5.82191908651263,5.71808818134176,5.61799123392177,5.52221753524429,5.43157011823375,5.34611849397789,5.26567134532888,5.18959061662759,5.1177537903908,5.04983080726789,4.98701849668048,4.93029381495119,4.88159334576274,4.84281742214312,4.81613791341871,4.801657487235,4.79807916081596,4.80256366987261,4.81201853019234,4.82410691530802,4.83737432255136,4.85059817936637,4.86326722549025,4.87516033315753,4.88611342459729,4.8961292945928,4.90525167465802,4.91352368105715,4.92104803626822,4.92786063575521,4.93407295705615,4.93971457276115,4.9448623365616,4.94956330951425,4.95386049945769,4.95780891788557,4.96142835160226,4.96476776454553,4.96783974277786,4.97068135637614,4.97331200589741,4.97574712991676,4.97801686112624,4.98011836583102,4.98208408632683,4.98391386783232,4.98562201026387,4.98722464147051,4.98871902400874,4.99012661822471,4.99144569632397,4.99268714730641
4.98002310411786,4.97823047673105,4.97632339997306,4.97428226220173,4.97209080049492,4.96974932262611,4.96722158414988,4.9645259095274,4.96161088390871,4.95844588163685,4.95502438951554,4.95139175770472,4.94728654680949,4.94286821965811,4.93806280208959,4.93279116739796,4.92697096323463,4.92054691518124,4.9134415651491,4.90564464440184,4.8967472735228,4.88678224548419,4.87555542982556,4.86280353279569,4.84828233563946,4.83161135090011,4.81231926478546,4.7898782910717,4.76348450869873,4.73233905916598,4.69501149607547,4.65042486278892,4.59677997196978,4.53337441630673,4.46269577934242,4.40785065282024,4.46790628533878,5.15260193223661,8.01978669988054,0,0,0,0,0,0,0,0,3.72010073621224,5.43694204736523,5.85340846666909,5.73974343314178,5.62561624930265,5.51609133779765,5.41689335006484,5.3279715493785,5.24597635468019,5.16750787405531,5.09119461098479,5.01670186367744,4.94636455221736,4.88127763014044,4.82426615941859,4.7796308277235,4.75163198650046,4.7410136601214,4.7447541059793,4.75788951380038,4.77573301435818,4.79503538040235,4.81394526956988,4.83172752330072,4.84788416642712,4.86254915571201,4.87561398618001,4.88734844395737,4.89780591165597,4.90715862989234,4.91556780230205,4.92308340683662,4.92990096746891,4.9360240297158,4.94158486938804,4.94665256470243,4.95124163245491,4.95545607125837,4.9592913538842,4.96282755746513,4.96607296776454,4.96905725003679,4.97182666819499,4.97437418977027,4.97674692088181,4.97894587561151,4.98099218774961,4.98289893518613,4.98467468810708,4.98633767875005,4.98788948395079,4.98934880831297,4.99071326372642,4.9919978086509
4.97791037206949,4.97599559503738,4.97395181268568,4.97176432066664,4.96941394725968,4.96689470406309,4.9641711520612,4.96125965787454,4.95811451981642,4.95467839076152,4.95095280633552,4.94703426603779,4.94247818968708,4.93771308519544,4.93242070266394,4.92660761095221,4.92015560768575,4.91303079613768,4.90507337450052,4.89619516678308,4.88621695774518,4.87489621269971,4.86204283701856,4.84728055103651,4.83031743542639,4.81051881127617,4.78729257828714,4.75972721845839,4.72648137461568,4.68613034639212,4.63582806591809,4.57208108271451,4.48905512955774,4.37674946532975,4.21936560084503,3.98129866695723,3.60524617725984,3.06126088455131,0,0,0,0,0,0,0,0,0,0,0,0,0,0,2.49215880748547,3.90542507224892,4.90549381754545,5.20718035392002,5.14690302779245,5.05580645850294,4.9707691413633,4.89144890000212,4.81685078112745,4.75012232606952,4.69782634692552,4.66825634367677,4.66510101862631,4.68250041230047,4.70938584017636,4.73851642915738,4.76656936468647,4.79197231002311,4.81450071191807,4.83432700165977,4.85147553479635,4.86667781912949,4.87980296895713,4.89148218722844,4.90175904525141,4.91087823797385,4.91906249314164,4.92630441935892,4.93288908875957,4.9387638545625,4.94413532318954,4.9489694959464,4.95340970123788,4.95743731843092,4.96114166690492,4.9645455232496,4.96766474690875,4.97055129118667,4.97321311701172,4.97569222643819,4.97798833776417,4.98012533520662,4.98211218252222,4.9839502142506,4.98569906414078,4.98729668588129,4.9888380906024,4.99025168845144,4.99160292869347
4.97590894631412,4.97388495389237,4.97171837334316,4.96940210687469,4.96691196857285,4.96423628902249,4.9613422435514,4.95823940357157,4.95488914431695,4.95124156096462,4.94730670276557,4.94288428368561,4.93822788466376,4.93303578175202,4.92732960453541,4.92105669596424,4.91407327361087,4.90629675937599,4.89786486690503,4.88805027993913,4.87711036319812,4.86468815831196,4.85049837922485,4.83415493690626,4.81521067086831,4.793031130183,4.76678054532317,4.73538563387431,4.69721182837749,4.65015881767311,4.59087176601634,4.51426539474933,4.41256765519644,4.27097604331609,4.06376304815452,3.73753777773084,3.16282944454147,2.06950417862312,0,0,0,0,0,0,0,0,0,0,0,0,0,0,0,0,0,0,0,2.43570481065917,3.25189938641385,3.91447991285952,4.43610709506169,4.5767883772479,4.56028589145133,4.53740982644453,4.55523642703478,4.60803848887634,4.66204719382142,4.701658076198,4.73923696176495,4.77253304747479,4.79482899469363,4.82280566834881,4.83523336037403,4.85675792951966,4.86620839202881,4.87630528563638,4.88986338801474,4.89216402215785,4.90840720374486,4.90690015492256,4.91585921455319,4.91933112911995,4.9200313834664,4.93006933830499,4.9280206960524,4.93786892347065,4.93361488001146,4.93556983450023,4.93930043360279,4.93633233700135,4.9450033084244,4.93862801882924,4.94457175076535,4.94109666020274,4.94164676961198,4.94443906745512,4.94053313901163,4.94825526510408,4.94007389713495,4.94410955313374,4.94205768809305
4.97414488887072,4.97202490076895,4.96975217708963,4.96731721508614,4.96470078968566,4.96188701031322,4.95884521975467,4.95559919306149,4.95204220424096,4.94817884198422,4.94398982020999,4.93944818618664,4.93444011688596,4.92895550289351,4.92293371743233,4.9162810916937,4.90888645035232,4.90082307982535,4.89147164743401,4.88118477649028,4.86952077722565,4.85630482518655,4.84116962819725,4.82372037649835,4.80349369403915,4.7797705052932,4.75170155556892,4.71812689153851,4.67731555409069,4.62711339713845,4.56409457862381,4.48315490446239,4.37736319143598,4.23410535270241,4.03424425644007,3.75044642741319,3.369491085752,3.01482983053578,3.27360622382159,0,0,0,0,0,0,0,0,0,0,0,0,0,0,0,0,0,0,0,0,0,0,0,1.73096894148696,2.02515436507543,2.49654832648734,2.85254411665789,3.05711300397304,3.27377318909681,3.40862747239927,3.54165219652599,3.645975899451,3.72301558199478,3.80981110958979,3.8552964324473,3.92990363320206,3.97362321701751,4.02138578795533,4.06363352450032,4.09048396395628,4.13434183849073,4.15454512468994,4.19036382359501,4.2134971291946,4.23363301345122,4.26090565850985,4.27015111333974,4.29933025627088,4.31257640239427,4.32964205119017,4.34720160116402,4.35611889188966,4.37569441841594,4.3831115477727,4.39875302396607,4.4100463552468,4.41905597016938,4.43059802079626,4.43683772139353,4.4509791400618,4.4580249770951,4.46721620126194
4.97247568703736,4.97026882785496,4.96790756558022,4.96536724104023,4.96264148123928,4.95971346530876,4.95655501195046,4.95315280702369,4.94946818046821,4.94555638787394,4.94107350555775,4.93632305430551,4.9311084679471,4.92541019590963,4.91913803374875,4.91220598490277,4.90447202384096,4.89607955509928,4.88641963572337,4.87563330578004,4.86352219623615,4.84977888082622,4.83410414948955,4.81604657480915,4.7952027532318,4.77082901175441,4.74212128650403,4.70803621260516,4.66694701277363,4.61702965106997,4.55552890528355,4.47855847952003,4.3813078340631,4.25756833157983,4.10151937721399,3.91383269513467,3.72907389876435,3.66509990305646,3.89533466279352,4.44725101359217,5.08609560173325,0,0,0,0,0,0,0,0,0,0,0,0,0,0,0,0,0,0,0,1.89263084879695,2.97670862249817,3.63144342357552,4.00771452690569,4.04660047475303,4.13117518095294,4.23819476835533,4.24267044673869,4.29954490840806,4.29601755750346,4.30412133042063,4.31806904828162,4.30720059735551,4.32064561350506,4.31178603203189,4.31004202911773,4.31405296993832,4.30971569483654,4.31336211238366,4.31411683723549,4.31214237139148,4.31927607964698,4.31832655451402,4.32345386252779,4.32694430995067,4.32584303571571,4.33583146429308,4.33545852538916,4.34363229627705,4.34689594567289,4.34986101385786,4.35795528949954,4.35724843328333,4.36776361588785,4.36977233230322,4.37591887482019,4.38185176854501,4.3824257532685,4.39259428126468,4.39408367000807,4.40166900156828
4.97091105942276,4.9686303229599,4.96619136944448,4.96356787470995,4.9607607236368,4.95773975865589,4.95448535575881,4.95097143609887,4.94717298839462,4.94301835394071,4.93853598767141,4.93362332565094,4.92828505150002,4.92242641603695,4.91597487451978,4.90885990535314,4.90096096178545,4.89228763340364,4.88258088689238,4.871583979229,4.85926500396927,4.84532882691118,4.8295057089439,4.81137608926273,4.7905479513668,4.76639135640642,4.73819831056515,4.70510886146021,4.66584841536704,4.61907540960112,4.56308728269651,4.49554989932951,4.4144760218643,4.31934815458274,4.21284618211901,4.1071780752076,4.03718944884591,4.06609496412636,4.2527021689481,4.59553331033666,5.00994647913411,5.4082135136064,5.71809949792639,5.96794885162328,5.93917490372011,0,0,0,0,0,0,0,0,0,3.07028155880815,4.41771841715159,5.23577655381529,5.36390764874106,5.23667395131764,5.08733293932324,4.93750554504904,4.80069499655632,4.69673835778705,4.64018182242334,4.63194159656191,4.65518275392177,4.68911597528079,4.72368867938608,4.75549226406445,4.78328489129161,4.80789569486017,4.82849748726818,4.84642091725147,4.86233179395633,4.874448331016,4.8867468986834,4.8948474243526,4.90341377140618,4.91016370248532,4.91433412885432,4.92163930622667,4.921041462596,4.92565856509339,4.9255195873582,4.92547333877521,4.92938056903015,4.92299338178132,4.92607139093229,4.91993135263628,4.91798077769518,4.91689371503762,4.909422562152,4.91210646432266,4.90142344208307,4.8999415070194,4.89402729807818,4.8872574628535,4.88713668109747,4.87738525658032,4.87482075926589,4.86726852644949
4.96947275012406,4.96713504385208,4.9646329780131,4.96194567745953,4.95906846791086,4.9559743547237,4.95264052932025,4.9490563370598,4.9451666933222,4.94093487475884,4.93636243999793,4.93137031567232,4.92594257434365,4.91998664436807,4.91344781820149,4.90625327270344,4.89835003315064,4.88959581534454,4.87979285910227,4.8688310998858,4.85658039867679,4.84278243402073,4.82719975426216,4.80946756232779,4.78926797776651,4.76610564336318,4.73936932672418,4.70852375482329,4.67269746770544,4.63103373561325,4.58284092361661,4.52743967967592,4.4651214368382,4.39805091708357,4.33204728315955,4.28220343899012,4.2696743547721,4.3280069368374,4.47743125149083,4.71447580052316,4.99996026111874,5.28453589286751,5.54187435090951,5.74432549900457,5.896381339491,5.997102513877,6.04745237885713,6.05428845373935,6.02674682457463,5.98472434960382,5.93384940967365,5.87411185842235,5.8054152560121,5.72937695616473,5.64460559813477,5.55212423745208,5.45022833076729,5.33969164908573,5.22213172541224,5.10136306228404,4.98327112615419,4.87914186264213,4.79690281330561,4.74547994491109,4.72455519365683,4.72608930786183,4.74048038951864,4.76037875457175,4.78175661370007,4.80238234944061,4.82137994570208,4.83862862463226,4.85405741147959,4.86778466733649,4.88006707435738,4.89095807205411,4.90071990785472,4.90945801098363,4.91730967200236,4.92438730128668,4.93074712055158,4.93660456375645,4.94187065112349,4.9467322832003,4.95117244978418,4.95520459975319,4.95902702681228,4.96246423170207,4.96566499395055,4.96865878090674,4.97136021943608,4.97390890872172,4.9763074277149,4.97840500222683,4.98046739267317,4.98227678042244,4.98400137965569,4.98563034949489,4.98703292353047,4.98852241372761,4.98961691925904
4.96813936597859,4.96575579766507,4.96320850879424,4.96047521025071,4.95754712055594,4.95440524157732,4.95101700729943,4.94742729243309,4.94346535681921,4.93918608634316,4.93455912068446,4.92954194235176,4.9240752857518,4.91809891655351,4.91155365846362,4.90437876202261,4.89645008863526,4.88771299270404,4.87823473519143,4.86730755342388,4.85533280867458,4.84194255928597,4.82691677656225,4.80998338415246,4.79091218416604,4.76929251976176,4.74474466666878,4.71699217316476,4.68556143377068,4.65006984728666,4.61053040503776,4.56756326682002,4.52257135030565,4.47865007729893,4.44279377605247,4.42540469702116,4.4410762023426,4.50579680626892,4.6272186442751,4.80091873990926,5.0075972796521,5.21794637775214,5.41533548214712,5.58368208374704,5.71519173628967,5.80773007519527,5.86268438886037,5.88356425096694,5.87655885632142,5.85458559563722,5.81660491029252,5.76776186148882,5.71035052200151,5.6445111047434,5.57015756578171,5.48914479069751,5.40075888468228,5.30665898741177,5.20896751198543,5.11097389247771,5.0173060720691,4.93447693261363,4.86827767216918,4.82191396717369,4.79598364431703,4.78675617926809,4.78926242082031,4.79849236637101,4.81120833842015,4.82506966187424,4.83910278262743,4.85247132847091,4.8649702107412,4.87648959164698,4.88697578858284,4.89655189085057,4.90524582479521,4.91312041793507,4.92029523482451,4.92683095498319,4.93277993043496,4.93821971740471,4.94319639963068,4.94776560366823,4.95195754633477,4.955828293713,4.95939556309353,4.96269924001262,4.96575400767306,4.96859360584719,4.97123407799758,4.97369075627516,4.97598565792757,4.97812297996698,4.98013008418432,4.98200318745034,4.98376245639615,4.98541900656784,4.98696997431944,4.98843607186804,4.98981411358091
4.96702060690345,4.96460755548481,4.96203076682243,4.95926758976019,4.95631595901401,4.95314888013263,4.94974289366555,4.94633091452428,4.94211949379353,4.93785974535987,4.93324203364205,4.92824289123374,4.92279918192915,4.91686879692662,4.91039685175584,4.9033060036076,4.89565410304516,4.88690474283693,4.87773644817475,4.86719089784452,4.85570593327264,4.84292897515251,4.82874615241649,4.81293596859143,4.79530793968647,4.77566655336818,4.75378450942621,4.72954558940074,4.70284915802999,4.6737797723838,4.64282436818596,4.6111407334166,4.58029266152134,4.55437209036894,4.53854701524665,4.5402289111224,4.56844354693778,4.63087638526566,4.73046330828811,4.86306165353804,5.01780062548919,5.17878777967014,5.33293236032812,5.46856484006737,5.57857507641661,5.66060042039361,5.71487233969391,5.74228759274446,5.74725831156325,5.73636707226518,5.70912344943082,5.67145558942069,5.62425560051219,5.56896954162189,5.50572595580554,5.43601796370219,5.3608804288925,5.28149319147589,5.20049871903499,5.11980103267392,5.04362770947814,4.97589079126617,4.91984493767668,4.87816226515346,4.85097878884223,4.83628283565116,4.83152395576214,4.83345002111769,4.83942757776193,4.84783886866679,4.85734635129817,4.86717994161378,4.87684487451208,4.88610275984419,4.89483311053706,4.90296908455717,4.9105135265171,4.91749346332247,4.92389964119744,4.92981747504171,4.93526743745613,4.94028896065679,4.94492140752241,4.94920039365759,4.95315959764419,4.95682049230147,4.96021612949049,4.96336990950592,4.96630380539058,4.96903463044655,4.97158440407737,4.97396482055772,4.97618917262568,4.97827503738103,4.98022884424469,4.98206496320468,4.98378878647087,4.98541408913558,4.98694456435886,4.98838782785778,4.98975224039571
4.96608493906249,4.96365431138176,4.96106184781296,4.95829319831451,4.95533582840205,4.95216003916734,4.948744441962,4.94512087545669,4.94115464127825,4.93693182650798,4.93235879241386,4.92740541073417,4.92203648407485,4.91620739495602,4.909868904975,4.90296829789984,4.89539565545475,4.88737770692793,4.87812230020945,4.86821127535596,4.85733854114797,4.84534983882383,4.83219713513184,4.81768834559897,4.80174847600075,4.78431994719818,4.7653018446909,4.7446774619958,4.72269621260416,4.69971346308184,4.67640291713491,4.65405984887053,4.63484428045798,4.62154437978082,4.61864839726363,4.63089911607898,4.66369188552408,4.72099237928455,4.80318510009052,4.90765388005849,5.02724865891309,5.15250316794084,5.27384370952075,5.38344730627771,5.47530249754236,5.54651993225965,5.59678025018774,5.62651153840453,5.63759686396063,5.63298732726695,5.61543128801845,5.58658015082187,5.54818302173595,5.50216082704198,5.44910603653103,5.39006987453225,5.32661086165025,5.25986967601801,5.19219837902025,5.12540058215324,5.06251566967868,5.00577983736673,4.95823035855476,4.92097157709818,4.89409777247555,4.87676509802944,4.86765828293036,4.86452207835772,4.86571919772188,4.86962877085495,4.87537578537961,4.88201420425656,4.88906702734714,4.89620257831599,4.90317959279387,4.90989659783614,4.91627767900033,4.92229212944025,4.92792697678246,4.93318180952994,4.93808416464159,4.94265742266323,4.94690612509457,4.95086638278332,4.95455194882595,4.95798370032843,4.96118815704069,4.96417103966627,4.96696511414834,4.96957410167283,4.97201668903307,4.97430706209377,4.97645201828322,4.97847171600204,4.98036636017045,4.982152219158,4.98383413081726,4.98541905727888,4.98691770299631,4.98833126199075,4.9896715239529
4.965315382129,4.96288390075866,4.96029394320823,4.95753140233149,4.95458037805069,4.95141585886321,4.94804235220079,4.94443656681744,4.94053680180762,4.93632840210218,4.93183095801423,4.92697461475141,4.92172953489246,4.91605576453628,4.90991841258512,4.90325541555878,4.89617652214675,4.88809864936371,4.87960834096609,4.87027466775103,4.8601345500171,4.84907531085628,4.83705551526428,4.82400670190183,4.8098853715409,4.79473723076225,4.77856329738896,4.76152476145821,4.74396521863483,4.72627410840335,4.70960777409774,4.69482542171067,4.68420976903416,4.67985177821353,4.68485705957004,4.7024974297541,4.73595719934843,4.78702095096121,4.85588649029985,4.93984047506573,5.03470269366744,5.1333404426486,5.23022766619942,5.31930830715221,5.39575607909362,5.45710692774947,5.50227595838583,5.53155257809167,5.54529824732674,5.54546757590306,5.53381223408194,5.51219750965518,5.48158390447009,5.44352373482363,5.39923277593984,5.34980102449735,5.29641641043188,5.24043060825939,5.18370629756532,5.12800053827553,5.07536007909941,5.02771356406103,4.98515321559067,4.95325078193429,4.92758897731816,4.9094873953868,4.89797932226703,4.89164230410937,4.88937252154605,4.89004706092621,4.89267748004206,4.89665150034913,4.90141254748917,4.90658351695775,4.91192973316694,4.91728119996698,4.92249904527149,4.92756537339002,4.93238680376327,4.93697606636614,4.94129967934245,4.94537993126629,4.9492262791339,4.95283136345488,4.95621954088569,4.95939750619125,4.96237807707551,4.96517855264739,4.9678039041149,4.97027435560336,4.97259441234063,4.9747742797064,4.97682993811795,4.9787648409905,4.98059073552111,4.98231388205568,4.98394033411986,4.98547819994271,4.98693271068572,4.98831131970958,4.98961707517568
4.96468749790871,4.96226419735538,4.95968636150478,4.95694273548038,4.95401520456337,4.95088654683203,4.9475563121837,4.94398412659676,4.94016171994702,4.93606322004518,4.93166713409632,4.92694216917971,4.92185868652911,4.91638326850164,4.91049240684604,4.90411318357484,4.8973072428776,4.88970352401472,4.88179701169764,4.87315374440433,4.86382816698643,4.85375464673858,4.84295774066946,4.83141316817857,4.81913744041831,4.8061890123423,4.79273658104691,4.77900587489135,4.7653743497488,4.75241777203639,4.74099973921072,4.73222421117109,4.72771104479658,4.72918817013737,4.73895308066215,4.758951177537,4.79113295256293,4.83641764120704,4.89444383864035,4.9631451361127,5.03947478574031,5.11879545707201,5.19699506195476,5.26969307511578,5.33339906044788,5.38569582276243,5.42566062445045,5.45272969550023,5.46756180020662,5.47074683060577,5.46363189565135,5.44740950020531,5.42328448194838,5.39213872896082,5.35539824319457,5.31422619512982,5.26943267579822,5.22253637525767,5.17497724683297,5.12810736071044,5.08384365191374,5.04324093234406,5.00745720116153,4.97752733252355,4.95367077934781,4.93568539799122,4.92298642804871,4.91470094340452,4.91017026546089,4.90839246573673,4.90870687447743,4.910469729204,4.91328098164417,4.91677534555223,4.92064264694231,4.92473049352269,4.9288788237684,4.93300458045923,4.93705657735937,4.94097069684106,4.94473220286828,4.9483309066541,4.95175336454597,4.95500503561021,4.9580836189413,4.96099501953161,4.96374808438803,4.96634438887591,4.96880146912374,4.97111829585661,4.9733072895654,4.97537505344027,4.97732841694912,4.9791774638953,4.98092453323139,4.98258078939318,4.98414794221931,4.98563292795147,4.9870426102931,4.98837866961412,4.98965043422296
4.96415175804502,4.96175023624296,4.95919983419504,4.95649153093467,4.9536051542966,4.95053183102713,4.94726442360827,4.94376757393983,4.94003276508373,4.93605967777714,4.9317934962034,4.92723051700413,4.92234422834019,4.91710561684508,4.91150159444829,4.90546238568712,4.89908975606975,4.89197815232633,4.88457521820474,4.87663638947358,4.86815653752735,4.85911907048995,4.84955606455851,4.83951067846315,4.82900424666498,4.81817153512654,4.80726221866395,4.79643574817033,4.78620158102244,4.77713157929558,4.7699477942787,4.76572394464837,4.76555519381148,4.77086924764071,4.78320443435079,4.8038772978377,4.83394046017143,4.87387940636985,4.92297726932508,4.97998053655389,5.04224187051378,5.10692266177132,5.17060708328927,5.23052987722693,5.28360863263377,5.32828140233541,5.3630822821112,5.38778295907682,5.40247973150414,5.40745865447875,5.40346343624219,5.39144392900129,5.37246224755267,5.34719326486362,5.31693139919019,5.28259922259076,5.24517528826454,5.20592314222854,5.16596761022304,5.12644943941118,5.08874531896718,5.05394356068493,5.02294227454609,4.99625684415591,4.97421836567556,4.95685759262054,4.94374460842588,4.93443602122208,4.92836962458084,4.92485245908034,4.92338683420185,4.9234663085498,4.92468452223337,4.92670953767024,4.9292931399167,4.93224727842467,4.93539501587819,4.93867222489154,4.9419783906848,4.94524924910904,4.94845119711491,4.95155982627675,4.95457025049059,4.95745822821913,4.96022231075952,4.96286254067073,4.96537519990123,4.96776785874049,4.97004116230014,4.97219912393693,4.97424973503022,4.97619437274297,4.97804172470119,4.97979466989094,4.98145719097012,4.98303845208222,4.98453985730741,4.98596704406378,4.9873245653996,4.98861505104275,4.98984473595703
4.96380834726246,4.96143835046436,4.95892834270949,4.95626676591785,4.95343339570345,4.95043138965499,4.94723776841645,4.94383392500297,4.94022137902313,4.93637322146319,4.93226858769611,4.92789153748402,4.92322592549722,4.91824958707242,4.91296128042824,4.90728122209685,4.90137421447995,4.89479760134359,4.88804059706123,4.88080999716134,4.87319126592767,4.8651828258653,4.8568208979913,4.84817455037247,4.83934133815392,4.83046926154733,4.82175688432587,4.81352893845437,4.80617057338618,4.80023760136549,4.7963594409512,4.79535379942358,4.79820922144485,4.80585517433448,4.8194593265964,4.83974412059386,4.86741940511122,4.90246644017476,4.94444214498367,4.99204689811866,5.04361173071898,5.09677708532043,5.14931231893099,5.19895530141869,5.24346367557953,5.28145444574006,5.31176533202177,5.33391098962395,5.34776637815828,5.35364165012115,5.35191631696357,5.34316868334445,5.32822910656891,5.30794748334986,5.28314613537377,5.25460030546769,5.22338196467911,5.19049230461096,5.15686678337715,5.12342224885641,5.09130564509018,5.06133704414665,5.03424692496071,5.01049556559029,4.99032887655852,4.97383756564828,4.96087471288331,4.95110994732591,4.94411463986374,4.93942623966961,4.93667311393476,4.93543509040136,4.93536634771231,4.93618082018882,4.93765670825618,4.93961164078966,4.94187980202494,4.94436091973379,4.94696179412917,4.94962730468274,4.95229819891394,4.95494662487544,4.9575429126945,4.96007048333118,4.96252268590897,4.96488418589357,4.96715832153984,4.96933889606367,4.97142372795954,4.97341947489406,4.97532463437912,4.97714232907874,4.97887467576681,4.98052509109003,4.98210166961319,4.98360334648268,4.98503390092362,4.98639899837352,4.98770087161702,4.9889420875395,4.99012564768465
4.96350512629016,4.9611755428776,4.95871444357095,4.95611311688031,4.9533538688921,4.95042986916854,4.94732824475727,4.94403694009762,4.94055730802128,4.93685791694049,4.93293128352248,4.9287621229574,4.9243382371579,4.91964452083937,4.91468866168302,4.90941099540218,4.90391103898475,4.89781292345654,4.89179429998393,4.88531043664026,4.87853600188244,4.87152220950206,4.86430760981901,4.85699242329303,4.84969571908953,4.84254582510784,4.8357856327733,4.82975665477337,4.82476580655612,4.82130026892297,4.81991395068293,4.82125614562764,4.82608814249582,4.83508947655624,4.84903691976482,4.86838373288016,4.89352093372069,4.92433070372398,4.96030958174267,5.00055208796713,5.04357935030545,5.087905666722,5.13158358219475,5.17302069045174,5.21047088332749,5.2428509334385,5.26910042155197,5.28882571500744,5.30168383689297,5.30787429418931,5.30766262554617,5.30148689578258,5.28988417400205,5.27355651605669,5.25319047070598,5.22956000276483,5.20353662697426,5.17594816890194,5.14751787175798,5.11917825119491,5.0916915313283,5.0658325854855,5.04213805368464,5.0209674298777,5.00265718539351,4.9872807910358,4.97475435876382,4.96489151187422,4.95740578925813,4.95197083706778,4.94830877439126,4.94608152902929,4.94501955344167,4.94486466710529,4.94541122915563,4.94651585224373,4.94799929813223,4.94978273072707,4.9517546221229,4.95385281966987,4.95603431982162,4.95824061646276,4.96044249614361,4.96262643667904,4.96477083330561,4.96686618671479,4.96889986923559,4.97086816283008,4.97276856697474,4.97459623799136,4.97635590100471,4.97804196833337,4.9796585924819,4.9812083552308,4.98269072318095,4.98411147157886,4.98546929871554,4.98676916254373,4.98801252065382,4.98920158689889,4.99034013421439
4.96338658629245,4.9611103711899,4.95871625242375,4.95618225484422,4.95350427734339,4.95066981393342,4.94767738893827,4.94451484669111,4.94117518970646,4.93764391078139,4.93391177528542,4.92996816299613,4.92580355710186,4.92140920797702,4.91679242330365,4.91191954427272,4.90690481353486,4.90152100745255,4.89592054508205,4.89013953466022,4.88419467221522,4.87812248625011,4.87198854943504,4.86590358621355,4.85994714131822,4.85435704738864,4.8492872010503,4.84507151092891,4.84198270856734,4.84044863050445,4.84091260354614,4.8439178407853,4.85000804404466,4.85969144734644,4.87346011149016,4.8916387533081,4.91432524824773,4.94145535268195,4.97243629872871,5.00668291443243,5.04289695027886,5.08008733750149,5.11665368752122,5.15150456139226,5.18313931722722,5.21078643680625,5.23350149192816,5.25093757230527,5.26270678267289,5.26893812765817,5.26973662311789,5.26540971583191,5.2564644384394,5.24333663965813,5.22667700792164,5.20715842246802,5.18547476771137,5.1622738941046,5.13825486012429,5.11417906366289,5.09066797941846,5.06823546921679,5.0474632795484,5.02870491001683,5.01218076779054,4.99795305144581,4.98605134572117,4.97635966036274,4.96869118733755,4.96285334367322,4.95859016689851,4.95565092026585,4.95381913078764,4.95290598511434,4.95270891944376,4.95308846338225,4.95390986394939,4.955072830184,4.95647866846999,4.95807173007085,4.95978343531476,4.96158323056158,4.96341525287696,4.9652729776259,4.96711919738042,4.96894843606148,4.97074927920931,4.97250881941908,4.97422130209407,4.97588423825522,4.97749289589299,4.97904745224697,4.98054549076965,4.98199038712584,4.98337653006795,4.98471120992594,4.98599304160547,4.98722482453853,4.98840558461075,4.98953912622663,4.99062736705749
4.96353497901332,4.96132053483418,4.95898915500254,4.95652738047967,4.953939378732,4.95121027384332,4.94833782873454,4.94531227267022,4.94212468669628,4.93876967450295,4.93524060342758,4.93153049977129,4.92763297992498,4.92354466589541,4.91927517679486,4.91481673645875,4.91011029846388,4.90527750088797,4.90035296666814,4.89525821946794,4.89007771709273,4.88489867764831,4.87974498401669,4.87474176924388,4.87003125024965,4.86574630864651,4.86212951560446,4.85937789174259,4.857804826686,4.85774470284133,4.85955635692571,4.86367194982077,4.87047274677387,4.88034222097739,4.89360672340098,4.91042777756316,4.93086750767495,4.95471286637865,4.98159760834116,5.01084982718986,5.04163684367124,5.07305366579868,5.10398549537553,5.13340964305582,5.16030876295936,5.18395561860279,5.20362802046431,5.21898397492543,5.22965107339229,5.23569886906151,5.23713521078609,5.23426355497193,5.22736756832191,5.21691478850284,5.20333673585067,5.18721375804838,5.16912191938805,5.14959037712199,5.12928675197641,5.10878846349588,5.08860402569113,5.06918319154416,5.05098935340668,5.03434145484088,5.01943385773424,5.00638030824541,4.99519998682008,4.98586868749365,4.97826691409265,4.97223717178866,4.9676130871838,4.96418663698384,4.96181184839824,4.96030110723317,4.95951482616688,4.95929899674201,4.95955196030516,4.96018643935373,4.96110225751929,4.96223629451762,4.9635371084372,4.96495078229432,4.96644649595851,4.96799256341473,4.96956180991512,4.97114328837523,4.97271696978726,4.97427338879708,4.97580540202159,4.97730290653568,4.97876580889186,4.98018770922212,4.98156705155419,4.98290460431967,4.98419513927736,4.98544361714846,4.98664682490285,4.98780703673782,4.98892562861467,4.99000185606393,4.99103886294959
4.96376309066823,4.96162044094102,4.959345079824,4.95697754942837,4.95448658635193,4.951869891402,4.94912531939994,4.94624014490561,4.94321576742083,4.94004140143346,4.93672017829386,4.93324907781246,4.92962348161289,4.92584194453324,4.92191764548255,4.91785364515226,4.91366886772365,4.90938771349866,4.90498257898142,4.90053089030456,4.89607701123187,4.89167019671045,4.88741654819149,4.8833877996845,4.8797270166678,4.87659151875783,4.87413477418041,4.87258995985059,4.87219129067589,4.87326275351503,4.87603176755782,4.88087088573223,4.88803686854209,4.89781748485773,4.91039951454515,4.92588435267494,4.94424603502195,4.96529515497961,4.98865500887838,5.01386243372389,5.04013507999326,5.06689542005428,5.09312204190844,5.11816018079359,5.14111520330864,5.16145135615866,5.17848985017008,5.19200637177553,5.20162834530916,5.20739274343064,5.20925625867612,5.20744948939186,5.20221426153821,5.19385682321544,5.18281640467065,5.16948367313925,5.15435488405755,5.13794038685334,5.12075433540063,5.10326659178885,5.08589012417416,5.06905878982425,5.05312691109717,5.03835891800318,5.02496156089763,5.01302382472968,5.0026493039181,4.99379216088081,4.98638806806064,4.98034304585403,4.97552403393837,4.97179419768849,4.96902710504965,4.96707408539963,4.96580831388293,4.96512730569332,4.96491880316033,4.96509700064513,4.9655794655254,4.96631854017178,4.96724317010983,4.96831383989396,4.96949768373446,4.97075891146493,4.97206677442364,4.97340594478755,4.97476469077718,4.97612825451667,4.97748117423743,4.97882361302638,4.98014000847196,4.98143292558623,4.98269547312781,4.98392459734767,4.98512221459182,4.98628176443886,4.98740829114166,4.98849677625897,4.98955054757657,4.99056868071892,4.99155185891197
4.96396830750177,4.96187817625389,4.95975412636707,4.95742411393848,4.9550350679694,4.95253476998667,4.94992199691229,4.9471819795326,4.94432774459012,4.94134077991092,4.93822796059207,4.93499292632879,4.93163852121659,4.92816713924591,4.92458325331063,4.92091672954475,4.91707110063514,4.91344099792529,4.90948659964482,4.90563865278516,4.90184569506735,4.89816893796912,4.89470775636172,4.89152702542944,4.88877971435593,4.88657196273995,4.8850829162104,4.88450083513662,4.88501979674175,4.88689450425955,4.89031539341121,4.89557302713077,4.90282865253973,4.91231765087242,4.92411189077361,4.93829969853958,4.95476990672539,4.97338021893749,4.99378512359555,5.01558973055957,5.03820426319523,5.06109811645352,5.08355693422981,5.10497313529634,5.12468994609363,5.14221766361914,5.15705944681495,5.16896007008757,5.17762246820313,5.18304483938396,5.1851592801556,5.18415406520488,5.18017428487809,5.17354302323603,5.16452078012497,5.15352291590366,5.14090094664875,5.12709077458163,5.11252127455903,5.09755897589768,5.08258812325401,5.06798231044913,5.05402228825182,5.04093364701763,5.02889758962881,5.01806949707231,5.00848560034285,5.00015168997846,4.99304536570887,4.98709663779459,4.98222481292131,4.97833442868773,4.97530764549463,4.97303474890799,4.97141628958142,4.97036081026859,4.96977421756907,4.96957634105497,4.96969883684169,4.97008695022598,4.97068689607015,4.97145270899239,4.97234870070838,4.97334432973349,4.97441667099894,4.97553557390864,4.97669316011985,4.97787064810524,4.97905807746568,4.98024666233886,4.98142442708876,4.98259179335177,4.98373829093772,4.98486702648533,4.9859673838787,4.98704181013203,4.98809084498312,4.98910766041881,4.99009826426891,4.99105740797306,4.99198843794909
4.96413067326306,4.96212543656879,4.96003518443005,4.95785070196493,4.95556683782461,4.95318629391455,4.95070392338752,4.94812159917233,4.94543756426971,4.94264520218922,4.93975701403393,4.93675686501071,4.93366398584433,4.93049060540673,4.92724218338911,4.92395487348642,4.92052542791502,4.91721333232895,4.91386990868297,4.91056610427234,4.90738506062067,4.90436213440852,4.90160439413238,4.89918061079483,4.89718833526101,4.89577077973108,4.89507361892935,4.89524865711486,4.89646193536213,4.89891419679101,4.90276381094214,4.90821877499036,4.91540497896784,4.9244685548235,4.93546974917389,4.94839684957624,4.9632078849058,4.97966470517492,4.99757072378852,5.0165082990542,5.03606754240445,5.05577769087196,5.07508648594559,5.09349935874519,5.11048586150213,5.1256627734183,5.13858861232869,5.14908333420735,5.15686045648412,5.16190932847833,5.16417285618701,5.16375562406363,5.16080980685002,5.15553341097421,5.14821706835391,5.13911830480801,5.12859372096303,5.11696480794806,5.1045760577649,5.09176435536681,5.07886785996413,5.06618145009854,5.05394234333152,5.04234641314888,5.03157820651014,5.02176161969438,5.01295723223217,5.00518046412023,4.99842926557934,4.99267996478953,4.98786195506912,4.98390502879258,4.98073026855064,4.97824209854105,4.97636973257265,4.97502542438069,4.97413497668705,4.97363165268871,4.97345359093523,4.9735414042483,4.97385578038165,4.97435100224089,4.97499640459371,4.97575279565217,4.97660489436866,4.97752502422981,4.97849013095976,4.97949670213212,4.98052463374858,4.98156738712311,4.98261346529176,4.98365757297492,4.98469520732719,4.98571944542895,4.9867288172107,4.98771963039438,4.98868993197047,4.98963844794795,4.99056327360884,4.99146393738196,4.99234089168
4.96447555200542,4.9625477785293,4.96054464582606,4.95846169640205,4.95628912559817,4.95403004632976,4.95168646825851,4.94925318777861,4.94673590004607,4.94413566954104,4.9414566368586,4.93870302493323,4.93587463970082,4.93298223128345,4.93005625903522,4.92713449386245,4.92415835176886,4.92118876571664,4.91830477808128,4.91548627372168,4.91283791189834,4.91039363714025,4.90823393319674,4.90643349860763,4.90509806584013,4.90433012944227,4.9042575832006,4.90501313359127,4.9067356815485,4.909577795197,4.91367284490535,4.91916373743831,4.92615094285314,4.93472238576654,4.94490296973318,4.95667613637877,4.96995146927796,4.98457616982663,5.00029763705283,5.01685290545764,5.03382341807068,5.05088950084914,5.0675585034647,5.08347897035589,5.09817799357744,5.11136822023979,5.12267227111445,5.13193845120995,5.13892195592845,5.14360470138937,5.14591418114956,5.1459528185547,5.14379154601807,5.13964580320237,5.13368433248774,5.12617176972171,5.11735781160592,5.10754973952121,5.09702498435397,5.08605676546548,5.07493798010936,5.0639031491526,5.05316477172763,5.04290962714066,5.03329254577798,5.02442601454338,5.01635891724701,5.00915220933986,5.00281510520811,4.99731707147747,4.99262375564309,4.98868637811784,4.98544083497636,4.98282911593026,4.98077864227015,4.97922114896858,4.97809498135617,4.97734698122844,4.97691950263207,4.97676405870509,4.97683481771949,4.97709810769869,4.97751710253615,4.97806459206978,4.97871563534385,4.97945013998903,4.98024657378021,4.98108849340777,4.98196872841095,4.98287334629705,4.98379327739058,4.98472177939422,4.98565137512882,4.98657812497485,4.98749672047335,4.98840491816235,4.98929912566893,4.99017793719082,4.99103951901245,4.9918815547334,4.99270565450861
4.96498812084527,4.96314855306995,4.96123054327795,4.95924407836897,4.95718691909049,4.9550493060524,4.95283800001158,4.95056824441842,4.94821182223261,4.94579786085089,4.94332316933278,4.94079429546818,4.93822849282475,4.93560807026031,4.93298389902747,4.93038560982841,4.92766974113581,4.92519808225494,4.92273599212709,4.92037370378267,4.91820196365059,4.91626259476142,4.91462950901087,4.91336244245773,4.91257128570118,4.91232268275701,4.9127500736441,4.91394244873975,4.91603161175002,4.91912352370207,4.92333024227274,4.92875458989354,4.93545995557281,4.94351055464157,4.95289911512701,4.96359929231583,4.97552409866105,4.98851319911676,5.00239580233194,5.01687729491898,5.0317075158616,5.04652382165105,5.0610222276392,5.07481766744146,5.0876066883818,5.09910078302414,5.10901845991457,5.11721483232006,5.12348517335107,5.12780428726027,5.13011004713363,5.13045865535587,5.12893485734686,5.12566184851844,5.12083314085251,5.11461971160478,5.10726540755826,5.09898416383393,5.09004111876011,5.08064615431446,5.07104404526147,5.0614431084584,5.05201951518445,5.04295529755523,5.03437521092499,5.02637834818499,5.01902714741184,5.01238390595619,5.00646621553869,5.00125581186024,4.99673872215024,4.99287854545652,4.98963669553957,4.98696276700216,4.98479926531642,4.98309346346372,4.98179660395988,4.98085700192609,4.98022925903394,4.97986662154113,4.97973116492815,4.97979075854672,4.98001784727941,4.98037737298544,4.98085090519621,4.98141556146259,4.98205438053825,4.98275076278988,4.98349228191265,4.98426819036755,4.98506931651678,4.9858868565619,4.98671444177773,4.98754645503437,4.98837778553741,4.98920577694131,4.99002510806641,4.99083577217933,4.99163410950917,4.99241859570527,4.99318862476352
4.96556080855064,4.9638020212027,4.96197706905341,4.96009338692658,4.95814740915123,4.95613607932232,4.9540622313713,4.95193923468954,4.94977001696763,4.94751767334199,4.94524845068257,4.94293680001664,4.94060510800499,4.93826263668144,4.93590340057679,4.93365033208132,4.93130976163434,4.92913535920411,4.92705655090684,4.9251038263601,4.92336460118081,4.9218694004523,4.92067803884893,4.91986331358328,4.91951508178621,4.91968877199398,4.92050224943135,4.92202142064915,4.92436231722485,4.92759675115994,4.93182291967143,4.93709938893299,4.94348971292023,4.95100300417829,4.95965232343844,4.96936765595058,4.98009364168091,4.99166601141863,5.0039468663899,5.016691738129,5.02967544060911,5.04262694156831,5.05525434031908,5.0672947391433,5.07844849285341,5.08852317023875,5.09724378044864,5.10451672206859,5.11015312503292,5.11412991878385,5.11638942257026,5.11697559373091,5.11593932207144,5.11339964147109,5.10947964395055,5.10435737369146,5.09820660194398,5.09121615647165,5.08359652125372,5.07553308111432,5.06723485461024,5.05887177835063,5.05060974729266,5.04259676073876,5.03494809355283,5.02774564405832,5.02106840694517,5.01496873507719,5.00946849201976,5.00456264309489,5.00025423095579,4.99652059529769,4.99332827033851,4.99064118009825,4.98841997362563,4.98661867062921,4.98519681613726,4.98411083779102,4.98332079007019,4.98279375893536,4.98248858360725,4.98238070315664,4.98243453631432,4.98262980284666,4.98294805508299,4.98335884045354,4.98385563617208,4.98441883613061,4.98503128178567,4.98568977258751,4.98637761696234,4.98709250250602,4.98782292258739,4.98856518442246,4.98931431049989,4.99006338034985,4.99081348279167,4.99155784690443,4.99229373640677,4.99302193745248,4.99373907709778
4.96620249060072,4.96452563977149,4.96279434069344,4.96101368427564,4.95917708462663,4.95728809265764,4.95535021374724,4.95337289699165,4.95135499570122,4.94930143213115,4.94720853064785,4.94512060877866,4.94300299518503,4.94090979285859,4.93875063444501,4.93681534726068,4.93481188280951,4.93291310852668,4.93117984189594,4.92960452830648,4.92822184245627,4.92711351223045,4.92630801293703,4.92587201224547,4.92587810253359,4.92639297647244,4.92749372452487,4.92924836999558,4.93174571444324,4.93504209763633,4.93921203016792,4.94429770810738,4.95033416287846,4.95733272816603,4.96526845003751,4.97410737521249,4.98374993467639,4.99409314870347,5.00498632516572,5.01623855836278,5.02766292675418,5.03901668965048,5.05008842327443,5.06062416677552,5.07041711232043,5.07926546445909,5.08697888697009,5.09344621995985,5.0985260790981,5.10218718337644,5.10437655905023,5.10512716044376,5.10447805732455,5.10251476406023,5.09935157656075,5.09511576908509,5.08996798430574,5.08405775748319,5.07756290925804,5.07063612411451,5.06346786554486,5.05618186540327,5.04893679487636,5.04185041827844,5.03503184795257,5.02855954986939,5.02250811807663,5.01692566294216,5.01183045397574,5.00724486819718,5.00317079991004,4.99958912565256,4.99648222273433,4.99382489487498,4.99158575237408,4.98973131878201,4.98822524324607,4.9870327312345,4.98612042700301,4.98545976886664,4.98501828338096,4.9847648600442,4.98467955784403,4.98473374155312,4.98491166119145,4.98519225282995,4.98555948850641,4.98599912935114,4.98649919252871,4.98704582132092,4.98763291457493,4.98825017380082,4.98889061989766,4.98954881471592,4.99021749307842,4.99089565245816,4.9915756735604,4.99225642334908,4.99293480973227,4.99360812400463,4.99427506273227
4.96692301641844,4.9653289734043,4.96368651034877,4.96200254945787,4.96027819209954,4.95851118130994,4.95670635333815,4.95486691510367,4.95300251106308,4.95111702767066,4.94922097411321,4.94731620773918,4.94542640685193,4.94354867767767,4.94171739802004,4.94003977704013,4.9382558145028,4.93666836936747,4.93525828134017,4.93401939335683,4.93293105080374,4.93213729746364,4.93169182717335,4.93152426090881,4.93181786538712,4.93259344707036,4.93390829439088,4.9358356911896,4.93842437940141,4.94171906755307,4.94577978426327,4.95064381271241,4.95631708438225,4.96280826153079,4.97009119840551,4.97811311845125,4.98681151666578,4.99605449641041,5.00575869775423,5.01570851391459,5.0257963707314,5.03578881479252,5.04552162051843,5.0547754454166,5.06338690982597,5.07119494794132,5.07801979416962,5.08379127651481,5.08836785577701,5.09173365491541,5.09383686586941,5.09469719956541,5.09435075725863,5.09285928547339,5.09031629662304,5.08682873013906,5.08252166654127,5.07752695856385,5.07199511006339,5.06604578902876,5.05984105725994,5.05349507647139,5.04713673998815,5.04087491789896,5.03480108526676,5.02899296122765,5.02351934149225,5.01842358470296,5.01372663067057,5.00945997348202,5.00562923130487,5.00222106918848,4.99922802291259,4.99663239192343,4.99440972603954,4.99253402431012,4.99097994843539,4.9897167163945,4.98871709410436,4.98795262966251,4.98739833707646,4.98702973561862,4.98682248738041,4.98675886783471,4.98681539987851,4.98697746920215,4.98723202334346,4.98756178559044,4.98795524117356,4.98840496470612,4.98889586034624,4.98942429463962,4.98997991645637,4.99055805018191,4.99115360865598,4.99176039306142,4.99237584770072,4.99299581514267,4.99361675743364,4.99423773714699,4.99485455321518
4.9676791033974,4.96616564827156,4.96461707243866,4.96303073257081,4.96141072622302,4.95976155044953,4.95808621756264,4.95638646587756,4.95466345684968,4.9529395481714,4.95121652739844,4.94950482088537,4.94781176454157,4.94615835342598,4.94455293684888,4.94307679448227,4.94154513111349,4.94024547501214,4.93913466951037,4.93801669894553,4.93728423877078,4.93674440577119,4.93649608600256,4.93673889778938,4.93721054440098,4.93814628129175,4.93956312893201,4.94167100516338,4.94447954194929,4.94769738655399,4.95166464110328,4.95618112704519,4.96146563388357,4.96748181990069,4.97416101214336,4.98146497629783,4.98930679611942,4.99760892001578,5.00625743502056,5.01511950029989,5.02403924359656,5.03288691662317,5.04146442240758,5.04963451125857,5.05724038322011,5.0641510833678,5.07021979637838,5.07537956467756,5.07951986568135,5.08261526534426,5.08462232549509,5.08555973303478,5.08544328270805,5.08433492076548,5.08229920376705,5.07943083981502,5.07582769999862,5.07160598782786,5.06687999617026,5.06176685420292,5.05638987937691,5.05084966980017,5.04527540498115,5.03973451655225,5.03433060931453,5.02912624304647,5.02418189181255,5.01953570479609,5.01522362271646,5.01126996982212,5.00768313813451,5.00445748295565,5.00159733897986,4.99908534766665,4.99690505014976,4.99503787640562,4.9934621880828,4.99215613032577,4.9910932050199,4.99025193617541,4.98960902466275,4.98914476406492,4.98883975848842,4.98867343538488,4.98862945100803,4.98869089023922,4.9888452308817,4.9890771554425,4.98937812021577,4.98973581627112,4.99014097576192,4.9905871962775,4.99106450967541,4.99156934637358,4.99209585407528,4.99263753612444,4.99319062797562,4.9937536330265,4.99432004953878,4.99488890756703,4.9954596174325
4.96840806886338,4.96697772714274,4.96551562438652,4.96403062998957,4.96251551043418,4.9609783665977,4.95942642129383,4.95786149811649,4.95628465991611,4.95470828171983,4.95315710882756,4.95160972711176,4.95010734516797,4.94864892022943,4.94723943306321,4.9459208791365,4.94469618169447,4.9436030481076,4.94264962216433,4.9420011091707,4.9413758421729,4.94107123297813,4.94109891510212,4.94150088865117,4.94214357749921,4.9432351382568,4.94486552484749,4.94696264325506,4.94953175706555,4.95253919121292,4.95639367198146,4.96075215906426,4.96588439156849,4.97112702362941,4.97736793994797,4.98408554526833,4.99118215496091,4.99863846836968,5.00651462541045,5.01447175878365,5.0223376998492,5.03020387901128,5.0377806576333,5.04501870550712,5.05177686059102,5.05790918629658,5.06332169179748,5.06795317766569,5.07170444300623,5.07454790617732,5.07646316244878,5.07744141349816,5.07750469366413,5.076701057789,5.07508669367524,5.07272726352754,5.06971463656642,5.06614212947288,5.06210923993564,5.05770899058825,5.05305591244813,5.04822414551077,5.04332503939662,5.03843632451646,5.03361915351536,5.02895896618887,5.0244994921172,5.0202706098393,5.01631962380827,5.01266879460791,5.00932161528767,5.00628522095773,5.00356798048177,5.00115399405271,4.99903608455206,4.99719930676263,4.99562488267399,4.99429359133525,4.99318947759657,4.99229376094992,4.99158474324543,4.9910451909155,4.99066012551798,4.99040676559985,4.99027646230082,4.99024809063533,4.99031424240557,4.99045846507173,4.99067437178274,4.99095113967674,4.99127608987444,4.99164942573162,4.99205188165358,4.99248869896665,4.99294773922111,4.99342712032333,4.99392303601609,4.99442845746838,4.99494624735056,4.99546496249256,4.99598962379855
4.9691653754271,4.96781659726484,4.96644609191395,4.96505256210779,4.96364208520468,4.96221433167289,4.96077637283718,4.95933788895172,4.95789862825143,4.95647511566006,4.95506111354216,4.95368190385238,4.95234849408962,4.95106569903789,4.9498483049376,4.94871302289966,4.94770065657474,4.94680455766277,4.9460791041859,4.94546266221626,4.94521009186967,4.94511083172838,4.94530642542241,4.94582442405324,4.94669122022154,4.9478661720448,4.94952947508943,4.95169020085509,4.95420882430936,4.95726760270038,4.96104570668176,4.96495772764428,4.96960057761118,4.97472193377444,4.98035272839068,4.98634692151037,4.99264609025041,4.99945093253258,5.00632829049464,5.01335190251417,5.02047320852445,5.02742613685952,5.03426439943123,5.04047523873189,5.04648028070506,5.05208285862785,5.05690226803207,5.06110127176403,5.06456000008979,5.06721389312327,5.06900791669409,5.06998677624212,5.07020084963191,5.06963150850329,5.06836332423443,5.06643448427429,5.06393377335337,5.06090761334937,5.05746230786406,5.05368015452706,5.04963515029608,5.04542854641917,5.04112530527378,5.0367960084979,5.03251718693434,5.02834083354585,5.02431877010094,5.02048960991943,5.01687666266863,5.01351187818147,5.01039850611981,5.00756408285671,5.00499124559417,5.00268731998049,5.00064391150315,4.99885642656197,4.997301562924,4.99597438979126,4.99484859812276,4.9939156708993,4.99316061655671,4.99256523503417,4.99211548854783,4.99179674596807,4.99159090912797,4.99149322777453,4.99148412836998,4.99155621488613,4.99169929686375,4.99190248821732,4.99216026917257,4.99246116923809,4.9928028349381,4.99317603243702,4.99357699620001,4.99399993552195,4.99444082613179,4.99489786143984,4.99536374988892,4.99584067131691,4.99632111152696
4.96998739019268,4.96869175279736,4.96742708617427,4.96612162242083,4.96481119959482,4.96349134245756,4.96216702815479,4.9608441754684,4.95953183102751,4.95823778806505,4.95697176682836,4.95574066550322,4.9545626117492,4.95344162783936,4.9523938587004,4.9514367543652,4.95059178223766,4.9498939438737,4.94934583183479,4.9489894621216,4.94882300296581,4.94888299433298,4.94921532396273,4.94986199216612,4.95080643636283,4.95210052069846,4.9537811094757,4.9558847788542,4.95841366635817,4.96134331690459,4.96473841580218,4.96862621159951,4.97295169851706,4.97769738650572,4.98285051894342,4.98834478901303,4.99412915824468,5.00019563845019,5.00643405332925,5.01275568650253,5.01900684626732,5.02525418327218,5.03128433707642,5.03698110469434,5.04240129049064,5.04715337110559,5.05153560260156,5.05539105554374,5.05834532865789,5.06083018967808,5.06252447303937,5.06347810977,5.0638369699303,5.06359287745625,5.06248443894674,5.06093678092862,5.05887360574799,5.05611304290959,5.05317611303595,5.04998931203012,5.04655732912636,5.04289684396874,5.03911196009403,5.03528781545337,5.03147931553594,5.02774151718437,5.02411467372101,5.02060772726692,5.01734333307195,5.01425473300899,5.01137347524363,5.00872541700953,5.00631281641968,5.00412696825616,5.00217904565381,5.00045384609127,4.99892584826234,4.9976096492243,4.99647707582455,4.99553242119425,4.99474049105842,4.99410067368713,4.99359714195089,4.99323960750283,4.9929646289313,4.99280230649294,4.9927283500302,4.99273543462221,4.99281265120195,4.99295109057187,4.99314413488089,4.99338232309843,4.99366394468817,4.99397924536388,4.99432456524078,4.99469430982838,4.99508381778078,4.99549147192157,4.99591108438415,4.99634268431975,4.99678145741302
4.97081760392668,4.96962916394081,4.96843071755229,4.96720984041316,4.96598441761985,4.96476495291385,4.96354945558119,4.96234153857226,4.96115159196326,4.95998378228954,4.95884994837896,4.95775757197867,4.95671548067972,4.95574350915451,4.95483887682233,4.95405062780038,4.95336614889327,4.95281720418786,4.95243511667284,4.95222817593481,4.95220325984416,4.95240498360929,4.95285642739646,4.95359572834741,4.95461180022613,4.9559561983854,4.95765404398893,4.95970270030829,4.96216747219713,4.96498039016449,4.96821865027656,4.9718492156712,4.97585046696237,4.98023773323381,4.98495253207317,4.98996472476646,4.9952212426093,5.00070738357611,5.00633740406289,5.01199173658047,5.01767474114633,5.02321396249303,5.02864984768676,5.03372635906477,5.03856113059329,5.04289631667889,5.04686392882877,5.05025277381317,5.05294272237086,5.05528523835294,5.05693609272812,5.05781740090691,5.05828899754404,5.05797934633394,5.05739526330655,5.05611753240652,5.05419027100866,5.05218664751008,5.04964836302592,5.04698786675938,5.04389506781475,5.04065672199163,5.03738529097401,5.03400182991156,5.03052698117171,5.02718954506989,5.02390209140475,5.02078770777454,5.01775915185551,5.01492212975198,5.01227891558968,5.00981829064009,5.00755414913003,5.00548958226515,5.00362325787758,5.00196245599919,5.00048970726149,4.99919672307645,4.99807119716544,4.9971142099996,4.99631171365185,4.99563942674745,4.99510975173791,4.99468706161727,4.99437945050438,4.99416263573562,4.99403514501592,4.99398784573063,4.99400687427954,4.99409119239015,4.99422499438499,4.99441131408809,4.99463605354475,4.99489772395804,4.99519090325565,4.99550994767464,4.99585410024649,4.99621363691728,4.99659232235611,4.99697971066183,4.99738009347646
4.97163928230921,4.9705151322431,4.96941768164926,4.9682946043239,4.96713546310437,4.96600515144372,4.96488660115845,4.96378683842203,4.9627098317727,4.96166311580691,4.96065090984473,4.95967882708207,4.95876879201283,4.9579327268567,4.95716966419954,4.95651651150941,4.9559798862904,4.95557475757696,4.95531671024684,4.95523903987289,4.95534141869378,4.95565567528413,4.95620503454016,4.95700548159154,4.95807590123309,4.95944581281074,4.96113114429984,4.96313197092762,4.96550862716514,4.96821009315608,4.9712515794368,4.97465321375456,4.97836731522231,4.98240215703395,4.98674208448281,4.9913324469742,4.99612381347271,5.00106729195533,5.00628281989789,5.01127954631426,5.01632930173938,5.02133157726506,5.02614637724982,5.03076396982658,5.03508469093378,5.03902821767643,5.0425599849286,5.04563235244697,5.04821088618572,5.05026399198228,5.05180084549893,5.05280673908952,5.05326367367967,5.05309221767786,5.05264507278022,5.05161017471104,5.05012465729169,5.04832510504546,5.0461945150464,5.0437687100591,5.04113674882373,5.03831794056025,5.03540767700199,5.03242345174104,5.02940186510314,5.0264188638738,5.02349153710379,5.02068437021984,5.01791321127342,5.01539734129507,5.01297136194574,5.01060549680743,5.00851940973306,5.006588105279,5.00477434072923,5.00319598412977,5.00179023794316,5.00047091536189,4.99936923564077,4.99845785194699,4.99762369895362,4.99694698314991,4.99638634579974,4.99593718495215,4.99558922443189,4.99533469708994,4.99516349686399,4.99506887167662,4.99504247033235,4.99507695388831,4.99516610914903,4.99530206618356,4.99548048140392,4.99569735291308,4.9959442871201,4.99622083178302,4.99652159540489,4.99684139053632,4.99717873063616,4.99753163606339,4.99789455525496
4.97247843779435,4.97143093939296,4.97038118978472,4.96933619576691,4.96829117599455,4.96725191772466,4.96622516494558,4.9652273125302,4.96424916569003,4.96331104072061,4.96241118706569,4.96155431395741,4.96076513567692,4.96004447755107,4.95941526320214,4.95887776961335,4.95846791105367,4.95818165365209,4.95804274507725,4.95806662676552,4.95826742982932,4.95867292928128,4.9592985902403,4.96014556428513,4.96124921127161,4.96262382588134,4.96428648092636,4.9662375352859,4.96849707880863,4.97107222557493,4.97394150584622,4.97711383472266,4.98057312412131,4.9843146790111,4.98829151771678,4.99249016342591,4.99685463999972,5.00135066313515,5.00594537367492,5.01058500025138,5.0151403511598,5.01961125627323,5.02397073834962,5.02811032123591,5.03196783721224,5.03554591997651,5.03872539450659,5.04155117583984,5.04391892337321,5.04577000928077,5.04723316424062,5.04823158403321,5.04869486069798,5.0487954472621,5.0483007681422,5.04747867568648,5.04628956825478,5.0447628207158,5.04292734643715,5.04085408269207,5.03856177724799,5.03611432420118,5.03355141428124,5.03091132812205,5.028245577207,5.02558600961511,5.02293789850454,5.02037043978579,5.01785977197291,5.01551806804914,5.01325538775455,5.01114132394651,5.00918959083649,5.00733184600538,5.00570390873977,5.00417609507415,5.00282960839889,5.00164732655133,5.00053442645424,4.99959732048471,4.99882010781923,4.99813230283756,4.99756715024194,4.99706309835884,4.99669075955034,4.99638484156507,4.99619679963016,4.99606472603436,4.99598772393668,4.99598035949421,4.9960278466043,4.99612106177597,4.99625570365591,4.99643004054127,4.9966362040121,4.99687156983574,4.99713217150093,4.99741406102372,4.99771460080144,4.99803109775938,4.9983602606893
4.97335188880377,4.97236782971371,4.97139588824799,4.97042690454604,4.96947781526195,4.96849450639328,4.96756753481492,4.96666347809469,4.96578362896703,4.9649403328383,4.96414122381914,4.96339683263711,4.96271486415644,4.96210231181818,4.96157669113372,4.96115792375553,4.96085612652517,4.96066435860436,4.9606255402096,4.96074515075035,4.96102136283579,4.96149541893618,4.96217851230198,4.96306357431582,4.96418337288264,4.96555437759163,4.9671737753107,4.96905830814088,4.97122451353013,4.97364346083347,4.97634120993719,4.97932117373442,4.9825365738314,4.98598579015534,4.9896412296231,4.99347324779221,4.99746292603536,5.00154356880485,5.00571059698749,5.00988679507007,5.01404837616391,5.01808646905307,5.02199338435052,5.02574985451488,5.02923007697661,5.0324308859376,5.03536097723022,5.0379107400378,5.04010321952692,5.0419937453644,5.04323448790783,5.04413986119112,5.0446505188485,5.04477847475929,5.04447551223811,5.04384723539437,5.04286046254233,5.04157457731744,5.04001562568177,5.03822708960497,5.03623887610956,5.03409908967164,5.03183767273988,5.02951064529496,5.02713163420795,5.02475712175061,5.02237704886554,5.02006264498876,5.01774813270515,5.01567272789214,5.01356607780805,5.01159964285246,5.00976995045401,5.00806600630111,5.00650547534018,5.0050816427787,5.0037789419227,5.0025882137331,5.00156132374015,5.0006409544862,4.99984986446605,4.99917230228922,4.99855799866532,4.99806082648596,4.99766387138961,4.9973484761196,4.99710365409069,4.99694862496264,4.99686449368418,4.99680252855231,4.99681992387322,4.99686669780801,4.99695499793643,4.99712061301405,4.9972770772141,4.99749739731503,4.9976966405477,4.99795604061441,4.99821400473663,4.99849560056733,4.99879536150194
4.9742050407221,4.9732973738926,4.9723858065184,4.97149326007306,4.97060931280905,4.96973642953205,4.96887087469488,4.96804286974553,4.96726057680897,4.9665088711972,4.96580103138266,4.96515007022277,4.96456632670582,4.96405933262448,4.96363467674625,4.96330827578681,4.96309760795906,4.96300217718371,4.96304210776483,4.96323605429356,4.96358205288072,4.96410746664465,4.96482363306654,4.96573450186971,4.96686274169392,4.96821425289941,4.96978775930466,4.97160492298379,4.97366531500312,4.97596348692873,4.97850145156424,4.98126940299387,4.98425613782331,4.987442373803,4.99080575991484,4.99432241329625,4.99796990426509,5.00169846841839,5.00547702706957,5.00927025114673,5.01302034763968,5.01671393141212,5.02023210109111,5.02360955308187,5.02676815533235,5.02968855199547,5.03234604267585,5.03468543571891,5.0366779416043,5.03823693507901,5.0395781739277,5.04047312908871,5.04100085080641,5.04119202788323,5.04100594214909,5.04051603487113,5.03970410464775,5.03863079992259,5.03730089372372,5.03576333414995,5.03404288560268,5.03217330946656,5.03019951792126,5.02813914728918,5.02603619366209,5.0239051283289,5.02179413253363,5.01972110771428,5.01765267145176,5.01566115513653,5.01375731418378,5.01195988160264,5.01025662170725,5.00868330106262,5.00721815457948,5.00586239114416,5.00463265675336,5.00351694385144,5.00250330073189,5.00160680950031,5.00081589313945,5.00013142518548,4.99954262675123,4.99904643597956,4.99863280572925,4.99829404850961,4.99805576022267,4.99785850010733,4.99770134732166,4.99761739802463,4.99762547130791,4.99762998935877,4.99767814043737,4.99778560371187,4.99791015526383,4.9980889915502,4.99827062806196,4.99849617199702,4.99874063134004,4.99897478535901,4.999259772877
4.97506776296525,4.97421816536373,4.97337325584488,4.97254623066095,4.97173052100444,4.97094632393007,4.97014628078239,4.96940575566943,4.96870686479895,4.9680382825532,4.96741342485897,4.96685291215055,4.96635831843487,4.96593678549122,4.96559849607621,4.9653579300906,4.96522499747952,4.9652022730297,4.96531576666068,4.96557021460577,4.96596601011319,4.9665362006323,4.9672768706969,4.96819866042567,4.96932379174174,4.97064550469308,4.97217257741118,4.97391697746107,4.97587284304822,4.97803792847896,4.980422105648,4.98300773698887,4.98576889032064,4.98871523276594,4.99181415496407,4.99505294770306,4.99838424236597,5.00179280392791,5.00522458878433,5.00866824775658,5.01206860512852,5.01540384222075,5.01861901338367,5.02168287850365,5.02465754674471,5.0272907914296,5.02962565131281,5.03175094961986,5.0336000218921,5.03511382798422,5.03630357924818,5.0371932442464,5.03772863237865,5.03796244172469,5.03787044443042,5.03750322315874,5.0368494482908,5.03595593993623,5.03482879521168,5.03350693553355,5.03201025716931,5.03038265992393,5.02863975533911,5.02682152234325,5.02494665385694,5.02305340507266,5.02116658239429,5.01926114306679,5.01740464710155,5.01560024475385,5.01385529537471,5.01219683760403,5.01062789422529,5.00916548522454,5.00779249670309,5.00652025061919,5.00535146269574,5.00428117440006,5.00331862095907,5.00245515144734,5.00169026102602,5.00101341625551,5.00043506159279,4.99993668982992,4.99951879444237,4.99916640790713,4.99887380173177,4.99866451852295,4.99851708811063,4.99842266773932,4.9983533198374,4.99834688007789,4.9983817074837,4.99845956198022,4.99854229507908,4.99870193671833,4.99885309977825,4.99903998421422,4.99925643590009,4.99947634913435,4.99971082864769
4.97592948598756,4.97514236950806,4.97435623867986,4.97359113962809,4.97284520572923,4.97212445311031,4.97143623356711,4.9707385720053,4.97010342351616,4.96951105001877,4.96897190316639,4.96848559646518,4.96806522042959,4.96772618485377,4.96746861093013,4.96729443342655,4.96723214404172,4.96727873432659,4.96744256766931,4.96775238131437,4.96818837856183,4.96878395533528,4.96954216601066,4.97046556740374,4.97157322682944,4.97285784463184,4.97433224973785,4.97600418323759,4.97785810161976,4.979903192922,4.98213245747096,4.98454036801205,4.98711503369776,4.98984691850249,4.99269679599432,4.99566914306242,4.99872169069581,5.00183173435046,5.00497262826281,5.00809956193912,5.01120223861381,5.0142295009748,5.01715488934785,5.01995132995862,5.02256748083411,5.02500779968393,5.02718273108318,5.02913245133275,5.03081813079427,5.03222974278716,5.03336629531453,5.0342056957909,5.03475945687505,5.03502610939365,5.03500057777409,5.03473867248401,5.03421044275534,5.0334710993431,5.03251841761696,5.03138750282477,5.03010159587013,5.02868195130873,5.02716131031568,5.02555094882869,5.02388443207551,5.02220801614591,5.0205374948307,5.01880045302587,5.01710476809399,5.01546297906643,5.01387379990506,5.01235659291629,5.01090458306889,5.00954351038867,5.00826310798936,5.00707802624433,5.00597387014489,5.00495661671487,5.00403341405893,5.00320851821287,5.00246629647493,5.00180767774999,5.00123541897046,5.00074168259482,5.00031406705701,4.99994658600875,4.99966459635403,4.99943958282421,4.99925982976098,4.99913498620513,4.99906787416618,4.99903558327121,4.9990452249617,4.99909382027329,4.99917015411626,4.99927611744313,4.99940958717531,4.999566388298,4.99974414831824,4.99994875717961,5.0001597904082
4.97675815382179,4.97602741566928,4.97530118980794,4.97459636385034,4.97391025291387,4.97324748328039,4.97261126497746,4.97204217991716,4.97144420213553,4.97092050474714,4.97045043034762,4.97003897958007,4.96969016888327,4.96941579569068,4.96922584191422,4.96911965669619,4.96911264300836,4.96921284742382,4.96942807274226,4.96977270301374,4.97024237723419,4.97085983042671,4.97162259281358,4.97254318321891,4.97363114395493,4.97487649390783,4.97629801975561,4.97789138751969,4.97965188871772,4.98158233927804,4.98367479580434,4.98591824887833,4.98830861617032,4.99082760814799,4.99346510959904,4.99619097142283,4.99899290625887,5.00183482076585,5.00470431896698,5.00756668410929,5.01039255901898,5.01315735963625,5.01581580509157,5.01836465899103,5.02074093663858,5.0229745481595,5.02497988276404,5.02679189101714,5.02834581906953,5.02966267759002,5.03073253215907,5.0315393460782,5.03209575443848,5.03238967890947,5.03242749762308,5.03223994548028,5.0318214985266,5.03121208725996,5.030406922543,5.02943868207853,5.02832455974848,5.02708682489678,5.02575111862386,5.02433540097483,5.02285999029533,5.02133301376125,5.01988879580225,5.01829860691133,5.01678095585154,5.01528757159499,5.01383888963278,5.01244334334184,5.0111127076882,5.00984115051028,5.00865529390427,5.00754374557848,5.00651148756155,5.0055542950998,5.00467557852712,5.00388864487358,5.00317142762183,5.00253522782142,5.00197290065781,5.001480045333,5.00105303292924,5.00069691227617,5.00041782391778,5.00015984575304,4.99996451939108,4.99983537698276,4.99973988544701,4.99968666764029,4.9996762121855,4.99969536248181,4.99975076720154,4.99983554759682,4.99994700644983,5.00007874482279,5.0002300607289,5.0004092795285,5.00060306104571
4.97759813141596,4.976921240232,4.97624895233584,4.97560210847016,4.97497536806439,4.97437204787023,4.9737955100765,4.97326651967135,4.97276886238664,4.97229968252331,4.97189507994624,4.97154624897047,4.97126164798887,4.97105019809412,4.97091713016937,4.97086524068218,4.97091023942865,4.97105738052891,4.9713081314304,4.97168605138222,4.97217846533127,4.97280696495024,4.97357079777915,4.97447804912058,4.97553545655819,4.97674033264125,4.9781023762025,4.97961617021952,4.98128467497235,4.9831052821249,4.98506502883606,4.98716104199717,4.98938418484936,4.99171736978966,4.99414708471161,4.99666101368177,4.99922774224099,5.0018393159355,5.00446479659448,5.00708855319336,5.0096663300141,5.01219349033806,5.01461285619551,5.01694425052041,5.01912031282332,5.0211604910998,5.02299683070835,5.02467805258238,5.02611473597192,5.0273536945016,5.0283554863315,5.0291391847741,5.02968036935261,5.02998858053225,5.03009237008938,5.02997676593868,5.02965222608941,5.02915493683063,5.02848020432131,5.02765281331117,5.02669223764287,5.02561169880298,5.02444109813217,5.02319222365799,5.02189131180387,5.02057528366841,5.01920396063052,5.01779517969491,5.01642896742691,5.01507950878225,5.01375899522972,5.01248451723435,5.01125661287051,5.01008606124349,5.00898330027167,5.00793861190739,5.00696867124967,5.00610462608628,5.0052399425059,5.00449011664577,5.00380692905269,5.00319383846929,5.00264527467756,5.00216094094042,5.00174333339513,5.00138672933687,5.00108064107962,5.00082991920034,5.00062864163594,5.00047600374584,5.00036606886468,5.00029994090571,5.00027175881507,5.00027646782042,5.00031160129063,5.00037304028973,5.00046164054598,5.00059347307022,5.00071979497457,5.00086913469418,5.00104248465201
4.97849521006686,4.97786775815283,4.97724887459044,4.97665245502201,4.97607881021272,4.97552938718475,4.97501258428718,4.97453895822019,4.97411355754178,4.97368344700917,4.97334034299594,4.97305021474929,4.97282242170573,4.97265904635299,4.97257427617259,4.97257296587363,4.97265734066859,4.97284242762482,4.97312295117068,4.97352165031834,4.97402941136119,4.97466393742147,4.97542022785913,4.97631250124844,4.97733942166343,4.9785013806677,4.97980769990613,4.98124508900649,4.9828236141763,4.98453383199558,4.98636986810075,4.98832680243672,4.99038984688108,4.99255376736786,4.99480089082719,4.99711374197322,4.99948199372228,5.00187591419688,5.00428515709907,5.00667829255589,5.0090420427344,5.01134577875451,5.01357344315822,5.01569445977488,5.0176971612742,5.01955845770811,5.02126216404968,5.02279328698245,5.02414201980032,5.02528919844522,5.02624342888851,5.02698348365197,5.02752477224822,5.02784967824211,5.0279959352841,5.02793476075428,5.02769751373396,5.02729429557331,5.02672828179131,5.02602572621405,5.02520179289511,5.02426232314232,5.02323950469574,5.02213912506702,5.02098628694388,5.01980010131626,5.01856237647291,5.01732342765395,5.0160836793017,5.01486046169014,5.01365575761751,5.01249287016017,5.01136500779045,5.01028334067771,5.00926116978595,5.00829026109833,5.00738093495261,5.00654604764827,5.00575785591503,5.00503920452458,5.00438605492277,5.00379545800401,5.00326584637718,5.00279516114346,5.00238406527118,5.00202665056794,5.00172207088422,5.00146710081137,5.00126115996114,5.00109647783199,5.00097496454341,5.00089427483662,5.00085042381801,5.00083564050507,5.00085428896277,5.00090012785771,5.00097571985474,5.00106427180618,5.00118308453519,5.00131637991046,5.00146897866112
4.97937274856322,4.97878855546716,4.97822235540914,4.97767297384049,4.97714815737277,4.97665302971539,4.97618661124212,4.97576111218646,4.97537977282435,4.97503565404771,4.97471865152984,4.97447887914777,4.97430503283404,4.97418726136981,4.9741475870303,4.97418728999495,4.97430459661035,4.97452263361023,4.97482661400099,4.97524442606692,4.97576131702344,4.97639573835026,4.97714388799116,4.97801303762354,4.97900758476678,4.980122997076,4.98136866195006,4.98273398701566,4.98422892200979,4.98583669221124,4.98755892967984,4.98938792389852,4.99131018669383,4.99331765073572,4.99539744018976,4.99753549576934,4.9997123687708,5.00191776495159,5.00412643652665,5.00632325614216,5.00848963862879,5.01059801150049,5.01264106363301,5.01458761298464,5.0164270472653,5.0181410013377,5.0197112273448,5.02112761773774,5.0223786935523,5.02345461325179,5.02435342550926,5.02507574150612,5.02559680786319,5.02593828498938,5.02611376612176,5.02610030361029,5.0259311539053,5.02560978464303,5.02514033009627,5.02454582198119,5.02383735913984,5.02302377850743,5.02213119894174,5.02115916423746,5.0201559517005,5.01909170300414,5.01797408634404,5.01686124170553,5.01573989681133,5.01463299283586,5.01353514332936,5.01246864110701,5.0114370143734,5.01044152045113,5.00949234412005,5.00859045318701,5.00774094408923,5.00695213126605,5.00621504546065,5.00553471132771,5.00491373194127,5.00435022340024,5.0038376152707,5.00338057511392,5.00298036888882,5.00262592259451,5.00232328969672,5.00206924839953,5.00185554178525,5.00168404549762,5.00155652268556,5.00146421027795,5.00140435348332,5.00137604648844,5.00138131943595,5.0014092201667,5.00146565128908,5.00153942687078,5.00163711957713,5.00175253941136,5.00188894172874
4.98018918447448,4.97965218194016,4.97913193164448,4.97862865405626,4.97815261068222,4.97770357933999,4.97728841268564,4.97690603495378,4.97656647447344,4.97629337583624,4.97602292290418,4.97582077992096,4.97568163574747,4.97561045205633,4.9756049359965,4.97568148195209,4.97583044621079,4.97606774633243,4.97639647972298,4.97682172417582,4.9773465182224,4.97797605284429,4.97871175631014,4.97955982139541,4.9805197733712,4.98159245438443,4.98278081448694,4.98407827094351,4.98548826765927,4.98699924786921,4.98861419551897,4.99031743102111,4.99210682762904,4.99397287082475,4.99589888100148,4.99787704986076,4.99989012114029,5.00191873269649,5.0039539575807,5.00597366396276,5.00795985612991,5.00990379007351,5.01177382454876,5.0135685679173,5.01525779294585,5.01683927249467,5.01829034828008,5.01960358022258,5.02077144240321,5.02177671881388,5.02262736784681,5.02330936512559,5.02382870888426,5.02419091524162,5.02437725837633,5.02441403898366,5.02429726126031,5.02404964781325,5.02366553721565,5.0231632386738,5.02255617455107,5.02185533236814,5.02107172333048,5.0202253328741,5.0193271877729,5.01836607100055,5.01738528614438,5.01638578996931,5.01537592870103,5.01437479363528,5.01338064287562,5.0124020981414,5.01146163036384,5.01054305766503,5.00966720277856,5.00883105771185,5.0080390098193,5.00730105014403,5.00660550898389,5.00596422957722,5.00537453375304,5.00483782551221,5.00434869492635,5.00390717458212,5.00352015831674,5.00317347940192,5.00287520783428,5.00261808968218,5.00240364750793,5.00223085496459,5.00209473163822,5.00199226895617,5.00192393789734,5.00188451082174,5.00187431481956,5.00188997686193,5.00193051598816,5.00199083122147,5.00207215342588,5.00217396849261,5.00229366292037
4.98098929836124,4.9804908256384,4.98001441669235,4.97955134647711,4.97911977375708,4.97871360887576,4.97834069538088,4.97800306422722,4.97770354222691,4.9774413833518,4.97725242023339,4.9770887158162,4.97698703522314,4.97694913923404,4.97697851328875,4.97708129078672,4.97725605674543,4.97751457815635,4.97785687220698,4.97828877157393,4.97881510495396,4.97943592735367,4.98015641697876,4.98097741723222,4.98190125810831,4.98292808202447,4.98405838838535,4.98528964405626,4.98662136403941,4.98804430809463,4.98955860041736,4.99115314902003,4.99281987707725,4.99455388836383,4.99634155012848,4.99816809087604,5.0000260588911,5.00189922566769,5.00377131849974,5.00563252365434,5.00746313152358,5.0092477154497,5.01097398816818,5.01262199232973,5.01418182552471,5.01564048852619,5.01698569650256,5.01820686764782,5.01929742983323,5.02024363335034,5.02104984750188,5.02170089129787,5.02220962789231,5.0225632414577,5.02277533413055,5.02285104342007,5.02278557403217,5.02259392738081,5.02228489618152,5.02186286928285,5.02134687534026,5.02074131299689,5.02005749829324,5.01931245884166,5.01854311912845,5.01768254644808,5.01679706071066,5.01590139236657,5.01499250690955,5.01408689276565,5.01318776723951,5.01229455920297,5.01143468146496,5.01059261555399,5.0097844437009,5.00901091653469,5.00827442960735,5.00758479230102,5.00693380453652,5.00632958293374,5.00577238973974,5.00526139665172,5.00479692118053,5.00437340454169,5.00399621900307,5.00366320343597,5.00336210064301,5.00311292625822,5.00290061826122,5.00272576576201,5.00258549942955,5.00247581659938,5.00240008422384,5.00235000214104,5.00233155834832,5.00233509789395,5.00236166178472,5.00240917925882,5.00247811626721,5.00256707509723,5.00267255339757
4.98177642768955,4.98131837318906,4.98087907658167,4.98045671111646,4.98006587927443,4.97969875419887,4.97936842042975,4.97907087220268,4.9788102073969,4.97859340797319,4.97843219592362,4.97832425369179,4.97824222819431,4.97823247574366,4.97828770458013,4.97841211937464,4.97861074250487,4.97888128088986,4.97923380595191,4.9796678458781,4.98019053348108,4.98080152103183,4.9815032197904,4.98229881830368,4.98318681020162,4.98416970317327,4.98524427609897,4.98641085907025,4.98766373425435,4.98900225271283,4.99041771790785,4.99190669891702,4.99346803912769,4.99507825789739,4.99673826009101,4.99843460363302,5.00015182699088,5.00188360337164,5.00361426467265,5.00532687007678,5.00701519213251,5.00865818519498,5.01024851419661,5.01177126962595,5.01321067622653,5.01456038840446,5.01580614170106,5.01694202344148,5.01795680387104,5.01884901966211,5.0196051619086,5.02023719853463,5.02072706317249,5.02108736961451,5.02131457261919,5.02141660966278,5.0213953481181,5.02125402578314,5.02100874624956,5.02066026285808,5.02021896439189,5.01970022900458,5.01910614927462,5.01843428514995,5.01778325866895,5.0170164798491,5.01622273999133,5.01542469060576,5.01460545257884,5.01378389018635,5.01296951134627,5.01216046559533,5.01136861143212,5.01059959916173,5.00985281736632,5.00913986035064,5.00845619715416,5.00781363241185,5.00720627561151,5.00663948247043,5.00611382755037,5.00562819021069,5.00518692530127,5.00478198409399,5.00441955802738,5.00409517728997,5.00381880943891,5.00356369222548,5.00335461583126,5.00317660737783,5.00303354602786,5.00291914364751,5.00283711683654,5.00278097406389,5.00275254885958,5.00274670837307,5.00276023356959,5.00279838580498,5.0028568926285,5.00293065654929,5.00302433893229
4.98253753206112,4.98211299430221,4.98171153202463,4.98132843387259,4.98097143002204,4.98064092588595,4.98034671806183,4.98008388309553,4.97986115806747,4.9796800279531,4.97954260500938,4.97944864218733,4.97943790823969,4.97944391070168,4.9795173624663,4.97966203836926,4.97987740285473,4.98015792563574,4.98051990653505,4.98095157679415,4.98147126854492,4.98206703380624,4.98275002011901,4.98351611365954,4.98436794101013,4.98530752966322,4.98632916015843,4.98743552215569,4.98861922220064,4.98987866848922,4.99120769869031,4.99260148480873,4.99405141248117,4.99555292436069,4.99709159295994,4.99866424336011,5.00026019871011,5.00186123073616,5.00346112693499,5.00504852563407,5.00660267971457,5.0081245924075,5.00959236036438,5.01099735350755,5.01233266643658,5.01358034884564,5.0147387409164,5.0157945247741,5.01674547981794,5.01758106871095,5.01830249877248,5.01890177625874,5.01938427454369,5.0197412605616,5.01998116555069,5.02010687108398,5.02012136959166,5.02002492076149,5.01982937025436,5.01954519803592,5.01917449100767,5.01872691589265,5.01821413037759,5.0176556129742,5.01705465237549,5.01636527479736,5.0156655745499,5.01495073799431,5.01421918350251,5.01347560748814,5.01273742400356,5.01200292778134,5.01127925124717,5.01057423444162,5.0098893764679,5.00923093286476,5.00859804348565,5.00800075038298,5.00743383258453,5.00690354567447,5.00640948740731,5.0059507276163,5.00553094677611,5.00514794314606,5.0048004386894,5.00449449482464,5.00421775976604,5.00397355159217,5.00376636646586,5.00358982389574,5.00344615122222,5.00332915919747,5.0032427551244,5.00318050266788,5.00314445511573,5.00312955391058,5.0031360315502,5.00316494764697,5.00321256576987,5.00327622987095,5.00335663987214
4.98327315353406,4.98288401274815,4.98251453528765,4.98216878123652,4.98184367480935,4.98154975875687,4.98128732073816,4.98106043762265,4.98086966375693,4.98071921252909,4.9806133783501,4.98055138841037,4.98054522240202,4.98058639429477,4.98068324146642,4.98083966529768,4.98106725903558,4.98135870270768,4.98172135328858,4.9821531586448,4.9826632588566,4.98324634242367,4.98390835330849,4.98464718897891,4.98546461962223,4.98635970103636,4.98732932574912,4.9883750669893,4.9894889439168,4.99067691479963,4.99192293850382,4.99322921446307,4.99458480924,4.99598267646009,4.99741811272595,4.9988767627365,5.000353664868,5.00183786881678,5.00331785897736,5.00478494894326,5.00622973931133,5.00763291782753,5.0089936266294,5.01029605798901,5.01152927089512,5.01269323622001,5.01376622105529,5.01475496597152,5.01564194210483,5.01643214196698,5.01711299708636,5.01768849689376,5.01815278070141,5.01851069982938,5.01875841175664,5.01890345694582,5.01894620353037,5.01889162305236,5.01874536027205,5.01851185500088,5.01820598661166,5.0178212227979,5.01737279742437,5.01687835194273,5.01636367189988,5.01575549394562,5.01513580251781,5.01449368985757,5.01383997294359,5.01317125262476,5.01250291020826,5.01183570553501,5.01117844212679,5.01053114745696,5.00990431751617,5.00929717569155,5.00871339970073,5.00815877417646,5.0076317364229,5.00713616856526,5.00667286393913,5.00624041780258,5.00584343731644,5.0054806547241,5.00514954831383,5.0048505013977,5.00458603328407,5.0043499190928,5.00414855167371,5.00397479998956,5.0038314058179,5.00371444916859,5.0036256458721,5.00355910772998,5.00351676739342,5.00349432163563,5.00349478132424,5.00351563592159,5.00355299393536,5.00360857491931,5.00367859350278
4.98401550490161,4.98365694171346,4.98331899161748,4.98300346614086,4.98271098191284,4.982447655939,4.98221345869754,4.98201735859504,4.98185504101644,4.98173193840527,4.98165065357681,4.98161718412109,4.98163256691887,4.98170197053393,4.98179394718697,4.98197086701021,4.98221462309714,4.9825113938205,4.98287310147141,4.98330086197998,4.9838008016026,4.98436791770875,4.98500758531078,4.98571789280287,4.98650081942556,4.98735434461925,4.98827643722936,4.98926606233316,4.99031868546465,4.99143231664058,4.992601743122,4.99382188616017,4.99508727432014,4.99639406698266,4.99772867106068,4.99908810894905,5.00046001989916,5.0018365993394,5.00321156222277,5.0045663276606,5.00590165598592,5.00720530575914,5.00846508252427,5.00967371661679,5.0108227092835,5.01189621572001,5.01290457648048,5.01382098448373,5.0146586990301,5.01540193870987,5.01604668401537,5.01659865136309,5.01704787107717,5.01740047852196,5.01765567588571,5.01781256387938,5.01788071981677,5.01785874477755,5.01775414880514,5.01757001235344,5.01731308406032,5.01699242714462,5.01661731426429,5.0161918663063,5.01570565073521,5.01519019812702,5.01464411729025,5.01406834997581,5.01348210332637,5.01288318039643,5.0122774969202,5.01167378905516,5.01107503804463,5.01048527464236,5.00990828290383,5.00935329309938,5.00881329526212,5.00830007627894,5.00781049354757,5.00734769456932,5.00691461675802,5.00650900580783,5.00613439120468,5.00578900103692,5.00547658483259,5.00519024105251,5.00493585025564,5.00470870990207,5.00451279841453,5.00434263785982,5.0042008611931,5.00408518028345,5.00399212258963,5.00392400411803,5.00387332207736,5.00384902704835,5.00384515900207,5.0038555509293,5.00388731631684,5.00393324121239,5.00399474926573
4.98477011933457,4.98444067400922,4.98413072086141,4.98384636785676,4.98358246807276,4.98334696242621,4.98314031210686,4.98297038317941,4.98283315816581,4.98273406207687,4.98267505121946,4.9826597820028,4.98269097764122,4.9827961888901,4.98289155917041,4.98307389780203,4.98332019678719,4.9836206399931,4.98398162789756,4.98440671063966,4.98489070336276,4.98544169647034,4.98606080838842,4.98674109295146,4.98748878833008,4.988300524574,4.98917422022244,4.99011266191897,4.9911054183313,4.9921547850978,4.99325319183737,4.99439654199746,4.99558069132458,4.99679619006386,4.99804064870697,4.99930331316094,5.00058036109362,5.00186145376434,5.00313438047963,5.00439915032251,5.00563396743824,5.00684387972018,5.008012062139,5.00913423089963,5.010201550667,5.01120948201535,5.01214356587106,5.01300791012953,5.01379006148507,5.01449092385397,5.01510445040722,5.01562954983561,5.01606453822875,5.01641441565853,5.01667148985566,5.01684281220486,5.01692663660061,5.01693812272586,5.01684126613728,5.01669513699681,5.01650473470567,5.01624742348031,5.01591092036739,5.01555584529572,5.01513462325257,5.01467275630844,5.01418871139111,5.01367875300062,5.01315232235212,5.0126136112051,5.01206877004389,5.01151992244304,5.01097427394166,5.01043847517619,5.00990835802899,5.00939921788731,5.00890076281195,5.0084257584653,5.00797289681018,5.00754132882274,5.00713619581242,5.00675587575187,5.00640475714478,5.00607731154731,5.00578132989175,5.00550886824495,5.00526569878229,5.0050479840424,5.00485824754305,5.00469262191552,5.00455454549396,5.0044372352878,5.00434500795228,5.00427284724776,5.00422014004944,5.00419180405563,5.00418065675123,5.00418706108665,5.00421009337251,5.00425004824071,5.00430312039105
4.98550513352179,4.98520135860599,4.98491883724753,4.98466087460698,4.98442216476083,4.98421098903872,4.98403049651764,4.98388485981462,4.98377070619877,4.98369357468827,4.98365495392673,4.98365855343344,4.98371041365632,4.98380051585975,4.98393530014218,4.98412527750665,4.9843666508411,4.98467396657187,4.98502902294622,4.98544208311598,4.98591275226907,4.98644656805974,4.9870449432549,4.98769665723054,4.98841213187793,4.98918558259817,4.99001419102782,4.99090112695186,4.99183564920096,4.99282279426826,4.99385513486599,4.99492779653429,4.9960369230772,4.99717445332977,4.99833457447429,4.99951207650987,5.00069812018373,5.00188823864038,5.003074975039,5.00424694813163,5.00540062887298,5.00652203759145,5.00760935991439,5.00865380406469,5.00964712930165,5.01058534979424,5.01146298671432,5.01227095836273,5.01300844121655,5.01366882833195,5.01425169820772,5.01475638052727,5.0151731949403,5.01551850805853,5.01576657225149,5.01596246989839,5.01605998407582,5.01609668078517,5.01605588734643,5.01594747070823,5.01577805017527,5.01555478351739,5.01526259908673,5.0149596596429,5.01459701705521,5.01419231657842,5.01376117136436,5.01330865653277,5.01283673101661,5.0123522084448,5.01186051178581,5.01136476382869,5.01086717108569,5.01038018921986,5.00989542248146,5.00942618572008,5.00897063936546,5.00852963239889,5.00811024712927,5.00770946163311,5.00733236632077,5.00697550171995,5.00664599118876,5.00633778218447,5.00605753426862,5.00579928238258,5.00556822222971,5.00535947835277,5.00517717180257,5.00501663175658,5.00488148219294,5.0047672950462,5.00467363018715,5.00459944833177,5.00454769688671,5.0045149975154,5.00449899125069,5.00450108592147,5.00451860509023,5.0045506527217,5.00459735062184
4.98616825396617,4.98589081859147,4.98563241455041,4.98539841304274,4.9851876182989,4.98500028470234,4.98484336696656,4.98471645051222,4.9846244084617,4.9845661302466,4.98454542201348,4.98456447503572,4.9846315177942,4.98473719234536,4.98489099303442,4.98507545244949,4.98530530582187,4.9856260656883,4.98597621861951,4.98638338910429,4.98684032455866,4.9873590896803,4.98793261495083,4.98855801664638,4.98924219528101,4.98997793663313,4.99076527484662,4.99160493838905,4.99249007113595,4.99341808382913,4.99438861808696,4.99539182107923,4.99643194675249,4.99749511210756,4.9985815739856,4.99967993441213,5.00078723703292,5.00189517668438,5.00299767707202,5.00408944235689,5.00516151638345,5.00620958862802,5.00722138685568,5.00819441864457,5.00912322409778,5.00999876631973,5.01081717621748,5.01157765622285,5.01226612033186,5.01289392989709,5.01345580317559,5.01392028457165,5.01433239800794,5.01468037839385,5.01494258763329,5.01512872583173,5.01525072641486,5.01530346362731,5.01528763844046,5.01520698379427,5.01507447178161,5.01489383010694,5.01466316543951,5.01438722926919,5.01408068805563,5.0137197600135,5.01333718462881,5.01293627028381,5.01251754465699,5.01208267297387,5.01163918217031,5.01119383574563,5.01074314961379,5.01029950337579,5.00985910152118,5.00942761112044,5.0090108347362,5.00860436026616,5.00821689140631,5.00784514211494,5.00749484042927,5.00716241105867,5.0068542143356,5.0065650528497,5.00630068712918,5.00605695195325,5.00583754248599,5.00563919202384,5.00546385618231,5.00531017346484,5.00517964399764,5.0050669310327,5.00497350090448,5.00490141506773,5.00484943812539,5.00481225755088,5.00479466987355,5.00479208474801,5.00480540540307,5.00483282979996,5.00487362912777
4.98678774031664,4.98653347487121,4.98629899527129,4.98608558511781,4.98589893022842,4.98573311948658,4.98559669613777,4.98548988594011,4.9854172140621,4.98537672781019,4.98537222304916,4.98540515282586,4.98547945463891,4.98559562726333,4.98576373130359,4.98593148003328,4.98619896508084,4.98649704725129,4.98684672147004,4.98724130771495,4.98768793583283,4.98818836062334,4.98873908908021,4.98934054860431,4.98999211616736,4.99069121256503,4.9914382764732,4.99223291760135,4.9930690472698,4.99394590943737,4.99485803765907,4.99580286971694,4.99677389078941,4.99776917488671,4.9987832804208,4.99981060520766,5.00084541685437,5.00187939204338,5.00290795981437,5.00392358166056,5.00492103974841,5.00589652433303,5.00683991301982,5.00774650287002,5.00862540559619,5.00944026124473,5.01020252361779,5.01092211486535,5.01157311856934,5.0121629141542,5.01270260789213,5.01316702915208,5.01355951263257,5.01388727804593,5.01415163952586,5.01434743455776,5.01447725290567,5.01454518332146,5.0145563880841,5.0145044152944,5.01440270224843,5.01425182450046,5.01405834656504,5.01380670060926,5.0135816251714,5.01325345981221,5.01291999292695,5.01256554729431,5.01219315152544,5.01180744991464,5.01140918777912,5.01100969344799,5.01060217828379,5.01019943794849,5.00979982259538,5.00940622915357,5.00902397410136,5.00865259403188,5.00829401826878,5.00795107418187,5.0076264627808,5.00731783080848,5.00703007509577,5.00676006680067,5.00651217976611,5.00628288846712,5.00607545919579,5.00588753813574,5.00572177184983,5.00557501933572,5.00544783197313,5.0053393626177,5.00524715171956,5.00517825427831,5.00512516754746,5.0050878098942,5.00506758161005,5.00506266732921,5.0050716239117,5.00509506750616,5.00513071287961
4.98742168637421,4.98718924152419,4.98697535888667,4.98678255819889,4.98661590238231,4.98647025713766,4.98635214010826,4.98626066121566,4.98620499737802,4.98617892163877,4.98618823096626,4.98623254950234,4.98631572270341,4.9864395884582,4.98660312347827,4.98681364617955,4.98704235851859,4.98734552879233,4.98770411783378,4.98807738540317,4.9885084404808,4.98898697800025,4.98951574545545,4.99009243534296,4.99071331482181,4.99137931825769,4.99208751951227,4.99283718092553,4.9936252800304,4.9944519022298,4.99531049219695,4.99619884894595,4.99711079778273,4.99804304611288,4.9989917224316,4.99994899914045,5.00091684362172,5.00188158956163,5.00284097039197,5.00379321106773,5.0047251394437,5.00562856669992,5.0065019561616,5.00737248153265,5.00817355613343,5.00893548537713,5.00965947319724,5.01033441236497,5.01095794861083,5.01152026762625,5.01202410940633,5.01246987431208,5.01285275352451,5.01317558316115,5.01343570554698,5.01363546333508,5.01377474978225,5.01385856872076,5.01388739786434,5.01386119289893,5.01378611008688,5.01366690671182,5.01350861687401,5.01331495316955,5.01308737420244,5.01281678889791,5.0125291589717,5.01221635098631,5.01188560082232,5.01154452012993,5.0111877989871,5.01082766532906,5.01046216018866,5.0100969380206,5.00973478864572,5.00937592175432,5.00902589609896,5.00868615202491,5.00835658959604,5.00804041098112,5.00773976851428,5.0074540333164,5.00718630039166,5.00693479174861,5.00670249823649,5.00648758658263,5.00629239820039,5.00611518277255,5.00595756629018,5.00581789171441,5.00569553424214,5.00559002563064,5.00550473835552,5.00543618067289,5.00538169902592,5.00534477555834,5.00532242842239,5.00531619808569,5.00532142157199,5.0053425225995,5.00537380824051
4.98808595083609,4.98787099740823,4.98767572946156,4.98750206316836,4.9873539427128,4.98722764256753,4.98712273527373,4.98704806363471,4.98700569061109,4.98699313987501,4.98701209782123,4.98706595467413,4.98715570679098,4.98728390211808,4.98744800365263,4.9876531829252,4.98790348718785,4.98819051655825,4.9885228115487,4.98890227487131,4.98931862460248,4.98977235183314,4.99028201333086,4.99083277666848,4.99142601085864,4.99205764695802,4.99272978291208,4.99344077168537,4.99418467871171,4.99496115101303,4.99576885836789,4.99660188077437,4.99745967418148,4.99833414380823,4.99922022036328,5.00012026896382,5.00101516482822,5.00192164235016,5.0028221705685,5.00370777035301,5.00457918040051,5.00542310921198,5.00625121597942,5.00705202817432,5.0078090143918,5.00852902197573,5.00921156311836,5.00984532066096,5.01043010030045,5.01096434752834,5.01144074556446,5.01186666389491,5.01223385783049,5.0125496198719,5.01280690118518,5.01300974492288,5.01315875253438,5.01325234768888,5.01329695859365,5.01329306520813,5.01324166570615,5.0131495502008,5.01301676382402,5.01284244679629,5.01265893141069,5.01242869842485,5.01217639984943,5.01190204239442,5.01160948674285,5.01130549886888,5.01098642092205,5.01066273686755,5.01033399452177,5.01000251388174,5.00967439469729,5.00934726229293,5.00902867219416,5.00871555373668,5.00841509378958,5.00812289712148,5.00784505931366,5.00758030595475,5.00733139105716,5.00709726734791,5.00688020374901,5.0066785043837,5.00649551024278,5.0063284970425,5.00618016146904,5.0060454173852,5.00592879491226,5.00582858847168,5.00574634066697,5.00567837693478,5.00562652233977,5.00559002340295,5.00556633877683,5.00555781035874,5.00556141420485,5.00557900168313,5.00560670906974
4.98871963075283,4.98852308369012,4.98834606358284,4.98818860975427,4.98805378213171,4.9879435529896,4.98785284804976,4.98779382481748,4.9877641743116,4.98776328419307,4.98779280595505,4.98785454564358,4.98795082536818,4.98808148769437,4.98825105568584,4.98845235317135,4.98869606311628,4.98898223911679,4.98930886332148,4.98967388336608,4.99008388520918,4.99052360376294,4.99100245146184,4.99152695638523,4.99209090558381,4.99269166837089,4.99332994562587,4.99400390039723,4.99470632430285,4.99544009220744,4.99620051765328,4.99698342707941,4.99778423161929,4.99860719629452,4.99942939322158,5.00027617283507,5.00112127216765,5.00197554021706,5.00281290471463,5.00364076302325,5.0044551050331,5.00525248739262,5.00602405752708,5.00676799364173,5.00748243900847,5.00816096761194,5.0088017463806,5.00939902054634,5.00995045517171,5.01045788338108,5.01091304901674,5.01132069742324,5.01167704296074,5.01198302793701,5.01223853864166,5.01244217607243,5.01259613694587,5.01270129046739,5.01276078741882,5.01277470519907,5.01274543005395,5.0126765792706,5.0125730854782,5.01244183201344,5.01227246521177,5.01208544975788,5.01185308195966,5.01161200810587,5.01135209403355,5.01108084601913,5.01079805062473,5.01050623488705,5.01021133125246,5.00991187131663,5.00961423590799,5.00931716074003,5.00902582802888,5.00873999662306,5.00846402283712,5.00819596313869,5.00793886434727,5.00769337273341,5.00746337568657,5.00724530403058,5.00704344367486,5.00685530681964,5.00668407065587,5.00652670402743,5.00638537619277,5.00625856506181,5.00614657920161,5.0060526201246,5.00597230271472,5.00590759439117,5.00585681579071,5.00582044675306,5.00579663320756,5.00578765639006,5.00579093462554,5.00580523113325,5.00583049528556
