4.9468316978447,4.94623192142714,4.94567087841329,4.94514921321586,4.94467331215508,4.94425000611343,4.94387269725185,4.94356310657571,4.94331199794825,4.94312208679405,4.9429993516614,4.942915712298,4.942872471501,4.94291374868365,4.94306609105336,4.94333553418185,4.94368688940981,4.94413213562012,4.94466542453422,4.94530342770331,4.94606739503692,4.94695052217705,4.94796523057651,4.94910762955373,4.95037004682643,4.95176670433505,4.95329975913321,4.95496901632513,4.95677726220716,4.95872707223515,4.96081969883885,4.96305640426151,4.96544079863724,4.96797607260077,4.97066029308171,4.9735088395887,4.97650392706477,4.97966992514809,4.98295314438578,4.9863051348282,4.98979542733761,4.99340751623208,4.99709979017856,5.00087918574118,5.00470898007993,5.0085862120344,5.01253977913879,5.01653287506761,5.02055765244454,5.02461256541143,5.02868420721834,5.03275709825486,5.03682987208452,5.04089301653919,5.04492809413924,5.04892903648944,5.05289065850615,5.05679202980383,5.06062411759633,5.0643921222115,5.06806620891566,5.07163380667913,5.0751060586837,5.07847464490978,5.08173347202627,5.08485969812098,5.08786344317906,5.09071272565199,5.09343220046169,5.09600083276065,5.09842625889654,5.10071608091245,5.10285122127076,5.10484710880082,5.10669028327511,5.10838348626604,5.10991544750429,5.11129695810874,5.11249899289054,5.11353603616146,5.11437251738585,5.11501197755581,5.11542414854685,5.11561684078582,5.11557216837367,5.11529287437035,5.11476157312083,5.11399070244438,5.11297051967089,5.11169403246186,5.11018677507855,5.10852037117775,5.10675983230242,5.10459205532625,5.10209204623002,5.09934383582549,5.09635172082019,5.09313056323595,5.08980322567955,5.08630595338692,5.0826381184325
4.94526514222256,4.94462822412494,4.94402709247508,4.94346362682629,4.94294869703429,4.94247734308904,4.94206146508799,4.9417151185895,4.94143881115144,4.94124442706435,4.94108506524519,4.94098901186211,4.94092209966343,4.94095113528855,4.94109039275974,4.94132376401251,4.94165344793601,4.94206728642889,4.94257897224713,4.94321334595282,4.94396165296421,4.94482934965935,4.94583735366441,4.94697703384605,4.94823843585633,4.94964540767979,4.95119847357028,4.95288977282238,4.95473258883426,4.9567292364787,4.95887204226352,4.96117144460192,4.96362892743618,4.96624180447901,4.9690156149448,4.9719608317474,4.97505052273676,4.97827626018466,4.98172381119766,4.9852169141375,4.98883771894185,4.99257823593172,4.99641909525965,5.00032684318682,5.00433071911375,5.00838015985951,5.01249226328783,5.01666368935398,5.02087008420114,5.0250987234501,5.02934289606395,5.03360808855438,5.03784795750647,5.04209259664688,5.04630792604203,5.05046645353143,5.05460657839826,5.05867214955384,5.06267402318538,5.06660873458264,5.07043780248565,5.07419911109671,5.07783181907712,5.08134528940364,5.08477607962112,5.08804455776891,5.09116692276019,5.09418521703747,5.0970356284394,5.09972582508566,5.10227425812029,5.10465957513698,5.10691388875775,5.1090066747321,5.11093063237562,5.11273570136951,5.11435564124459,5.11581690047283,5.11712629178332,5.11826969568048,5.11919879354102,5.11993408248332,5.12043958286308,5.12071917390128,5.12075824459902,5.12052746590232,5.12005904158627,5.11935508652456,5.11838691464133,5.11725731338851,5.11592669699781,5.114439349613,5.11263829357676,5.11040801668848,5.10789935565186,5.10516274926251,5.10219229651594,5.09910235734815,5.0957589279564,5.09226955499053,5.08853865543673
4.94366958533881,4.94298425176138,4.94233096831779,4.94171816822144,4.94116138244474,4.9406291893699,4.94016115878152,4.93976374818584,4.93942593690611,4.93918907053816,4.93884494232383,4.93886811709863,4.93878324183941,4.93875803894624,4.93886690534003,4.93907232099782,4.93937606846017,4.93975536945408,4.94024996398607,4.94086891800921,4.94160246383053,4.94246400205925,4.94346960960834,4.94461860730918,4.94588582961065,4.94731751319268,4.94890654878297,4.95061994205656,4.95250521810144,4.95455857582415,4.95676225375996,4.9591256953415,4.9616623987094,4.9643714593176,4.96724269403546,4.9702729767334,4.97345569323616,4.97674404724355,4.9802449011384,4.9839836290977,4.98780287446351,4.99168322534883,4.99566798119882,4.99975222788974,5.00392500382226,5.00817162697652,5.01246955608373,5.01683123196447,5.02124569697249,5.02568981904767,5.0301517358881,5.03462322139832,5.03908599727133,5.0435320049795,5.0479484470496,5.05233474775477,5.05665934486847,5.06092103579747,5.06513035329464,5.06923106472087,5.0732622024774,5.0771840100443,5.08096545950279,5.08467032990702,5.08823643732207,5.09165747009945,5.09496510032444,5.09811092212199,5.10108750981722,5.10392835830921,5.1065916122723,5.10908489722141,5.11144326138355,5.11360867652889,5.11564634824487,5.11749840619663,5.11923536528744,5.12078667543803,5.12216671946105,5.12337562054583,5.12439587504378,5.12520040794184,5.12578312761176,5.12613524154261,5.1262333247685,5.12610390020529,5.12572966059183,5.12506808178825,5.12415905303058,5.1230503144535,5.12171523343093,5.12013734467833,5.11807405454311,5.11579743455544,5.11335999856234,5.11067514036741,5.10787170817285,5.10477075432348,5.10144866682858,5.09790701687365,5.09409000691953
4.94204962985491,4.94129969039313,4.94058048236249,4.93990392667356,4.9392717054192,4.93867454183352,4.9381334771516,4.93765486296082,4.93723172121557,4.93685975130647,4.93651300873016,4.93620776390278,4.93629696681359,4.93623962467808,4.93631928302673,4.93647735635351,4.9367290242606,4.93707625852851,4.93753304636482,4.93811452107692,4.9388165772239,4.93965842204814,4.9406414773521,4.94177486418409,4.94305569029297,4.94449872906668,4.94610134641079,4.94786493297852,4.94979982770425,4.95190596637139,4.95418553707326,4.95663433727001,4.95926044979013,4.96206509008939,4.96504558365286,4.96819593734495,4.97151123067611,4.9749719875256,4.97857708235389,4.98248382298782,4.98644859382205,4.99051704662738,4.99469982220166,4.99898609582213,5.00337081777149,5.00783451860654,5.01237078870723,5.01696681990989,5.02160315528502,5.02627937107472,5.03098091740132,5.03568953576778,5.04040131664829,5.04510055980789,5.04976366369705,5.05438346417983,5.05894709578329,5.06343380806899,5.06784533632485,5.07216595643305,5.07638476782873,5.08050070396594,5.08449760337104,5.08835796958731,5.09209054393202,5.09569904799112,5.09915008422762,5.10244334297163,5.10558947085896,5.10856304518495,5.11135812790105,5.1139884237976,5.11643382737032,5.11871858911394,5.12084151977873,5.1227950950679,5.12459161963775,5.12622043785776,5.12769508468915,5.1289729890953,5.13007861004694,5.13094640674614,5.1315885867099,5.13200323914324,5.13215118279993,5.13207625950098,5.13170394912659,5.13107654800293,5.13024357732914,5.12912748404089,5.12770990579335,5.12596721316788,5.12394540374722,5.1217466311568,5.11930146156166,5.11669497777299,5.11372422863335,5.11060638059288,5.10719629465475,5.10349789688892,5.09954547663401
4.94049716368371,4.93968300473825,4.93889643527884,4.93815155597835,4.93745380230514,4.93678689219804,4.9361775256384,4.93562345264852,4.93512161520622,4.93467495054181,4.9342336809888,4.93385131593524,4.93370361887805,4.93370548281605,4.93372335024698,4.93383004647598,4.93403206451166,4.93434541978314,4.93476669024704,4.93531294010164,4.93599374729894,4.93680494786854,4.937768203519,4.93888303613457,4.94015928660988,4.9415975147836,4.94320426376158,4.94499085313645,4.94696033061571,4.94911031190664,4.95144275998742,4.95396149491896,4.95667562580535,4.95957714185077,4.96266538195499,4.96594069074849,4.9694069651302,4.97306894137538,4.97693277623748,4.9809566318118,4.98514717267402,4.98935814947012,4.99372276157835,4.99819354068741,5.00278772136115,5.00745896473334,5.01221321748573,5.01703958634172,5.02190393603809,5.02681730910356,5.03176016977798,5.03671168372692,5.04165608386088,5.04659174588643,5.05149917517974,5.05636333074899,5.06116367540041,5.06590554085303,5.07054984279241,5.07510126834261,5.07954993029779,5.08386731526424,5.08807152015806,5.09213136430212,5.09604116377375,5.09981777382847,5.1034363281026,5.10689231768494,5.11019546131907,5.11331648716115,5.1162703569005,5.11903388521716,5.12160966386161,5.12401660120316,5.12624462647712,5.1283067833866,5.13019424362333,5.13192271647239,5.13347998421481,5.13485076781223,5.13603658296924,5.13696834334726,5.13769257416253,5.13815351785491,5.13838226066601,5.13833782865411,5.13801001073637,5.13743114585037,5.13662163496441,5.13546878305356,5.13401768550616,5.13229929172105,5.13036999116387,5.12806146892044,5.12526993172632,5.12276016559923,5.11978361320491,5.11634468991277,5.11273898792391,5.10900399704768,5.10486527319015
4.93897788324203,4.93810246057072,4.9372560695194,4.93644525143354,4.93568538540246,4.9349578492468,4.93427965845872,4.93366011109723,4.93309216172719,4.93258840275317,4.93204883451379,4.93162610243568,4.93137414547499,4.9312572394946,4.93121357195729,4.93127487707384,4.93143304233058,4.93169864827714,4.93208059572734,4.93259590118132,4.93324462231563,4.93403420046823,4.93497781267839,4.93608670864695,4.93735230525343,4.93879447363965,4.94041993999015,4.94223511133886,4.94423171816347,4.94642254549254,4.94881231533862,4.95140392378845,4.95419743731133,4.95718920218173,4.96037899970917,4.96376806041121,4.96735180931174,4.97110783633209,4.97500642122787,4.97922615598442,4.98367705390807,4.98814206875837,4.99270598162737,4.99740865935191,5.00222364611598,5.00711824076747,5.01210788467668,5.01716197201596,5.02226534164606,5.02743364993222,5.03262779605437,5.03781705151206,5.04300979283513,5.04821439064919,5.05336669309477,5.05848217191301,5.06351384470706,5.06848714065905,5.07336075659753,5.07813154023015,5.08279490041812,5.08732821956521,5.0917443739694,5.09600848881298,5.10012631197028,5.10407567676268,5.10785863579956,5.11150066668249,5.11494921317073,5.11823058048511,5.12132778084326,5.12426102862186,5.12697251020681,5.12950422043899,5.13184718979192,5.13401547635538,5.13601676187704,5.13784196271179,5.13950483512903,5.14097040103774,5.14225665465653,5.14328596475609,5.1440920577054,5.14463934007012,5.14494925002662,5.14496356680482,5.14474498714486,5.14423385175799,5.14342962898073,5.1422949603719,5.140818635603,5.13894799068143,5.13660531213485,5.13379657796685,5.13167113520584,5.12847554702096,5.12514217300482,5.12147155814952,5.11753612010023,5.11271592014248,5.10652472837262
4.93730690262496,4.9363639793437,4.93544731230165,4.93456767664142,4.93373159354814,4.93292913219507,4.93218827281268,4.93148631597902,4.93082436331841,4.93028348531988,4.92966467977172,4.92925041572433,4.92893173367453,4.92871723747431,4.92860594382081,4.92859388112771,4.92867476243755,4.92887819605717,4.92921838579351,4.92969426816077,4.93029992502287,4.93104925835924,4.93197859784141,4.93307165064286,4.93433062346966,4.93576828059094,4.93740100224839,4.93923513384065,4.94127144705932,4.94350112715463,4.9459432067718,4.94859994069627,4.95147348725902,4.95456186078814,4.95786346346757,4.96137443256332,4.96508438958342,4.96898225608849,4.97305059959109,4.9771835398947,4.98191347780839,4.98667451938287,4.99149629970127,4.99643851352506,5.00147132158326,5.00658557660549,5.01182052815815,5.01712204202263,5.02251227548232,5.02795062600649,5.03342426109631,5.03892935763756,5.04440614802231,5.04988047022864,5.05531140430033,5.06069907583842,5.06601556337138,5.07124093819777,5.07636277803189,5.08139747688142,5.08627908691057,5.09104577815477,5.09567528322287,5.10013481241663,5.10445446749181,5.10859687872875,5.11256455258064,5.11636589080934,5.11998434719409,5.12344221290711,5.12669584410254,5.12975855735104,5.13263892781302,5.13531045254466,5.13778693904028,5.14009151488371,5.14219291367034,5.14411337026977,5.14587983446873,5.14743818492797,5.14881743002104,5.14996525636649,5.15086523677993,5.15151464877023,5.15188105700173,5.15196453500546,5.15179312598799,5.1513528409789,5.15066437557952,5.14956144888317,5.14794185657456,5.14617208197148,5.14424050949627,5.1424537429892,5.13960677223485,5.13581113832459,5.1315376599521,5.12649393115839,5.11997598757111,5.1125614816001,5.10457265151771
4.9355270398419,4.93450803990234,4.93351443921823,4.93256296138947,4.93164223256413,4.93076376761528,4.92994247536834,4.92915335778403,4.92839092054741,4.92764271750472,4.92699228306505,4.92652366906278,4.92612761490741,4.92583039566652,4.92563331089593,4.92553817643245,4.92555609379099,4.92570156981177,4.92598244525768,4.92640382887519,4.92695258866493,4.92766888195087,4.9285586254302,4.9296220564815,4.93086928928424,4.93230231735616,4.93394038725711,4.9357924174727,4.93786035864183,4.9401461843182,4.94264378211472,4.94536946506392,4.94832436013017,4.95150880526209,4.9549209801175,4.95855505200867,4.96240397692019,4.96645467006905,4.97068755075096,4.97509849627697,4.97968354053406,4.98469603750128,4.98987958553474,4.99511482113519,5.0004019012919,5.00576754188407,5.01128385597453,5.01684948231149,5.02253962197258,5.02825086890786,5.0340355657759,5.03983487023481,5.04563049692397,5.05143274274415,5.05715912995125,5.06286988715229,5.06847717437328,5.07399348812779,5.07941270989987,5.08469602344381,5.08985390115606,5.09486305547752,5.0997091613944,5.10440354286386,5.10893187484706,5.11327138128841,5.11744184988844,5.12141828701024,5.12522124108428,5.12883714226805,5.13225602821171,5.13548735786148,5.13851756608619,5.14135780083459,5.14399801279826,5.14642486959517,5.14865453131587,5.1506949927574,5.15254157320327,5.15421905192043,5.15568375318966,5.15694747605898,5.15793031485472,5.15865650865357,5.1590421212776,5.15912314729331,5.15889102106321,5.1583058869329,5.15716593275594,5.15542988659346,5.15388795245434,5.15211512856685,5.14964857243075,5.14624361761208,5.14154936242932,5.13671340927156,5.13051090758521,5.12406535434205,5.11720986812521,5.1101481661554,5.1027409720705
4.93380244568644,4.9326954752633,4.93161055234593,4.93056893048553,4.92955159804664,4.92858151513807,4.92767184477522,4.9267979162362,4.92590465729942,4.92503621636655,4.92432689360771,4.92373495609859,4.92324089966537,4.92283470713277,4.9225338509026,4.92234676754305,4.92227827077527,4.92233636805846,4.92253700416804,4.92286234041672,4.92334818946658,4.92400418929908,4.92483931399695,4.92585400201312,4.92706489599787,4.92847567717964,4.93010162188629,4.9319502597713,4.93402583451039,4.9363342042656,4.9388803627854,4.94166616942562,4.94469355667347,4.94796722552353,4.95148507608663,4.95524300273348,4.95923397949409,4.96344676915979,4.9678651393622,4.9724854338293,4.97729282461584,4.98235356990766,4.98773346096981,4.99322365069012,4.99879037217892,5.00445735587866,5.01024468969209,5.0161483669275,5.02214972816583,5.02819665953182,5.03430650781698,5.04042860403197,5.04654944714321,5.05267089104713,5.05872695266428,5.06475654447519,5.07067338559265,5.07651758091856,5.08223162279908,5.08780697970164,5.09326179042707,5.09852142532688,5.10363448901002,5.10855525686262,5.11330725209845,5.11788090841656,5.12224189079021,5.12642100678878,5.13038975761744,5.13417266012791,5.1377728514667,5.14116639826167,5.14436448342391,5.14737411035229,5.15017868285878,5.1527887808042,5.15516298654435,5.15733269223525,5.15931119251579,5.16109794501684,5.16266274235737,5.16400407593117,5.16508000291244,5.16580722939191,5.16620613179419,5.16623342068816,5.16579640298613,5.16471786430558,5.16354467431743,5.16183763438897,5.15967308682967,5.15584349640742,5.1513630368654,5.1462624421198,5.14072165107702,5.13475846714402,5.12838957583386,5.12166933652279,5.11464338643463,5.1073301067239,5.09977244791062
4.93214094374614,4.93094921940814,4.92977043714611,4.9286353823976,4.92752284155031,4.92645649347762,4.92544952162143,4.92445639743913,4.92351193399233,4.92258662308967,4.92176742274307,4.92106312352135,4.92045950306658,4.91994630115756,4.91953973697888,4.9192450640163,4.91907272417596,4.91902691837333,4.91913264402768,4.91937074821977,4.91977494276697,4.92034929526609,4.92111116476504,4.92205826828208,4.92320993722494,4.92458053046756,4.92617658885461,4.92800637276356,4.93007750446105,4.93239703199741,4.934970185693,4.93780339357622,4.94089647232672,4.94425293696131,4.94787162195044,4.9517517238605,4.95588645234463,4.96026528635718,4.96488049599825,4.96973495681512,4.97481190667496,4.98011172614253,4.98562836864762,4.99132344177891,4.99715287706594,5.00311053640836,5.0091508910371,5.0153531648346,5.02164222341903,5.02804136126725,5.03447019719924,5.04094756912043,5.04742299857653,5.05387616562881,5.06028897592025,5.06662263391772,5.07288101847279,5.07901180593297,5.08503728134408,5.09090019606479,5.09661821048751,5.10214491385602,5.10750459574729,5.11266380906487,5.1176184293296,5.12239949155907,5.1269504904239,5.13131286244795,5.13547757396929,5.13943372783831,5.14318353798561,5.14674111303126,5.15009471809241,5.15325550024317,5.15622455835325,5.15898358327126,5.1615269043865,5.16388210671427,5.16599652969664,5.16786963288476,5.16953326375375,5.17099645421796,5.17210915850741,5.17282766891807,5.17317201356115,5.17313536758214,5.17265244029056,5.17173901772116,5.16985564225057,5.16710560724836,5.16331330343604,5.15881496770472,5.15393087912671,5.14827386471489,5.14230556157709,5.13599143712486,5.12938955053712,5.12248259167503,5.11526211899235,5.10790155672249,5.10029256658387
4.93050971644256,4.92923887870276,4.92798134919933,4.92675978641635,4.92555096701954,4.92437657437487,4.92325447982687,4.92225110393889,4.92113729829936,4.92022042499511,4.91931718681441,4.91851709520747,4.91780250192633,4.91717558667627,4.91665331642503,4.91624558176618,4.91596305004809,4.9158255752509,4.91584156179375,4.9160085774105,4.91632008204836,4.91680857973577,4.91749538489345,4.91838476694257,4.9194970599159,4.92083497791941,4.92239953233197,4.92421161804194,4.92628212378723,4.92861668615689,4.93122452124328,4.93411206143487,4.93727874961981,4.94072215448874,4.94444829215574,4.94846061036441,4.95275034656589,4.95730922225826,4.96212032837463,4.96718748884149,4.97248653562646,4.97801224676078,4.98378549782395,4.98973638579962,4.99580131505066,5.00204045350119,5.00839872929839,5.01492766622977,5.02155080350236,5.02828609378791,5.03505494073222,5.04184601683524,5.04867051310237,5.05544813338355,5.06220888338812,5.06887753499763,5.07546483136258,5.08192718346265,5.08824340206969,5.09438227729879,5.10034965874236,5.1061280302655,5.11170985473986,5.11707272373903,5.12221261756269,5.12716822306314,5.13189919137555,5.1363926203839,5.14071030149857,5.14479438312806,5.14869142659805,5.15237590282058,5.15586334789403,5.15917290851184,5.16226374099668,5.16517575396114,5.16788132514801,5.17035922007817,5.17261539812026,5.1746436366339,5.17636532571749,5.1778379819034,5.17898296892563,5.17967166966621,5.17979364802347,5.17939144508513,5.17786839231117,5.17556854607855,5.17261331089068,5.16915602718992,5.16530911796291,5.16085319240267,5.15594991356191,5.15068287064408,5.14503021872345,5.13900096056818,5.13262175598412,5.12589970680658,5.1188498149156,5.11153528096812,5.10397143397975
4.92872324814099,4.92736921344285,4.92602678683854,4.92471605265646,4.92341763385253,4.92212248372121,4.92085922727281,4.91955820614658,4.91845836047652,4.91741486355917,4.91645060253688,4.91554759933416,4.91473055235384,4.91400906344374,4.91339259190636,4.91289224804351,4.91251801578375,4.91228752764709,4.91220718711702,4.91228080669725,4.91251939833776,4.9129272326642,4.91355195008735,4.91439017360949,4.9154540689604,4.91675503256325,4.91830420591904,4.9201068110898,4.92218171273204,4.92453700646622,4.92718569374933,4.93013516879603,4.93339619271305,4.9369619484176,4.9408107842961,4.9449651583604,4.94942361466964,4.95416512210092,4.95918985636052,4.96446438255524,4.97001758378865,4.9757632072779,4.98182122528023,4.9880898285851,4.99450170061127,5.00096525989409,5.00765645827079,5.01449918054747,5.02144478898581,5.02854688937325,5.03567184032752,5.04285608934473,5.05004939162448,5.05719217175236,5.06432697965055,5.0713164858658,5.07823881879599,5.0850273946758,5.0916279149019,5.09809577431311,5.10432137338023,5.11036214579081,5.11617518554419,5.12173820015993,5.12708561255133,5.13218584665615,5.13707306000123,5.14174738154836,5.14618466015909,5.15041864159388,5.1544435734812,5.15826991102054,5.16187869175351,5.16531745838888,5.16855613674914,5.1715902697336,5.17441395964299,5.17705569893252,5.17945895289041,5.18161622588644,5.18342483819924,5.18443500801371,5.18503816045686,5.18462684488478,5.18430093787221,5.18268250920168,5.18079782894172,5.1784042898238,5.17552713021337,5.17219987980662,5.16833841678027,5.1640154667787,5.15923753451525,5.15403367421672,5.14838669829281,5.14240296331465,5.13608303671077,5.12948364898768,5.12260115716726,5.11544834634186,5.10810178414957
4.92699205918568,4.92554201804473,4.92411003393524,4.92271287431825,4.92131227953444,4.91991140661682,4.91852355152098,4.91710650651972,4.91585644197693,4.91469277381124,4.91360201572092,4.91257453643821,4.9116314752117,4.91078292769375,4.91003911678445,4.90941182683294,4.90891257376738,4.90855730197198,4.90834608103685,4.90830725970186,4.90846696035,4.90879480461989,4.90932332477023,4.91007669697971,4.9110602959401,4.91229487015102,4.91378938914167,4.91556393136629,4.91762606029826,4.91998402484053,4.92264667699799,4.92562345487535,4.92891082772853,4.93253496168637,4.93649879292096,4.94078349015284,4.94540812589175,4.95032922462469,4.95554649798107,4.96104313661881,4.9668480341077,4.97286436688931,4.97921867027609,4.98586004615001,4.99247462910929,4.9993973570451,5.00642853662583,5.01357923152359,5.0209064510066,5.02832046026118,5.03585142985878,5.04343572301942,5.0510277619097,5.05861003148673,5.06613476697712,5.07355904455164,5.08088987966847,5.0880266949749,5.09499378250763,5.10177413029159,5.10832177206523,5.11462668906946,5.1206875213431,5.12650489532705,5.13206961476046,5.13736634465689,5.14244218597741,5.14730166217727,5.1518717436438,5.1562502474837,5.16040810301669,5.1643814992553,5.16814694984365,5.17174229012415,5.17511573029268,5.17839533191958,5.18138451854532,5.18416025757582,5.18673016237076,5.18872052650463,5.19010571526444,5.19031509976676,5.1900823285605,5.189438494914,5.18853209252029,5.18723476529187,5.18545824962083,5.18325194661089,5.18053499563267,5.17738677757768,5.17363574422407,5.16946662360772,5.16480342802518,5.15972138651382,5.15419647808073,5.14828585386684,5.14205184302863,5.13550776588281,5.12867940290936,5.12158525529242,5.11423848297282
4.92536965359423,4.92381290214477,4.92228312076472,4.92077502109353,4.91937914927671,4.9178671979619,4.91634986000662,4.91488013319653,4.91350226653815,4.9122117899671,4.91097507836217,4.90980031037222,4.90870647459501,4.90770678777547,4.90681105700564,4.90602936295585,4.90537881073614,4.90487315266745,4.90452455945947,4.90434455404999,4.90431957888921,4.90451087804259,4.90492649035838,4.90557010785344,4.90646095599514,4.90760995464024,4.90903155553394,4.91074032119067,4.91275434274444,4.91508606282456,4.91774342603952,4.92073614425874,4.92407146967653,4.92776552458336,4.93181388160754,4.93621969484533,4.94098272111908,4.94607956359146,4.95149358900689,4.95722444001988,4.96325160676452,4.96959184171105,4.97623925425525,4.98318021795026,4.99065065980657,4.99746419109092,5.0048967658885,5.0124515184628,5.02018554897221,5.02804675203358,5.03601450403554,5.04400971500318,5.05205731200684,5.06004665627907,5.06800765113336,5.07586400420633,5.08357284345444,5.0911614396113,5.09851308041717,5.10565457321357,5.11251939903548,5.11913592616047,5.12546946724463,5.13152192287185,5.13728265739419,5.1428164926237,5.14801761312591,5.15305940573615,5.15781274670827,5.16236820974339,5.16663223211412,5.17076186991373,5.17460906091036,5.17847631958725,5.18184300350348,5.18558317710318,5.18820039780657,5.19068891793812,5.19225593547518,5.19238559319355,5.19293781970384,5.19308966330058,5.19296433112842,5.19253003756959,5.19181674662048,5.19074415852318,5.18922605141192,5.18732797160987,5.18495934563926,5.18212311541641,5.17872831484932,5.17491941957121,5.17059778602009,5.16585850379449,5.16066825673029,5.15499199673472,5.14899569058106,5.14264888667779,5.13598769357873,5.12905458149957,5.12183460390937
4.92371562732277,4.92204890173659,4.92039848685453,4.91875110755934,4.91712792390184,4.91539414597206,4.9138686547499,4.91232469652377,4.91084703931344,4.90941140741096,4.90802839880921,4.90670756668005,4.9054629411082,4.90430955714508,4.903258800182,4.90231886360628,4.90150789643998,4.90084092187034,4.90033974202915,4.89999828446322,4.89984565719719,4.89989216965091,4.90016761044415,4.90068129635549,4.90145373565329,4.90250371286899,4.90384296766257,4.90548740001985,4.90745707108882,4.90976287884175,4.91241733608891,4.9154254450398,4.91882172415709,4.92258310808175,4.92674239877711,4.93126421012013,4.93616969509909,4.94144851156144,4.9471191269748,4.95313072588035,4.95944860312687,4.9661188908666,4.97309783498445,4.98047498560554,4.98817707780934,4.99601748643614,5.00372131031811,5.01173781473908,5.01988400765653,5.02817208362418,5.03660007149329,5.04504052900894,5.05355273009167,5.06200725118514,5.07040256081129,5.07869125273755,5.08681803986891,5.0947555408701,5.102498619694,5.10997823320525,5.11717772822584,5.12414077671975,5.13070579440553,5.1370035429191,5.14297832845634,5.14867336582483,5.15413399987592,5.15932235412913,5.16412656437743,5.16871208504358,5.17306229573403,5.17743653280511,5.18126611533411,5.18495031902365,5.18768105661393,5.18980799011966,5.19137053872227,5.1927128481495,5.19373576539033,5.19454310633957,5.19531532290392,5.19583979881733,5.19610350593458,5.19614082807134,5.19589016048211,5.19526201745069,5.19429226699346,5.19285392106895,5.19094695037673,5.18856262418098,5.18565033241368,5.18224070953473,5.1783477460035,5.17399552483914,5.16920739113756,5.16387551924626,5.15812994543597,5.15204283438719,5.1456009891229,5.13880506461954,5.13171797133341
4.92192073517398,4.92014886834957,4.91837287765908,4.91658598518501,4.91474755291237,4.91284279809323,4.91113668462072,4.90946691849013,4.90784743739266,4.9062738365313,4.90475843495581,4.90330200235437,4.90191246595742,4.90060785467326,4.89940233412782,4.89830645772111,4.89734118675247,4.896526048408,4.8958630481411,4.89537663954925,4.89508597829184,4.89499517789687,4.89513604395151,4.89552772170455,4.89618669147177,4.89713447581273,4.89838779353614,4.89996447042841,4.90188349664149,4.90416039772124,4.90680164831039,4.90985029050351,4.91327655960423,4.91711646901087,4.92137352409258,4.92604470417531,4.93113618541979,4.93660604435736,4.94248244347928,4.94875407775635,4.95540719346092,4.96238884132328,4.96975093383264,4.97747678626118,4.98545956802744,4.99375794687689,5.00228110411763,5.01077215162709,5.01938329950264,5.02820971624632,5.03709705289912,5.04608037472066,5.0551090961581,5.06405983561296,5.07298841495389,5.08172453480997,5.09031906483087,5.0986557803746,5.10677622022103,5.11465348860354,5.12220025759114,5.1294569924683,5.13630666888432,5.14284886362678,5.1490517521885,5.15488082455844,5.16041203721464,5.16550741812252,5.1706843848426,5.17516130752875,5.17963611810671,5.18341138226512,5.1862764832442,5.18835180808432,5.19032978325723,5.19209937758025,5.19374690506362,5.19527805273232,5.1966753379444,5.19801032876176,5.19923792426968,5.20027748230746,5.20111603148487,5.20171888180417,5.20204638738723,5.20204517775443,5.20169015298418,5.20081903368663,5.19950855430142,5.19764365938876,5.19529828698905,5.1923306964883,5.18893290934171,5.18495977753602,5.18052528173759,5.17557543833937,5.17011081263775,5.16426578383515,5.15804756200353,5.15139850477957,5.14438951778874
4.92001783201885,4.918149420969,4.91626819558929,4.91439384320655,4.91236590469999,4.91040052959047,4.9084910331573,4.90668464719756,4.90491829917869,4.9031921643862,4.90151655142538,4.89989884715879,4.8983503540874,4.89687674094223,4.89549755017377,4.8942275807474,4.89308484814524,4.89208780983456,4.8912445797598,4.89057832295547,4.89012516364317,4.88987526097589,4.88985853566527,4.89010099344342,4.89062026529631,4.89144016065037,4.89257948415654,4.89405980499886,4.89589953842515,4.8981202160822,4.9007438695729,4.90377399552592,4.90723308310083,4.91112332174676,4.91546983562601,4.92024936858657,4.9254967054426,4.93114447353971,4.93727211200765,4.94382032488166,4.95076304669515,4.95809988725388,4.96581591646152,4.97392341331603,4.98238564588136,4.99120777944785,5.00033514997368,5.00927544921617,5.01842000646638,5.0277975424899,5.0372333778448,5.04679672891746,5.05635084999066,5.06589747798706,5.07537115536067,5.08463254170106,5.09372965636986,5.10250940726507,5.11109223423705,5.11932304091681,5.1272617582014,5.13485151912666,5.1420392775672,5.14881487096555,5.15511376078868,5.16115402894381,5.16697051048055,5.17199168464099,5.17666448795797,5.18051983202331,5.1833199746119,5.18582940572945,5.18812372180109,5.19009958703275,5.1920797552564,5.19393727273887,5.19582313280711,5.19772875990559,5.19968684010769,5.20162281353305,5.20347002490649,5.20524296950846,5.20684299469438,5.20822566595507,5.2093577435216,5.21021052885218,5.21063367217342,5.21055756352126,5.20998623788838,5.20881052375924,5.20716403232161,5.20484833865619,5.20202128304557,5.19860802207663,5.19462191484365,5.19010127214913,5.18497107344657,5.17931614797488,5.17318296933759,5.16654178468919,5.15936064948466
4.91822650454254,4.91627371972534,4.91430171123119,4.91232202001111,4.91028669487256,4.90824666675686,4.90626084103953,4.9042842806931,4.90234127377498,4.90043438334958,4.89856819082211,4.89676170000992,4.8950212298727,4.89335856373941,4.89178157287383,4.89030995618288,4.88896429622693,4.88775475059262,4.88670651904464,4.88584466470049,4.88517292196294,4.8847217971398,4.88450986055133,4.88456557428493,4.88490901788843,4.88556639116524,4.8865564176484,4.88790559825038,4.88962409177324,4.89176853863723,4.89432342089596,4.89731883363205,4.90077616240178,4.90469532096976,4.90909632459487,4.91398586686884,4.91936435217142,4.92519651796099,4.93157523973182,4.93839701836072,4.94561442658894,4.95331811614455,4.96146861165051,4.96999200849679,4.97892931184103,4.98821538914362,4.99802081345651,5.00766573037083,5.01745138503809,5.02738243985079,5.03742726864308,5.04754660391655,5.05771361564037,5.06788919988067,5.07791853203669,5.08776780837452,5.09731863184377,5.1066795368169,5.11575255020015,5.12443366850697,5.13274756877236,5.14067478100788,5.14820029160034,5.15480500098612,5.16106236784996,5.16691569237134,5.17175539808986,5.1751841913195,5.17872635201637,5.18141082133232,5.18411558415113,5.18658501173586,5.18885434016984,5.19104839781364,5.1932587620318,5.195596113044,5.19803617381927,5.20057838688483,5.20328038039919,5.20604680338366,5.20889306878639,5.21173988405262,5.2144620278369,5.21701421246214,5.21930149839244,5.22131320263245,5.22285696506158,5.2238482944696,5.22423350074838,5.22401818915868,5.22315277435294,5.22162668511987,5.21935125181441,5.2164516327516,5.21284344712412,5.20856597201174,5.20354943058601,5.19779653275963,5.1913509694874,5.18427269306591,5.17651010880716
4.91649881230177,4.91442780431022,4.91231587783918,4.91016840149394,4.90794045425242,4.90583138749656,4.90370262130786,4.90158133307689,4.89948155994066,4.89740075300601,4.89537051517534,4.89338952817764,4.89146708848803,4.88961389685946,4.88784270856068,4.88616694358813,4.88461336118972,4.88319230782221,4.88192462361516,4.88085401336334,4.87996831151571,4.87931080570044,4.87889759055983,4.87875892278893,4.87891850155692,4.87940047890734,4.88022526392315,4.88141852549314,4.88301673527657,4.88505487343403,4.88754537185328,4.8905017473408,4.89395502827681,4.89791011955736,4.90237089092152,4.90739501112835,4.91286700437,4.91894251609212,4.9255040309465,4.9326072639864,4.94020638548053,4.94824521171056,4.95680240189182,4.96578379762872,4.97519354151505,4.98495742621845,4.99508852421732,5.00566830438172,5.0162138289033,5.02685519381836,5.03758947579959,5.04840625516762,5.0592585254557,5.07008887421918,5.08079423873423,5.0909274597399,5.10125654288709,5.11104438803214,5.12094406162727,5.12983137972705,5.13845121838936,5.14590236976027,5.15396766288685,5.16074566938675,5.16626534517737,5.17094248900949,5.17485937240567,5.17838458731534,5.18147513759235,5.1843920115311,5.18703053694815,5.18948175086321,5.19177690658921,5.19409745774445,5.19655725450883,5.19922790417982,5.20212470091918,5.20526870033598,5.20869762083523,5.21232694418135,5.21616867064086,5.22007085090631,5.22390638463088,5.22763541527302,5.23112625607061,5.23427385538684,5.23701223379337,5.2391768052507,5.24061952980118,5.24146410489591,5.24147584191255,5.24078105707211,5.23911093302971,5.23665953061393,5.23326031239486,5.22896303178606,5.22377568621802,5.21758498301766,5.21051764795445,5.20263592411592,5.19394337190491
4.91484165345449,4.91263754540923,4.91037950557048,4.90802596778014,4.90570219629313,4.90342210360063,4.90113141743115,4.89885413575719,4.89657839550996,4.89431511911925,4.89207968005795,4.88989743748327,4.88776921566201,4.8857112139342,4.88372401623034,4.88183105733901,4.88004832464682,4.87838573873211,4.87688170661673,4.87555819350404,4.87444136695943,4.87354812336899,4.87290520807317,4.87254178450386,4.87248372540318,4.87275330587211,4.87337252543599,4.87440193742068,4.87587335725101,4.87776565360394,4.88016884247139,4.88307942089503,4.88646793280677,4.89045371011061,4.89499059267331,4.90007541481908,4.90571932820545,4.91198820564839,4.91885635851092,4.92623137239786,4.9341729802779,4.94265153151681,4.9516197251525,4.9611414803694,4.9711122624761,4.98143385476064,4.99214637615427,5.00336780414296,5.01480746238506,5.02617242251678,5.03763713425145,5.04925846461673,5.0609204992328,5.07243567417015,5.08364016593429,5.09519567409027,5.10681227997305,5.11657725497519,5.12684518446312,5.1361864150801,5.14455169707988,5.15226948375778,5.15867685490207,5.16463614924882,5.16954265578686,5.17392311039097,5.17775687931506,5.1811876366391,5.18424507839041,5.18705752275116,5.18964650452868,5.19207807226106,5.19445406237551,5.19699348598759,5.1998147854018,5.20296554636614,5.20649649364263,5.21042730200506,5.21475839937463,5.21947962315449,5.22444614721996,5.22959759128262,5.23477750097688,5.23982612979228,5.24466471099111,5.24908965133706,5.25309751311112,5.25641559218586,5.25891617787284,5.26066057797368,5.26147111471917,5.26130545001608,5.26004843680618,5.25773292646059,5.25430431152977,5.24978635305668,5.24422778877986,5.23745685987108,5.22961726607597,5.22084940469706,5.21115237359326
4.91329969575561,4.91097040910613,4.90864450058057,4.90608215039046,4.90367902751103,4.90122810917391,4.89877627703176,4.89630632564083,4.89383868036057,4.89138140137357,4.88893744488805,4.88652725518602,4.88416111250631,4.88187098822887,4.87964781820669,4.87750375366633,4.87547070763564,4.87354463182737,4.87177221635974,4.8701829094282,4.86879028171092,4.86762333798188,4.8667117294062,4.86608967859061,4.86577400804887,4.86579072268976,4.86618559862667,4.86700495767004,4.86828037669747,4.87003579000199,4.87228157378583,4.87508919665375,4.87844525710652,4.88239552908394,4.88695579916219,4.89212388465364,4.89793995010188,4.90434791775507,4.91146058087354,4.91919773458295,4.92749146645928,4.93637696632207,4.94589897868059,4.95595422467174,4.96647910423254,4.97745852251243,4.98888158469305,5.00063743815423,5.01278601110723,5.02517789526057,5.03774220909421,5.05014585392895,5.06264955906485,5.07509321608693,5.08731022823006,5.09942132278664,5.11074966065911,5.12134291653967,5.13149070364877,5.14083416330164,5.14908592986298,5.15655706761132,5.16316956159105,5.16906586805318,5.1741160848999,5.17849969908772,5.18226331173626,5.1854919652156,5.18832175398939,5.1908703691313,5.19319254099797,5.19540194793517,5.19774146247091,5.20036501053122,5.20340447694585,5.20694417423156,5.21105817667616,5.21578070800746,5.22107280371239,5.22697827432566,5.23324883676654,5.23986659644998,5.24664284906556,5.25333675809751,5.25982829406243,5.26585940256305,5.27134342240481,5.27600579551677,5.27977476231496,5.28240104965905,5.28392249206496,5.28414534174241,5.28309913396091,5.2806372307036,5.27689465132972,5.27180778630994,5.26554048993287,5.25798861868834,5.24926551157123,5.23950809999501,5.22869048137214
4.91184411418744,4.90931026727716,4.90673774534219,4.90422256663094,4.90165908531111,4.89907502532025,4.89646053278426,4.89381916381562,4.89115452748689,4.88848892696984,4.88584087784461,4.88320022260915,4.88060186506765,4.87805286633504,4.87557784199513,4.87317932758298,4.87087894288573,4.86868876866575,4.86662458985185,4.86475193786424,4.86306731261704,4.86161398906506,4.86040738666019,4.85951015911197,4.85887787731161,4.85862859879579,4.85876721810389,4.85935015882966,4.8603840170829,4.86194343297105,4.8640226371417,4.86668487086221,4.86995104633676,4.87388927507381,4.87843535412516,4.88364446972218,4.88959209387046,4.8962427480446,4.90355268478696,4.9116053904319,4.92031585379992,4.92964734940283,4.93967773675469,4.95032929030862,4.96150928891112,4.97317413572027,4.9853730335226,4.9979978853869,5.01100372269709,5.02427522265554,5.03763597761477,5.0510462112222,5.06438348796187,5.07797129538039,5.09063703036286,5.10238265690258,5.11476201626924,5.12587174276486,5.13587528043703,5.14513836897809,5.15366116073398,5.16133603611392,5.16812630298383,5.17407727352508,5.17911110199323,5.18333607659005,5.18688478239456,5.18980390314761,5.19227637372556,5.19438780151079,5.19626799189682,5.19816739679232,5.20033551166532,5.20289457175335,5.20602036337048,5.20986936640111,5.21447898674915,5.21991606068007,5.22618994780636,5.23326315110804,5.24094563591715,5.24914569404431,5.25761411977442,5.26612184820795,5.27440763080532,5.28223285081747,5.28933016447834,5.29554819523659,5.30070020638298,5.30438163365822,5.30678026460727,5.30755962511622,5.30682485093375,5.30437275708812,5.30041120216993,5.29482923213026,5.2878445733492,5.27946745022006,5.26968073101512,5.25853994091386,5.24631855012321
4.91041101233627,4.90771859166326,4.90502104466468,4.90235846141011,4.89966055476549,4.89692819007099,4.89413034014256,4.89130629151151,4.88845593589929,4.88558081516857,4.8826987020965,4.87983699869466,4.87698759163919,4.87417841917777,4.87141392752364,4.86873443926229,4.86614071950097,4.86365391153876,4.86128762936166,4.85909766577448,4.85709843089838,4.85532678128878,4.85380585672441,4.85256339294507,4.85162582367707,4.85107700328881,4.85092472285519,4.85119843654569,4.85197775371399,4.8532763232706,4.85517674534225,4.8576696356665,4.86086201620362,4.86469230680494,4.86926121885952,4.87454532452582,4.8806058358431,4.88746933842449,4.89510022121964,4.90344677324863,4.91258006975621,4.92246397358976,4.93306457964659,4.94433671723457,4.95622389285163,4.96871231163016,4.98170186470149,4.99522845453841,5.00921353338561,5.02355312259169,5.03804918936735,5.05249063603955,5.06685612682495,5.08081428052846,5.09422119309764,5.10709375664186,5.11930920372423,5.13071028412731,5.14127552959042,5.15094061885675,5.1596814567369,5.16745041898697,5.17419728809536,5.17996035231148,5.18473145263125,5.18855641861439,5.19162152930406,5.19399957445838,5.19583802291101,5.19723162591338,5.19847843635531,5.19986830322318,5.20164790193066,5.20399084194494,5.20712003925697,5.21120144282096,5.21636055131002,5.22264742637549,5.23008550595324,5.23858601555876,5.24805943584613,5.25824733782617,5.26889372324267,5.27971933798215,5.29024046033242,5.30020995122533,5.30935818830742,5.31739484207048,5.32396132498206,5.32891435457775,5.3320890428602,5.33343408844021,5.33290518144539,5.33040786713103,5.32609897474287,5.32002404985411,5.31224452974174,5.30294333414701,5.29214003099376,5.27983117634511,5.26628545056934
4.90862983680049,4.90596295424881,4.90306908173838,4.90025146903331,4.89740878895355,4.89451471832859,4.89157109068086,4.88859860950782,4.885570460863,4.88250707654157,4.87941902792283,4.87631080978527,4.87322402793931,4.8701386057031,4.86708643111725,4.8640928233911,4.86118122094396,4.85838508576414,4.85569733937072,4.85317445559034,4.8508390477198,4.84872643517288,4.84686141520024,4.84525701297326,4.84399923011059,4.84314231071326,4.84264983210223,4.84256602022799,4.84303233910679,4.84403326359729,4.8456793346897,4.84802249790806,4.85109482065065,4.85488560187012,4.85941960434837,4.86478232921244,4.87098711782876,4.87804528614797,4.88589794830062,4.89465388315353,4.90417036549585,4.91453258712173,4.92570995864203,4.93768250920512,4.95034334180857,4.96368457533396,4.97771969232293,4.99211410639122,5.00695777824036,5.02240634478725,5.03774619879184,5.05304014214572,5.06861578311889,5.08319637936193,5.0972639977612,5.11074226755081,5.12370019428683,5.13567910472786,5.14677462518788,5.15683864452862,5.16582850585142,5.17371127951528,5.18043174603055,5.18600801885676,5.19053021924472,5.19394018828323,5.19646774505972,5.1982593266028,5.1993372562813,5.19993819546586,5.20043215760273,5.20112789909217,5.20232502928875,5.20429969665262,5.20730213655373,5.21153632947428,5.21719913485897,5.22440293823714,5.23317985962933,5.24341250735913,5.25494879474623,5.26749904594845,5.2807122233339,5.29419843492857,5.30735054259824,5.31985438985888,5.33126440695298,5.34131320175161,5.34957229510877,5.35598931531465,5.36007199301641,5.36205703126824,5.3617674910782,5.3593300938877,5.35460221963149,5.34796291662435,5.33936396845389,5.3291277333789,5.31730942088291,5.30389646170272,5.2893850576242
4.90692020018661,4.90417409939848,4.90126970907333,4.8983021331863,4.89529804883329,4.8922387855196,4.88911594431128,4.88594610041571,4.88271778773225,4.87944681904944,4.87613932203969,4.87280070397228,4.86943408462102,4.86609612836609,4.86269073493402,4.85931754900875,4.85606858077848,4.85292589646469,4.8498788174212,4.84699503213319,4.84428787777301,4.84179250061559,4.83954122462071,4.837563255595,4.83595171056008,4.8347121908336,4.83381043865973,4.83342878263547,4.83348878368084,4.83422909951363,4.83563163100464,4.8377551248301,4.84063250454083,4.84433083417199,4.84886840909875,4.85420105661509,4.86052579057443,4.86770173955799,4.87581179151015,4.88487932737424,4.89480189374805,4.90568788431167,4.91747296392484,4.93038134100708,4.94364618824552,4.95788682077933,4.97298143446741,4.98846886813633,5.00472809944,5.02111072356981,5.03747483315042,5.05369680377887,5.06963244148042,5.08508498006526,5.10009694677058,5.11441933867199,5.12811825516094,5.1408713209741,5.15255923807345,5.16318153717463,5.172547322856,5.18064536849713,5.18745191260667,5.19295034125892,5.19722865082174,5.20026102363092,5.2022217607875,5.20326007610114,5.20342473895366,5.20307020734531,5.20261059452389,5.20240813861779,5.20280734434049,5.20424980786224,5.20698185761919,5.211339045631,5.21757022260924,5.2258655538717,5.23616637489499,5.24842150069924,5.2624046995984,5.27770778098558,5.29395171164292,5.31042217426736,5.32662295783221,5.34185973918594,5.35573058563154,5.36790837445792,5.37797652090654,5.3856666904542,5.39066332507374,5.3931598793858,5.39297607676197,5.39035280558039,5.38519639686538,5.37787062547424,5.3685680016639,5.35726854361999,5.34425243508845,5.32973589561341,5.31401160659932
4.90530766143905,4.9023957516841,4.89942243357134,4.89635133003126,4.89320094238954,4.88997464818999,4.88667695577605,4.88331365409866,4.87988265345856,4.87639497175746,4.87286334198913,4.86930109386789,4.86570023607897,4.86218426073621,4.85847323947244,4.85484182794848,4.85125251399061,4.84771565149481,4.84426850439423,4.84095482441128,4.83782223900436,4.83488195877974,4.83216657976263,4.82974994012291,4.82769247822681,4.82602790262932,4.82460177640907,4.8240266789428,4.82380747983158,4.82416841814028,4.82521976358643,4.8269870876226,4.82958799402125,4.83314448797719,4.83752247640837,4.84284613401391,4.8491581411938,4.85651176880946,4.86478444259543,4.87432149898704,4.88453779304985,4.89590204693768,4.90828192579,4.92185417804703,4.9366212970701,4.95198533217264,4.96809672456029,4.98460523030059,5.00147770801288,5.01861986109589,5.03583606889497,5.05306301603366,5.07006480618599,5.08665204965546,5.10273524095973,5.11811962521682,5.13268819454625,5.14644064417553,5.1589162088505,5.17019708637398,5.18005224822198,5.18849610173955,5.19545907509854,5.20090628052673,5.20488225593331,5.20746251396225,5.20875396836368,5.20883840617244,5.20790382584781,5.20638208620203,5.20471433042761,5.20338228491238,5.20284211374574,5.20356295392905,5.20594234123695,5.21044529647578,5.21738772891503,5.22693945893572,5.23912185264492,5.25380425106001,5.2706939165,5.28936642329781,5.30911956875726,5.32914078333167,5.34877066015294,5.36724665008586,5.3839136362733,5.39834543056883,5.41025529551303,5.41911068540257,5.42492934091461,5.42760876470224,5.42727519435699,5.42410818425911,5.4182667101125,5.4098773510741,5.39931137804372,5.38674076640374,5.37248739988833,5.3568225511351,5.33974777199369
4.90381244078387,4.90074251638778,4.89761753759531,4.89441498562816,4.89111643556967,4.88772754601906,4.88425047683031,4.88069200105966,4.8770591179606,4.87334885489198,4.86958085259141,4.86575951221331,4.86190993093547,4.8580936277568,4.85411316576386,4.85017729540361,4.84624764918475,4.84233074123897,4.8384847640713,4.83472537036164,4.83113472069825,4.8277276610049,4.82453739705752,4.82166561705351,4.81912137167602,4.81687862548951,4.81515692013613,4.81424939093952,4.81338992503508,4.81329556905779,4.81393243275019,4.81533602429008,4.81770485966059,4.82102861641715,4.82521144930832,4.83048100924374,4.83691281599612,4.84454643966789,4.85313627390298,4.86303563294368,4.87398975609052,4.88607581263835,4.89998828119441,4.91437375065533,4.92972479493532,4.94598235111438,4.96291002716858,4.98035825690784,4.99817941301676,5.01630442064029,5.03454079579539,5.05278022331441,5.07083175272019,5.08844316684109,5.10553064436791,5.12195249691871,5.1374198844664,5.15209290133652,5.16533738940076,5.17723037954199,5.18764744410812,5.19641573050118,5.20352155567309,5.20891013301637,5.21257222702368,5.21466897844473,5.21516247216341,5.21419351498348,5.2121309389371,5.20935831279323,5.20642908944101,5.20390840024172,5.20229530483544,5.20221436962956,5.20423216241266,5.20888115486613,5.21660297417084,5.2276312607016,5.24205463080434,5.25953712667489,5.27983272424015,5.30230005682247,5.32605150467578,5.3503191422533,5.37393688196249,5.39599845204368,5.4158069471754,5.43279441762919,5.44655262073744,5.45671788270442,5.46326236590269,5.46597581890311,5.46535466085975,5.46130352363351,5.45439946772191,5.44460283121069,5.43259635872701,5.41847128429719,5.40264300651133,5.38520685563159,5.36640829497272
4.90251835724537,4.89929734351005,4.89601670875826,4.89265170673598,4.88918681845097,4.88562631662055,4.881967618475,4.8782123738863,4.874365585766,4.87042193943388,4.86639450225653,4.86228835006489,4.8581281305441,4.85390534779458,4.8496272021248,4.84531780450666,4.84101915827097,4.83670792970931,4.83241950062735,4.82821602279185,4.82413291031051,4.82021974627857,4.81651123330623,4.81312921142596,4.8100156960623,4.80730563283791,4.80500538196938,4.80324840991729,4.80206837051281,4.80154804657258,4.80172256053861,4.80273096948508,4.80479823924046,4.80783330100399,4.81174321933005,4.81713183803895,4.82362969687517,4.83112632108355,4.84062451448901,4.85162241934967,4.86395139744691,4.87668761776744,4.89099222187033,4.90622888645645,4.9224560203218,4.93952176440665,4.95734134298275,4.97574693060728,4.99461329519143,5.01379450176101,5.03319353203295,5.05258877098782,5.07183932725582,5.09072523331725,5.10908401146776,5.12677870636345,5.14347296111248,5.15920112070927,5.17359118074761,5.18635370628744,5.19754740213865,5.20685237245546,5.2142433931785,5.21967322352036,5.2231263394291,5.22468962881501,5.22432217767885,5.22215716448625,5.21865114464306,5.21427515742101,5.20961009261925,5.2053927716605,5.2021142548649,5.20056257323345,5.20156477052603,5.20576391828043,5.21379129620521,5.22590591547718,5.24229276096596,5.26280998824914,5.28687427751043,5.31383082344455,5.34237749178926,5.37153530424815,5.39997748518612,5.42636330566087,5.44996018261214,5.46992367407401,5.48571332351972,5.49738012526869,5.50452894715972,5.50720689037541,5.50598827629759,5.50097505295648,5.49276833923125,5.48149536137368,5.46782295805582,5.45189141485109,5.4341608236993,5.41490165415676,5.39429972704311
4.90127958137623,4.89791497948251,4.89447266117174,4.89093934907489,4.88731256241184,4.88357123402208,4.87972072300916,4.8757703984848,4.87171037728335,4.86753359738026,4.8632400710994,4.85884629624533,4.85436059533031,4.84980263658614,4.84514934516789,4.84045121129043,4.83574352318484,4.83097570887741,4.82622827566257,4.82153780563215,4.81691094270525,4.8124375767368,4.80818202183996,4.80423256171095,4.80051875020144,4.79722848290196,4.79424767512645,4.79206078210034,4.79011940103366,4.78897509082271,4.78863267790279,4.78910452694891,4.79071275399928,4.79417541255366,4.79746406334884,4.80276515204382,4.80962731599791,4.81793602789809,4.82749163056988,4.83878309282312,4.8512362347838,4.86482040123536,4.87957744040308,4.89549159249855,4.91253615174835,4.93059681135666,4.94952254183157,4.96919957280432,4.98936903229714,5.00992497116504,5.03078142248751,5.05170605226807,5.07256698071825,5.09312069077899,5.11308181854767,5.13225529814284,5.15047535077848,5.16753748393251,5.18331370487636,5.19720087715342,5.20934272739209,5.21943254737221,5.2273852807206,5.23310839490382,5.23656281370231,5.23775122564005,5.23656953511954,5.23317172785249,5.22806695710295,5.22177151790289,5.2149912898298,5.20825352192725,5.20258293972894,5.19892797126299,5.19822525610357,5.20144947204364,5.20939932174955,5.22256075234802,5.24123408060478,5.26523936609076,5.29400216861869,5.32646289630538,5.36116606910988,5.39640749215371,5.43061626126063,5.46240820032166,5.49019454924233,5.51332289220969,5.53123778515128,5.54390073325784,5.55111393598251,5.55325773551735,5.55060215337447,5.54399016979296,5.53373016554376,5.52043072815741,5.50442412612013,5.48637482272827,5.46657886305869,5.44529747073866,5.42269978778109
4.90005808855977,4.8965589662848,4.8929557675311,4.88924874038729,4.88542559151738,4.88150313058007,4.87746174040281,4.87330979416017,4.8690154535894,4.86460053668854,4.86004520851073,4.85536108787031,4.85055291973152,4.84565545214293,4.8406406679987,4.83557169815913,4.83032852928913,4.82506814584006,4.81983738396273,4.81457732871272,4.80940114391625,4.80434242511645,4.79945140547081,4.79486687785394,4.79054483899088,4.78659150164469,4.78296603156655,4.78019686570147,4.77772678078794,4.77590686478832,4.77493260092888,4.77453813402308,4.77605211308189,4.77818296311218,4.78209907947934,4.78750262987642,4.79383139430773,4.80246620198408,4.81205772844306,4.82317519460157,4.83588058456417,4.85007629335447,4.86561537171447,4.88247681967418,4.90058030654932,4.9197602372452,4.93989298834368,4.96088559813179,4.98231633493219,5.00419636433047,5.02643120348333,5.0487058860209,5.07101195830167,5.09302102021767,5.11446998817182,5.13525121516617,5.15521044925542,5.1739072201056,5.191411761961,5.20716887581736,5.22101718011741,5.23274250273821,5.24211206652955,5.24895860703991,5.25315098616494,5.25449911136779,5.25286931486187,5.24842743805322,5.24174554502621,5.23332691543189,5.2238275199166,5.21410821518135,5.20528200337619,5.19848977921571,5.19504816828015,5.19622775964539,5.20321973711515,5.21690122653595,5.23756262726989,5.26521952996532,5.29917645124502,5.33803805190708,5.37997340179806,5.42252930291869,5.46387929613904,5.50176841163612,5.53458689331148,5.56139981990707,5.58168151581398,5.59523531405868,5.60251468773086,5.60380421955627,5.59944109226325,5.5906506792947,5.57778467597218,5.56190539685969,5.54299983320032,5.52229868183206,5.49983395021795,5.47588211797307,5.45094744913616
4.89924295936576,4.89558102668417,4.89181418225717,4.88791936611827,4.88390463317425,4.87976034254994,4.87549835555146,4.87110922137576,4.86658245517556,4.86190196546416,4.85707114153067,4.85208226591585,4.84693995629859,4.84168630494672,4.8363090566067,4.83079221433055,4.82517646932613,4.81945025576442,4.81368240190084,4.807835668373,4.80200746908654,4.79626754984124,4.79067314832331,4.78532820417461,4.78024771326891,4.77553768060336,4.77126147711359,4.76800623601686,4.76474950715754,4.76257080596872,4.76112847580274,4.76071596148831,4.76193563701597,4.76378692202823,4.76694986494105,4.77160086079583,4.77774463831352,4.78534471665346,4.79464757470131,4.80560193641113,4.81824939630686,4.83257781492568,4.84853540171768,4.86597216803037,4.88481437594687,4.90501024823193,4.92637410745472,4.9486113467918,4.97171722215802,4.99517737617104,5.01912278775561,5.04338880253351,5.06773013162151,5.09190649534439,5.11579560223911,5.13904217367036,5.16145006696462,5.1827590580453,5.2027295667756,5.22109656885242,5.23726555694138,5.25107682219018,5.26219604461966,5.27037993497827,5.27527862799184,5.27657756626861,5.27417249464832,5.26813832344515,5.25904621114272,5.24743253746528,5.23397531877164,5.21977742128071,5.20606274924693,5.19439886585591,5.1864700877709,5.18408400224282,5.18892589043083,5.20208111070582,5.22457471331335,5.25649607221736,5.29694481021658,5.34397766271023,5.39513689378764,5.44740310909777,5.49760725451522,5.54322689358744,5.58228531976042,5.61320432880474,5.63586935660489,5.65028767101943,5.65707752216596,5.65682351117644,5.65028669388106,5.63886593304089,5.62319345287415,5.60432479880874,5.58251461813104,5.55876950401069,5.53348719399107,5.50688215230796,5.47928141438723
4.89856272126454,4.89477604981079,4.89086406217164,4.88680226376834,4.88260372744081,4.87825999574435,4.87378732286065,4.86916302058232,4.86438463905195,4.85945004347689,4.85434630326815,4.84905169357109,4.8435829272383,4.83795024523588,4.83215918108255,4.82639934891196,4.82014638566869,4.81393070816242,4.80760966927922,4.80116262772084,4.79464830018208,4.78820385789695,4.78181755978776,4.77559786774775,4.76981823687224,4.76408863406223,4.75945678683855,4.75439610601134,4.75091286707975,4.74895118069422,4.74630277182505,4.7452228418263,4.74511089295621,4.74615939019127,4.74849648226782,4.75232295876604,4.75786995639245,4.76514084522754,4.77429033341009,4.78535201928206,4.79834386044586,4.81324960621982,4.83008284064005,4.8486463499718,4.86883024684029,4.89057673132195,4.91362852525769,4.93778144639417,4.9630466469746,4.98879467723267,5.01505143279152,5.04168458178893,5.06849883663624,5.0952349100021,5.12172513117215,5.14765907505015,5.17285045205479,5.19700753222727,5.21970905331935,5.24081649341101,5.25949102449851,5.27559489614418,5.28855385823331,5.29805612678345,5.30353943240944,5.30437294611779,5.30059320564337,5.29230698054486,5.27991865751332,5.26401616263547,5.24526006771179,5.22492821586832,5.20456181406488,5.18618857395802,5.17200647177426,5.16419037253666,5.16535492267431,5.17742374127452,5.20166679220427,5.23889114678198,5.28756663702748,5.34543316344317,5.40890137099743,5.4735292427378,5.53528813588882,5.59050236031851,5.6367557535051,5.67219265613481,5.6968585846978,5.71142294301859,5.71662034526565,5.71371351265364,5.7041765120409,5.6889901109275,5.6696853325429,5.64690065802225,5.62186248073609,5.59462662023211,5.5663068556901,5.53710991009335,5.50754999272644
4.89779974248609,4.89390621107749,4.88985590959691,4.88566746730521,4.8812967900519,4.87676662376858,4.87207967910128,4.86724580390265,4.86223632926089,4.85705344312662,4.85168737024012,4.84611218662235,4.84033049759009,4.83433998158719,4.82813782682642,4.82170477122877,4.81505962895144,4.80829004110713,4.80141932456668,4.79437253348642,4.78719217604288,4.78004553300394,4.77286086981468,4.76586582230628,4.75989995422298,4.75251715106502,4.74667574705246,4.74119696110239,4.73637048829116,4.73207619293277,4.72889237511246,4.72669901625366,4.72558906800253,4.72573362886253,4.72737581815304,4.7306419545589,4.73579202523208,4.74287883671365,4.75203375193907,4.76337122884663,4.77691998027534,4.79256965886836,4.81039678097188,4.83027718367104,4.8518893638956,4.87519061325188,4.90009318725755,4.92620061782813,4.95350123457023,4.98168098069571,5.01038805941203,5.03971190841834,5.06931405542932,5.09906256124743,5.12872169393718,5.15802229491429,5.18664325816723,5.21428109295491,5.2404606265557,5.26499004799224,5.28691964206569,5.30589468136534,5.32133042691653,5.33254186806639,5.33874907447174,5.3393106522823,5.33410006968848,5.3231459643838,5.3067758757635,5.28533299339578,5.259856553505,5.23161029835396,5.2027111232312,5.17512759260817,5.15196275815655,5.13622347332903,5.13130386013639,5.14050695080768,5.16601893648829,5.20896059684829,5.26836549798675,5.34063495159029,5.42027099079036,5.50191045019032,5.57856590668444,5.64580626845502,5.70029462307666,5.74067463794624,5.76687071165084,5.78025960711625,5.78262680050209,5.77597764082904,5.76200409177638,5.74182010887174,5.71785531223541,5.69043995652628,5.66118832680764,5.63011223181488,5.59842034451922,5.56661146075968,5.53444899012635
4.89710176141139,4.89309386360368,4.88891307672246,4.88456495652263,4.88005108543211,4.8753291644463,4.87044541033761,4.86536771075781,4.86012935052473,4.85469664239647,4.84905933430148,4.84322425012265,4.83713162050356,4.8307678686787,4.82425437169615,4.81741954190967,4.8103288272198,4.80300115674057,4.79555539470787,4.78771276078722,4.77998563685556,4.77195630036778,4.76404894482983,4.75636162580469,4.74879074283697,4.74125484787639,4.73406580322195,4.72721036666149,4.72089267486284,4.71524343332502,4.71043875920897,4.70668645274753,4.70422857185852,4.70318767720963,4.70380281630773,4.70627233356476,4.71073346519032,4.71742952997975,4.7264857199824,4.73797920392783,4.75194821179111,4.76832490133222,4.78715446095464,4.80832865136613,4.83153739502748,4.8566825914666,4.88359566628646,4.91213065477828,4.9419382644624,4.97305969583446,5.00484599373861,5.0373916478245,5.07042148228568,5.10375398075953,5.13717079254193,5.17031080344061,5.2028879513069,5.23451206458225,5.26462744379845,5.29294926568443,5.31875733585992,5.34101674704837,5.3594196515906,5.37281871602354,5.38017199856556,5.38060106009575,5.37395868866485,5.36002580551045,5.33895880788936,5.31087138983959,5.27684925513695,5.23879385346667,5.19835481097087,5.15889286467803,5.12350225752315,5.0965173189706,5.08228703186209,5.08572236202202,5.11135846488945,5.16134208777105,5.23478570056251,5.32634524522996,5.42902288614955,5.53267310280067,5.62880283026486,5.71091420126207,5.7747635547871,5.81988264334457,5.84639123515746,5.8574933765794,5.85552780262642,5.84345473096612,5.82349991683226,5.79749319824633,5.76755103774076,5.73480921023086,5.70041531050285,5.66512506346812,5.62941227728835,5.59393294674821,5.55881316313525
4.89646821348994,4.89234640343132,4.8880492072093,4.88356354163527,4.87887915370394,4.87399187896202,4.86889816698508,4.86360541927298,4.85811936941238,4.85243887779291,4.84652381968331,4.84039668689489,4.83399571610212,4.82724075098853,4.82020873903922,4.81288638693779,4.8054059126438,4.79757770337187,4.78949528817335,4.78126793699584,4.77285779968437,4.76448233259371,4.75581804562684,4.7467988621398,4.73778663954063,4.72885688007686,4.72006782587155,4.71163739829349,4.70373513153348,4.69645244724329,4.69000256211403,4.6846367921509,4.68065465884058,4.67828334549332,4.67769955583071,4.67917551830018,4.68294811886632,4.68920235646276,4.6981579714632,4.70985626346908,4.72438035362309,4.74173500551517,4.7618505011257,4.78459643989367,4.80983665848631,4.83722723088987,4.86659993288646,4.89792699918188,4.93078805840396,4.96512389780684,5.00038696033698,5.03645474798319,5.07321865088262,5.11038305677659,5.1477463285842,5.18499747072669,5.22168411751681,5.25757444189254,5.29206879896706,5.32460820759179,5.35480596378388,5.38120090153398,5.40313183010637,5.41934885740435,5.42831821242003,5.42922125453798,5.42138113387547,5.40430630929815,5.37779340535638,5.34217319796354,5.29839736457572,5.24798105742133,5.19357971198949,5.13845500232624,5.08696152322391,5.04355898185674,5.01492072151543,5.00823728868312,5.03146564282882,5.08832430754401,5.17923991040886,5.2985073565469,5.43248643718908,5.56684312079087,5.68842817887127,5.78788525652781,5.86164077089226,5.910520889774,5.93634739838297,5.9429097074762,5.93418386227127,5.91450182087602,5.88711696237808,5.85432034627761,5.81734799997981,5.77875119053813,5.73876642336888,5.69881223722897,5.65881861916428,5.61963421404676,5.5812250619531
4.89616161116608,4.89192568622022,4.88750954036258,4.88288921526711,4.87805234552472,4.87300164460464,4.86773310643068,4.86222634783804,4.85650248939012,4.85054345664572,4.84433772216986,4.83798407978526,4.83121222257199,4.82416707686511,4.81674974118592,4.80878596790226,4.80074608753901,4.79245567523401,4.78371116731338,4.77491452146941,4.76565058642983,4.75603763715528,4.74614027952749,4.73596265353014,4.72562353577946,4.71528533483113,4.70503055396675,4.6949973813632,4.68538763017178,4.67639336909813,4.66826021630585,4.66124775959353,4.65561868848124,4.65177936655638,4.64993102327803,4.65036756165549,4.65339728905213,4.65916701906625,4.66796517663816,4.67991559937877,4.69503272031587,4.71339826362257,4.73488659841798,4.75944440322439,4.78675570244999,4.81671442065755,4.84894925787345,4.88335613197564,4.9196732500189,4.95761578905033,4.9968798210626,5.03691962922792,5.07782596517639,5.11919893293639,5.16078883888084,5.20246050371856,5.24366990167027,5.28416725230856,5.32350548464232,5.36085975107968,5.39601703808113,5.42748391052744,5.45384421128602,5.47367504517613,5.48531699271181,5.48761672529557,5.47907652403378,5.45880920659666,5.42622447875304,5.3816802452402,5.32597882761235,5.26091901674075,5.18931074677891,5.11456946107107,5.04156624735813,4.97548675908405,4.92510526869938,4.90088215608987,4.91428410580843,4.97729774600725,5.09272107870897,5.25135381334441,5.42971018186233,5.60788951089933,5.7742501492184,5.91931759028082,6.0280335986641,6.0817364357503,6.09150520088197,6.07726935022668,6.04366005694344,6.00364644718713,5.96004288860951,5.91436740244444,5.8674577268902,5.82102017038286,5.77493534064096,5.72981224709733,5.68557928181734,5.64274738572752,5.60114575452235
4.89622610954096,4.89189985455495,4.88736276668548,4.88261128891686,4.87763549251902,4.87243895103143,4.8670023578158,4.86132059160889,4.85537156426418,4.84916551185087,4.84273606315627,4.83601363822899,4.82908393119572,4.82179993974951,4.81416470848487,4.80625697794675,4.79748266402982,4.78864945381555,4.7791834319474,4.76918989671964,4.75880220203749,4.7479368117308,4.73665430237908,4.72508200003856,4.71321187114145,4.70120344633485,4.68919271786597,4.67729295174846,4.66577885934131,4.65487526996346,4.64476769295988,4.63579390107786,4.62829200740663,4.62267293281565,4.61927296580677,4.61836134987071,4.62032440957061,4.62547184905297,4.63404606098961,4.64618402530017,4.66203068670574,4.68153500438519,4.70477835904056,4.73160119289776,4.76168062577616,4.79482259066036,4.83057445082083,4.86861543555099,4.90896704338579,4.95093093603426,4.99445047906803,5.03871795666392,5.0837315405489,5.12934381763753,5.1752706014528,5.22131388048853,5.26719363137933,5.31244086323722,5.35691195882385,5.39987373156291,5.44058746704827,5.47820335934094,5.51041500722904,5.53552351579041,5.55146333498766,5.55644566866994,5.54830629433868,5.52536452953536,5.48650951764245,5.43138587692441,5.36152319601122,5.27893339337922,5.18710284391823,5.08809589822795,4.98748633744971,4.8918689566713,4.80875569533733,4.75276053698565,4.74522792844146,4.80810622566031,4.95495115102333,5.19380114385131,5.6966683180588,6.2736811465337,6.58817009129716,6.68166267370163,6.64744726013239,6.55405852609113,6.44372937515153,6.33109748209614,6.22786797692488,6.13623358420008,6.05480519427982,5.98315327278351,5.91903513892669,5.86027569730877,5.80609456105083,5.75515541255518,5.7069330778354,5.66096422021794,5.61691469310398
4.89636995754524,4.89195707662277,4.88732411513154,4.88247257753725,4.87737534867657,4.87202422713921,4.86642153616155,4.86055930192666,4.85442288205313,4.84800120939885,4.84129256815649,4.83447650717548,4.82718660177536,4.8196396634149,4.81146919254813,4.80290506073488,4.79375973787484,4.78408008357557,4.77384945246992,4.76303352905747,4.7515952123099,4.73958042279559,4.72700164751091,4.71397434349944,4.70051928688592,4.68672555045633,4.67285483290018,4.65898675525596,4.64537037565392,4.63226753236046,4.61993958001465,4.60876767743867,4.59912227618626,4.59144719279175,4.58619986234968,4.58378984015692,4.58458415565822,4.58901082518523,4.59730090620823,4.6097868370325,4.62657838685807,4.64761891087841,4.67293536444799,4.70227889167218,4.73542682951883,4.77198975087255,4.81145674920709,4.85350128155288,4.89781426853722,4.94392640038439,4.99161715327986,5.04028559247593,5.08956101678433,5.13952016849082,5.18979052171784,5.24036923725042,5.29109667240308,5.34153580422147,5.39154192284341,5.44079375487874,5.48840948477634,5.533534807124,5.57344509883127,5.60605338914495,5.62883370670015,5.63873603278806,5.632675045524,5.60765904422107,5.56225385917999,5.49576632155728,5.40985195012729,5.30702940580167,5.19087986130247,5.06384883456401,4.92982168214815,4.79513166582241,4.66552731215996,4.55774824516226,4.50404532014983,4.54703458543295,5.20429504226639,6.49966023432968,7.24642252067702,7.53391158758629,7.53744887179507,7.38965564975286,7.18263518518229,6.96112413868319,6.7524490602919,6.56697014273873,6.4041542020542,6.26559472398693,6.14826387874551,6.04884241669876,5.96489582503781,5.89208558620655,5.82825631681286,5.77111805587143,5.71897124256913,5.67037450651387,5.62489969303304
4.89662261680938,4.89211928820273,4.88738721835812,4.88243002504097,4.87720755838545,4.87171300987087,4.8659255478514,4.85986554777456,4.85351355516961,4.84684077165731,4.83990152458257,4.83263499714805,4.8248881921485,4.81697395321327,4.80843974863572,4.79926051349702,4.78948174205749,4.77910092281863,4.76808309452648,4.75640293225003,4.74399843080207,4.73091536134641,4.71716091308092,4.70278917334518,4.68788428601338,4.67249820150466,4.65683494185015,4.64101045414486,4.62526124399236,4.60991119696921,4.59528263918335,4.58168971064645,4.56962610333082,4.55962684869331,4.55221711017795,4.54793669216268,4.54722753663184,4.55060117454501,4.55852636719118,4.57116790161917,4.58877047085451,4.61132614593436,4.63871900633226,4.67079427719973,4.70716805467887,4.74738279124453,4.79094828467154,4.83730408627743,4.88598776111316,4.93655583802412,4.9887021333575,5.04186677280644,5.09565006802709,5.14996374053875,5.20481735135165,5.25996530621675,5.31551600012712,5.3714042105599,5.42748156968241,5.48371223243725,5.5392014011361,5.59331855308443,5.64333006568951,5.68665770671055,5.71970514134217,5.73827348770957,5.73707658438799,5.71146310111743,5.65894243400635,5.57993869260469,5.47548911974421,5.34973092639481,5.20574443517615,5.04759586979749,4.87666956566735,4.69540803970926,4.50698855291511,4.3194198850853,4.14291433302124,5.13703478584427,6.80487238689378,7.74877637150643,8.14224620789139,8.19264487859472,8.03302366792621,7.76029400989418,7.45702046738361,7.16843867698878,6.90911133831415,6.68641869304597,6.49644680503206,6.3348786201864,6.1992467982229,6.08477675676739,5.98789206963895,5.90566188869529,5.83486376466516,5.77297579074958,5.71815118600425,5.66807572673811,5.6220069354633
4.89723349015632,4.89265764322026,4.88783731411511,4.88277384082655,4.87742419774765,4.87179240421634,4.86585171996373,4.85960305509378,4.85299041204675,4.84606407890901,4.83877053641817,4.83112592315578,4.82309663109213,4.81465595277746,4.80563008426839,4.79594839108046,4.78557513128216,4.77452192089556,4.76273679932724,4.75024422170666,4.73688941219696,4.72276464535318,4.70778209636231,4.69205613376633,4.67559958370152,4.6584980501304,4.640885347935,4.62295946646021,4.6048961229474,4.58701699389256,4.56969319320227,4.55330906028676,4.53841885669439,4.52560806603982,4.51554702999287,4.50885952713045,4.50628496280482,4.50827758747945,4.51548688410201,4.5281858438726,4.54663983809341,4.5709728091798,4.60077442732922,4.63601102671549,4.67611965522386,4.7205792958847,4.76864273669356,4.81968329606435,4.87312539990342,4.92859140101366,4.98525307786871,5.04313505801737,5.10134823244709,5.1601056539434,5.21937312339455,5.27914175003075,5.33955035022165,5.40093561559625,5.46339604871097,5.52726316773858,5.59184845891189,5.65685974775468,5.72020903553883,5.77871865093974,5.82745473017544,5.85936693684215,5.86757154867785,5.84421373744883,5.78505444814567,5.69123883927231,5.56525670049315,5.41289442314982,5.2386671920256,5.04748312978357,4.83847939733363,4.61115922308848,4.35669291507739,4.01801477715435,4.44724322121745,6.3456396564756,7.5495265155682,8.11610293275995,8.32431093092702,8.28865846906044,8.08747961449959,7.79699867840577,7.48002329732896,7.18248268109316,6.91848914240249,6.69068204389899,6.49781303796963,6.33385968735623,6.19510351909997,6.07745536489094,5.97745058566868,5.89273121136045,5.81986984765651,5.756753093599,5.70130068374198,5.65175159179723,5.60636066874691
4.89812779583077,4.89350400288833,4.88861495733603,4.88347529834734,4.87805746646175,4.87229143372525,4.86623085760754,4.85977751783924,4.85299443157505,4.84582443305087,4.83819262088649,4.83022799051356,4.82152785252261,4.81264554636778,4.80319240659859,4.79312888935812,4.78227081727508,4.77064165056784,4.75817737233871,4.74483851181508,4.73062348692284,4.71539627275962,4.6992580052546,4.68212041535244,4.66409532328632,4.64520845286538,4.62552970830495,4.60527962974418,4.5847022006606,4.56394680953416,4.54359232525847,4.5239923752721,4.50572978369965,4.48952545321783,4.4762364563063,4.46666824028917,4.46159361623517,4.46182857239994,4.46797542492633,4.48062714250274,4.50006907629213,4.52621492614599,4.55880606967251,4.59748528786998,4.64169238514238,4.69086860964189,4.74386595460562,4.80012421719158,4.85884096002486,4.91944235392124,4.98118272872823,5.04395344813302,5.10704559444814,5.17038138386713,5.23411196588801,5.29848578777864,5.36379307671916,5.43060382795886,5.49955937863847,5.57118216165365,5.6459049050206,5.72345811312089,5.8035746226812,5.88252654173507,5.95437532591888,6.00863238377641,6.03260799446764,6.01488622615052,5.94916805497331,5.83702792669531,5.68421170090322,5.50041783327729,5.29302727793162,5.06855261805176,4.82541357872542,4.56139018683447,4.25061814716684,3.93000145862418,5.13441507038263,6.75511381912925,7.58248640872007,7.92211457477561,7.95636787043503,7.83392523845284,7.66440158417243,7.46806957880119,7.2411399666775,7.00772924750475,6.7875396330621,6.59001729246236,6.41732320120592,6.26740415652881,6.1385282262961,6.02802196406976,5.9334419526968,5.85207554371784,5.78180591082574,5.72095194967932,5.66789927438852,5.62056946053756,5.57760006081684
4.89925485687911,4.89459202669385,4.88964838161761,4.88443688391162,4.87894570185272,4.87311531705696,4.8668919704863,4.86036255541485,4.85346944256472,4.84610640137265,4.83820506921794,4.82982891000224,4.82118958581986,4.81135770038606,4.80126057536195,4.79071956090178,4.77945019065305,4.76731271711521,4.754326473095,4.74036678291299,4.72545259695386,4.70935697526048,4.69217093856121,4.67381650089856,4.65427725521624,4.63368430158423,4.61190210436672,4.58926936278595,4.56585757517345,4.54201561639355,4.51814560655793,4.49472642625886,4.47246727466248,4.45216317597592,4.43477342814608,4.42138645031258,4.4129551490354,4.41068968359657,4.41529590402548,4.4274310396229,4.44765800131306,4.47569692273941,4.51144546773751,4.55413834068793,4.60323156878442,4.65771425638842,4.71663491530622,4.77896191029339,4.8437064850016,4.91016794453135,4.97771736980097,5.04576276027251,5.11384365239098,5.18170163353621,5.24972413722254,5.31815237040453,5.3877686593401,5.45951217542484,5.5343995431303,5.61344260289878,5.69772795504602,5.78939591402616,5.88940404586218,5.99565659528581,6.10210747790773,6.19234422160664,6.24355601498267,6.2371532662697,6.16432568973329,6.02800005917572,5.83947602726831,5.61525537168267,5.36844845339947,5.10966777962167,4.84189219810908,4.56018259561208,4.24340383973296,4.03637286126033,5.46840223736198,6.76575719221642,7.37056223195527,7.5243560792832,7.28626608049226,6.97730562371115,6.8584787565323,6.83409513102565,6.77699531955147,6.67118578556895,6.53872197284017,6.40099421038325,6.26799731750779,6.14722686980565,6.03897365918599,5.94379851443401,5.85993543643367,5.78715480582793,5.72343387472843,5.66805381749341,5.61905014726506,5.5757843355436,5.53661169024911
4.90076489790854,4.89605977870958,4.89110285771177,4.88582573014048,4.88024274738248,4.87428069537679,4.86790062594649,4.86115892557797,4.85426830110951,4.84672703494344,4.83867692970938,4.83001494546242,4.82089178620766,4.81142226494748,4.80085528572421,4.78975976977866,4.77788242718617,4.76511649790038,4.75142529476045,4.7367051561113,4.72086925152158,4.70384279529265,4.68547994892021,4.66580659853582,4.64468099652012,4.62218813388572,4.59833701258335,4.57308488005363,4.54680881271926,4.51949246066076,4.49171569790967,4.4639776860658,4.43703498602302,4.41174210795955,4.38925495962958,4.3710829236013,4.35848297164867,4.35276070776538,4.35527965507274,4.36670246419034,4.38779841556668,4.41825224624164,4.45789630574044,4.50547580364888,4.56046281167872,4.62137037545405,4.68722983989504,4.75648915797105,4.82821232621857,4.90119043520104,4.97481209545588,5.04813604062288,5.12131910970897,5.19355994129443,5.26529464370835,5.3371837474066,5.410183934904,5.48589378428953,5.56556731000945,5.65057032861066,5.74344544961737,5.84686809624422,5.9677019813808,6.10999979417814,6.26891420562607,6.41710295181475,6.51754705413227,6.53428788173472,6.45191837522869,6.27771448588217,6.0364047472925,5.75507412559316,5.46070345440869,5.16629996941102,4.87920379817078,4.59956674666807,4.33187880382271,4.18584114853414,5.54542091883633,6.61008963699248,7.08433201751293,7.08375404001802,6.52893044594415,6.03136047537583,5.94499756070541,6.08023661263833,6.19671284958707,6.23370266654749,6.20746286063133,6.14682151541421,6.06840943464659,5.98515158640969,5.9058261262052,5.83156630867072,5.76406059092312,5.70322943690664,5.64900734939208,5.6010586277046,5.55825877829201,5.51997693698873,5.48559625504304
4.90230189107149,4.89761882263617,4.89263538792583,4.88734856199784,4.88176291702603,4.87581097240438,4.86949471694862,4.86273074611337,4.85555913367959,4.84788444433776,4.83965043092723,4.8308366498436,4.82125333101613,4.811073801018,4.8002751843603,4.78917234464136,4.7769875087384,4.76377106155801,4.74948042821089,4.73408823958929,4.71746486699371,4.69951810177525,4.68002870521364,4.6589948015736,4.63626302313856,4.61181095249716,4.58560757498915,4.55760028294322,4.5279686307324,4.49692710728013,4.4646404988765,4.43194341342817,4.39933374411077,4.36807936828771,4.33951011253534,4.31522065058818,4.29716563377828,4.28699772153618,4.28664011277139,4.29719408605908,4.31927337633395,4.35270423088652,4.39704954892977,4.45093067702474,4.51288124741797,4.58142420088842,4.65519527530941,4.73242985159328,4.81181983805017,4.89222222674917,4.97258639919463,5.05184706976089,5.13009460789183,5.20605702519835,5.27976623025056,5.35307096366673,5.42779838658989,5.50627467919309,5.5899996607796,5.68057961770014,5.77919850489608,5.88912197641772,6.02489610514506,6.21026572711706,6.44769825014262,6.69952473989073,6.8879337845748,6.94775019456329,6.84456915692971,6.60615217812624,6.28048113331784,5.9199916482778,5.5604039932294,5.22363366579742,4.91724729478946,4.64946486813708,4.41411321048563,4.28337437246782,5.47368719470057,6.3326781602555,6.71644521864119,6.6589586903281,5.88088434684922,5.22562364706943,5.13606774905244,5.35763155342442,5.59837523441525,5.75806385943987,5.83357245783326,5.85131937760024,5.83219556768284,5.79427751538549,5.74782960917073,5.69849341778656,5.65049900373712,5.60442504866342,5.5622539727727,5.52347342805043,5.48814992641313,5.4562437017104,5.42702655681517
4.90414547049372,4.89946215747472,4.89449803287196,4.88921125222154,4.8836212702803,4.87767392461514,4.87133178714383,4.86454310867125,4.85731216115441,4.84951158377437,4.84121085272104,4.83225320993487,4.82262849460707,4.81238139174015,4.80136575865332,4.78941671851016,4.77691879121663,4.76335335214013,4.74862709993419,4.73266094357198,4.71534611288062,4.69659396094034,4.67621133270751,4.65400098489605,4.62983950916362,4.60357500150661,4.57514681304502,4.54439542302446,4.51137939077676,4.47621132605038,4.4391189538906,4.40055757795899,4.36151317356327,4.32284698964668,4.28659341640998,4.25440747106815,4.22909962068297,4.21309972796669,4.20853598933958,4.21745411186252,4.24060043409974,4.2779057999905,4.32807301114069,4.38954962391184,4.45985450392267,4.53769883746501,4.62068081267237,4.70739192277807,4.79607842735295,4.88528851826944,4.97337683691293,5.05923174903329,5.14100893774514,5.21934834787158,5.29506111649124,5.36958099533277,5.44534555088867,5.5254468180047,5.61200430640844,5.70825405835201,5.81392710557611,5.92482779254218,6.06327218625505,6.30408155717736,6.6792765398539,7.12235714913438,7.48554937333737,7.5923896549433,7.42559025848656,7.05067563917772,6.57841823772671,6.09759955648299,5.65686858702836,5.26651388038073,4.93579665959844,4.67463548778687,4.40276814042513,4.27684805102674,5.30286572515102,5.96308697137563,6.27640911587854,6.27027122343418,5.46602889747166,4.65378520710397,4.48532271910494,4.72042698794406,5.03188820602866,5.28018892079549,5.44207955973164,5.53384396801377,5.57422899192706,5.58229062128883,5.57157859014812,5.54987057135397,5.52319774087414,5.4945388798373,5.46539140669392,5.43744450902281,5.41084414957992,5.38589401088405,5.36265333397444
4.9064439268037,4.90178546241737,4.89683534636578,4.89157131604245,4.88598541289156,4.88008286895767,4.87371821684456,4.86694008821182,4.85967500842436,4.8518589755747,4.84347589737827,4.83443826427713,4.82477233075466,4.81436633827536,4.80344153683442,4.79163295433026,4.7786738762612,4.76474013521817,4.74959561905574,4.73311499902315,4.71517534024422,4.69559320612164,4.67430549010113,4.65094843960832,4.62542646579659,4.59743276641327,4.56680727568727,4.53339650460197,4.49692650386106,4.45755835217125,4.41514365189519,4.37031403742619,4.32359573125916,4.2763519059794,4.2303039369879,4.18822301806414,4.1531327282787,4.12881782195488,4.1185557574941,4.12505706467575,4.14957716434128,4.191829654699,4.24962933309223,4.32072906266419,4.40195581387168,4.49100820967107,4.58506490193609,4.6825216844539,4.78154688935197,4.88053526622736,4.97781767882963,5.07172693019715,5.1602561708942,5.24209761105627,5.31794070687781,5.39100772619747,5.46883888093854,5.5569096245468,5.66494095037289,5.78716174774786,5.92495547188242,6.03819375682249,6.03407560214323,6.12315186707141,5.96835285837544,6.08170800133824,6.72456929868346,7.36130669818281,7.66890608453021,7.43700002704955,6.87341931164935,6.25128819312393,5.70871533785442,5.26885760121508,4.92023285841203,4.65699230654516,4.32229157259174,4.21595707541791,5.08434399219036,5.6035784865813,5.82164222132145,5.84613031781413,5.29580813276899,4.33300287993103,4.00491291298427,4.18515397905255,4.5187110795951,4.82530372954919,5.05530303846934,5.20936598654061,5.30495229510242,5.35821408745146,5.38318478453834,5.39009032250786,5.3857984227557,5.37506068158626,5.36079802782462,5.34448183610626,5.32742380014288,5.31032894776525,5.29381416016181
4.90886499754032,4.90430288218353,4.89943501557296,4.89425003087632,4.8887264916396,4.88288111680757,4.87659963485804,4.86985903504657,4.86264964709784,4.85487136442459,4.84651292983176,4.83755156688969,4.82782954366941,4.81729868289259,4.80628000645839,4.79411927425856,4.78127528511088,4.76724761864557,4.75193702553296,4.73521868426937,4.71689812536749,4.69678376144771,4.67472002413189,4.65048585230425,4.62373336138779,4.59419182828819,4.56155119252388,4.52544369332482,4.48562480172851,4.44176713067127,4.39394087174691,4.34198490952247,4.28655610185063,4.22882020122784,4.17098588708899,4.11564853861341,4.06771413864087,4.03194994199911,4.01378582811648,4.01673715641912,4.0431236138828,4.09203807774797,4.16063414446425,4.2444417145412,4.33917358068694,4.44120018532707,4.54807141061084,4.65779184618532,4.76904802068668,4.88011769651861,4.98908775311989,5.09329360917687,5.19197960254051,5.28507960551404,5.37262882021424,5.45482791293606,5.53186777602625,5.60706474901884,5.69617449962242,5.80494785197019,5.2728125441174,0,1.83452487796007,2.2476394350454,3.44897097949691,4.50145508399168,5.25441502368779,5.87626423509298,6.54395308316602,7.00129312823597,6.81900542589461,6.24659904926463,5.66106494896108,5.19333963734037,4.83951908281132,4.59173549467252,4.16635177785428,4.15236440061102,4.90448766386645,5.32316599006243,5.44259489846095,5.41814356244611,5.16300228021208,4.25703488137264,3.72010556413322,3.77308218532714,4.08114180318507,4.41237495417658,4.68860987090326,4.8925208321088,5.03548013580824,5.13013620778063,5.18891137236856,5.22343983269233,5.24182768528912,5.24967698390453,5.25028887602646,5.24615297018668,5.23914058414208,5.23063658049551,5.22115957644333
4.91179269965174,4.90722614717859,4.90248275010441,4.89740047843199,4.8919806853015,4.88621081424073,4.88001986336935,4.87338832096682,4.86627182411821,4.8586317579013,4.85038969461021,4.84150426104569,4.83186344274942,4.82153833016918,4.81025429023063,4.79852372609146,4.78538034354113,4.77126686013467,4.75587794021684,4.73902660709686,4.72053870677183,4.70017565514417,4.67770633800381,4.65282621273367,4.62519804773002,4.5944920926939,4.56020862619001,4.52185908922704,4.4790332523444,4.43112480935931,4.37759933470472,4.31841425081268,4.25338153857523,4.18362647004392,4.11062149290658,4.03858557746213,3.97260873913271,3.92039543461362,3.89013859595864,3.88835533124069,3.91752089851719,3.9767704963333,4.05982578064895,4.16014753355843,4.27195870022828,4.39088635637218,4.51295394785023,4.63633169288267,4.7597657916973,4.8838050474087,5.01072378954997,5.14374183139254,5.26294434497948,5.35259753913267,5.42177380248867,5.48484910300122,4.29265205990416,0,0,0,0.950388406208256,1.06940581592179,1.16579239235491,1.9110184796376,2.98518052034518,3.64112388643333,3.69328249106986,3.66621811246863,4.41521053069231,5.52576481399573,6.05169540382685,5.87771927263781,5.40781332387803,4.98905017283449,4.67990413789279,4.46984271958205,3.99357363810015,4.14727214293161,4.81258648601722,5.13671973453662,5.18861121657943,5.09143670556254,4.88783555883288,4.35660635854809,3.63367444265374,3.4988418506697,3.73635700963554,4.06052201849067,4.35839740808789,4.59762769166789,4.77728988471015,4.90600166871233,4.99555604834651,5.05589756413486,5.09589373076583,5.12102252568201,5.13643978429197,5.14450316419674,5.14781324791406,5.14769057112249,5.1454062386438
4.91455030560304,4.910326528069,4.90576710753419,4.90083887273812,4.89555467304846,4.88991946421963,4.88387720045485,4.87738735015707,4.8704259587526,4.86294993111708,4.85485797119207,4.84614913984875,4.83671865586828,4.82652187181391,4.81541855941155,4.80312129583706,4.79050635502549,4.77669001724764,4.76147114573413,4.74474501456583,4.72632956418867,4.70592492392659,4.68331388123708,4.65817568890699,4.6300910106174,4.59858899504577,4.56316478696138,4.52310979483582,4.47778736667233,4.42632156970016,4.36769094499826,4.30136728729733,4.22650290907775,4.14288146298481,4.05234467273043,3.95813348657332,3.86736708901907,3.79054360659881,3.74211842529275,3.73287332854549,3.76729404668993,3.84143612449346,3.94558032350327,4.06901280337439,4.20223016442022,4.33957349331196,4.4784824151708,4.61851920069963,4.7663778134365,4.9118060838365,5.05301608580887,5.19603308846555,4.61725546478298,0,0,0,0,0,2.34143707640303,2.17274615007715,2.01074459021684,2.00234676728116,2.18526483711255,2.75372380332701,3.52557370087137,3.97264870033715,3.52514168530296,2.13213661967507,1.22789544266328,3.26357154489347,4.62754311900702,5.02801172368306,4.87942794054928,4.61748162964964,4.4255374155424,4.28019506523823,3.86780791926999,4.2588672933974,4.82590451712754,5.05497798917342,5.05481787268251,4.91490314933539,4.65986171129637,4.3126526342997,3.71785759865201,3.36457600534664,3.48626935453492,3.78175659122411,4.0808315965668,4.33710583950283,4.53996074617983,4.69511537672643,4.80995282517388,4.89219053419215,4.95095144688214,4.99254596351098,5.02159755012895,5.04144030405752,5.05457047863247,5.06284094482789,5.06788097756597
4.917639447435,4.91357271945698,4.90915616401527,4.90444454124718,4.89933848035295,4.89386171988255,4.88802954471879,4.88175343225407,4.87499308642381,4.86771355156577,4.85989506411755,4.8514303594282,4.84224034204273,4.83240076258681,4.82151957814189,4.80981917437358,4.79724029487778,4.78357827372814,4.76867857461028,4.75226562169309,4.73415630632672,4.71407535986153,4.69171174179393,4.66672365895541,4.63861373011605,4.60692064878971,4.57100863594993,4.53002629360736,4.48300410836419,4.42893011968959,4.36624364632296,4.2934043337409,4.20906703452059,4.11168821304118,4.0002494180207,3.87804522498193,3.75250567457673,3.63902747670368,3.5602670721379,3.53891450853251,3.58415881196667,3.68352288065529,3.82014315866939,3.97364038790263,4.13359884198093,4.2974667359529,4.4619496755887,4.61682114040678,4.76881198032235,3.7080202389489,0,0,0,0,0,0,2.6667953810741,2.66279758314342,2.49031625113612,2.30074152086375,2.14820648408863,2.1837607037631,2.53562494166185,3.19875549473377,3.95902826501892,4.53408754396747,4.52332287526574,3.54205874838888,1.84968137525845,1.51016239125611,2.89925880275073,3.77878801144905,4.05409632041375,4.07217831128717,4.07067703774524,3.98338128535516,3.89168506363865,4.48949157908666,4.92072978040951,5.0599155505492,5.01796225120275,4.848676991,4.56984444569364,4.21358530039517,3.80356449489178,3.3649480009203,3.30777452674919,3.55965910224456,3.85560589667349,4.11816947895665,4.33390868591605,4.50515898420544,4.63735456897463,4.73706678995788,4.81164014254008,4.86731216088523,4.90847853061515,4.93903729232159,4.96135141065064,4.97759057728312,4.98949482406192
4.9210238979272,4.91710110535679,4.91294506012314,4.90858413871402,4.90348890813959,4.89837097374048,4.89270893516693,4.88666437930632,4.88014300415521,4.87316059072518,4.86557008154907,4.85745391036685,4.84859231989602,4.83903352713472,4.82860603894576,4.8172526062356,4.80483212677582,4.79185732733393,4.7775545088491,4.7617165463564,4.74419414725041,4.72474840787698,4.7029827222334,4.67859336760143,4.65112944068046,4.61999585708635,4.58444196365191,4.54358717422446,4.49631950249369,4.44124493713392,4.37628941214324,4.29918379568957,4.20708255386977,4.09635462824654,3.96328174642034,3.80795874616719,3.63394435180886,3.46163957544735,3.33061384787125,3.28981402392895,3.35608386539449,3.50197361825431,3.68768562776014,3.88778113267543,4.08437010735221,4.2633610865127,4.44695477068881,0,0,0,0,0,0,0,2.46916880514502,2.51227934301332,2.48842624704878,2.36341022434164,2.15949532329388,1.94780513399654,1.83094930590057,1.9758682633777,2.43043235299518,3.09966167254192,3.81309619405102,4.38575682129709,4.66967082005352,4.4507805649907,3.50570629640016,2.22331481876208,1.7280538332107,2.3544364565025,3.00572225608389,3.36730513566327,3.60855150120647,3.67665237186247,4.19717112025287,4.78349709644109,5.0635529925322,5.12692787235787,5.04737138212017,4.84362836631003,4.54295554954431,4.19565701538577,3.82894405078379,3.45734967921113,3.20299258970372,3.35188025291561,3.66061988162898,3.93667781846254,4.16030567563296,4.34012966428564,4.48281310290048,4.59492614703537,4.68130429984043,4.74782587217253,4.79924791942951,4.83918766096354,4.86960926257468,4.89314927406023,4.91132108270166
4.92457467587266,4.9208313906626,4.91687311226061,4.91261489483763,4.90805026076194,4.90300244490352,4.8976872576688,4.89191014271615,4.88572524332804,4.87907854742845,4.87187975117101,4.86412876640712,4.85568727893659,4.84661756625254,4.836654805107,4.82586938903728,4.81404729267881,4.80182464015936,4.78780626948068,4.77271256640211,4.75603830275149,4.73752016868787,4.71686503269107,4.69368235421205,4.66752172734253,4.63771054115424,4.60355775755297,4.56417201437858,4.51821769492252,4.46405417001509,4.39952570299372,4.32166311041797,4.22642322750962,4.10738428131218,3.95692591085096,3.76629830264825,3.53010001027441,3.260285354694,3.02903140639438,2.94967575402599,3.0710610148915,3.30399775847902,3.56336871416654,3.81288635313152,0,0,0,0,0,0,0,1.99544012885456,2.08045489459238,2.06690821589881,2.08962415290413,2.07759547470196,1.99182648064515,1.8143135938947,1.57985013219969,1.36112060333393,1.28738103422819,1.50275653987928,1.99724384883157,2.63624293297295,3.26768802439329,3.73367374864688,3.89567220270739,3.72769606923485,3.21986274427137,2.39482304894363,1.4240775316426,1.1398983445074,1.8470012757828,2.54709966693746,3.15178239982173,3.91677249292818,4.63956910163251,5.04628258221484,5.21085356219103,5.21945621960778,5.09001870060083,4.83180630205822,4.51891878685757,4.1968705892887,3.87593229945764,3.56836268620171,3.27439325825351,3.15615381096306,3.43224090558771,3.76226748694845,4.01122068940156,4.19973087138049,4.34905438713373,4.467913899961,4.56209252459996,4.63668841903306,4.69592782970364,4.74305624350828,4.78048745156042,4.81042662175224,4.83428994089638
4.92824779152247,4.92472585319806,4.92096188001456,4.91698580450085,4.91289920594954,4.90817003686762,4.90308063398802,4.89764407295406,4.89179462911013,4.88550942004033,4.87872758125762,4.87140849161657,4.86349532106856,4.85490255903954,4.84557427973964,4.83542760863678,4.82466896027787,4.81264580940449,4.79983991316266,4.78570803433131,4.77016608906645,4.75291511600673,4.73370728759368,4.71211384162922,4.68771554434206,4.6600543281565,4.6283753145656,4.59169317472767,4.54889585952936,4.49832725483127,4.43779762799782,4.36379182693227,4.27154678288325,4.15396485907982,3.99900937938373,3.78745973031105,3.48874008961717,3.07459062578057,2.61287309568897,2.45006711938552,2.71468281101159,3.12145638982613,0,0,0,0,0,0,0,1.3511751658927,1.50404318954585,1.52601129707085,1.54071357057213,1.55276033075856,1.56594511694736,1.52865699182015,1.41269678639736,1.21414523603051,0.952612661125485,0.699936633649432,0.654422177111329,0.970729946145409,1.50531131639619,2.09703186747652,2.63992813463833,3.02629917963646,3.1552395090133,2.93014104051486,2.35199026023021,1.5127247133191,0.577339275136071,0.601824538309571,1.57772800631181,2.63128284186217,3.65979724226843,4.46505088180017,4.96500625055817,5.22635821236802,5.31979465605499,5.26157207362841,5.04157068010371,4.75859256053683,4.47824564093459,4.19990629297755,3.92769798265693,3.66904360879401,3.4292643257157,3.20304891108666,3.16949799571349,3.51727659413567,3.85119217175778,4.07287316428764,4.23231951453786,4.35614158414328,4.45513886053265,4.53498377260208,4.59954018124,4.6522300696415,4.69551518505974,4.73050783693436,4.75926649078386
4.93210398399051,4.92881037751759,4.92526664420978,4.9215508175963,4.91755265893475,4.9132587048646,4.90862871601674,4.90356353904235,4.89818343882494,4.89231187305626,4.88601319864036,4.87922415369821,4.87188269227684,4.86393385974107,4.85528236008002,4.84592126044157,4.83572845267064,4.8249516611297,4.81318960075858,4.8003777175151,4.7862010048664,4.77051334816674,4.75303124213776,4.73354061085251,4.7116011775845,4.68678877184361,4.65847341854974,4.62584608554653,4.58802093231632,4.54353278592462,4.49018023664949,4.42562787498323,4.34536041070267,4.24223844749152,4.1050550572422,3.91017753043111,3.60914380580697,3.08230671204843,2.06808772021184,1.61948238998129,0,0,0,0,0,0,0.530367557621838,0.80162587350235,0.997668971570658,1.04369655237353,1.03989147342895,1.02974147294427,1.04340655843516,1.06569216971782,1.07914377986407,1.04460058894229,0.933578114541836,0.739159989240951,0.46056610291437,0.13764704218664,0.361050817193096,0.877119598163805,1.42990198237775,1.96713788022227,2.42129497066328,2.73508083097544,2.85677119705834,2.75662664772975,2.44877133270981,2.01951745108807,1.81096099634448,2.1135317866547,2.79234575822248,3.57888341094612,4.28309252848344,4.81489904890922,5.14454672362931,5.30241898103922,5.27530585530051,5.10188031445108,4.89224372296844,4.67038612508472,4.44073190429151,4.20714258297094,3.9778265940168,3.75777663416934,3.55325666132872,3.36738291938263,3.19880731726555,3.20167449356664,3.59210156117396,3.91909912665727,4.11964791452787,4.25596204580261,4.35951269419531,4.44258199152476,4.51077095579523,4.56722593248518,4.61466314579054,4.65382884736479,4.68673368876898
4.93632780777577,4.93327707619723,4.92997841866918,4.926492223567,4.9228127688139,4.91884051470471,4.91462236165944,4.9099504242108,4.90493898136008,4.89955183080734,4.89380598111802,4.88754540054937,4.88083855039509,4.8735645988638,4.86570032013763,4.85723452475703,4.84821216916362,4.83840137040185,4.82754410137067,4.81596968970621,4.80340178139468,4.78964565118065,4.77439366218533,4.75749315397217,4.73860441078803,4.71731755038319,4.69332677847204,4.66596538934237,4.63448847271666,4.59816436717634,4.55552308107981,4.50501871085025,4.44425694415012,4.36924883614826,4.27495296451288,4.1526652920664,3.9838944392123,3.74178192699324,3.36804692368416,0,0,0,0.565008337890112,0.632045435287455,0.644976084536987,0.671106138916783,0.704222439626369,0.720201091804198,0.698825172193422,0.664146115074158,0.651691151341068,0.674245406614306,0.727848161324918,0.802361540835173,0.87290463011911,0.892360264820851,0.849107028442045,0.763099926253172,0.705086475957476,0.79035573607784,1.08600287702894,1.53654908978563,2.05355131842816,2.57238290032884,3.02790404928064,3.38010521404452,3.6188759254825,3.72941215236591,3.68799725245301,3.51194672117734,3.39606301508524,3.46291448087878,3.76788894229594,4.2069265719236,4.64011112768298,4.9477628474783,5.0989238314507,5.11121183805306,5.04349938057832,4.9281315764828,4.77597147543365,4.60032076264411,4.41001897595193,4.21471279289213,4.0185223290994,3.82842764697449,3.65020396656982,3.48891235431692,3.34335668948974,3.20663328094182,3.24405709569394,3.64597269544539,3.96920106572591,4.15220799921793,4.27073599256907,4.35813702553151,4.42881594442277,4.48779665729399,4.53808288428277,4.58087023736332,4.61677454979046
4.94087071740551,4.93805861126078,4.93502924950235,4.93181235284244,4.92844516733171,4.92483928822815,4.92095749778275,4.91711449839088,4.91242929283852,4.90750595598994,4.90226279902259,4.89664515976639,4.8906087536619,4.88407292211241,4.8770330053232,4.86946960261796,4.86132803373844,4.85250580559618,4.84278248064938,4.83295925335284,4.82227387720154,4.81059091922116,4.79775505894699,4.78359187736895,4.76805228614548,4.75082822040466,4.73171498169338,4.71047261095696,4.68668703025759,4.66011239818854,4.63038397539343,4.59704630642287,4.56044674333081,4.52145879898749,4.48303535278741,4.45816711699119,4.48556879692291,4.72024364081323,5.81193626636339,4.6425773900264,0.346539995488517,0.47607640046606,0.524256480707623,0.542725474602085,0.553421540588568,0.536919450296926,0.497543359659534,0.420128278927934,0.353960648151011,0.373668419838164,0.493968344042312,0.664921894681277,0.864666898565912,1.06319284010871,1.23427081527087,1.34368194062043,1.38334070231338,1.4090639048006,1.51050204244955,1.75055590338401,2.13578124192104,2.62781283840305,3.17416975526274,3.71232086018787,4.20520400183084,4.61279487256671,4.88365588212673,4.86426901068867,4.55770163956281,4.22401755091728,4.04799697961406,4.05870534528847,4.21346041156706,4.43995096401782,4.65942040439127,4.82867315802237,4.92321166460169,4.94422842219684,4.90298741357166,4.81396717055055,4.69127521535224,4.54617154007944,4.38677337778842,4.2181797583032,4.04858176023009,3.88256209128195,3.72512425139451,3.57929675807701,3.44828312024332,3.33195323357287,3.22644078386761,3.27256947420073,3.68000203465836,4.00265331302928,4.17457807818441,4.27725987602235,4.35200944729013,4.41320717842033,4.46594945155383,4.51176659994057,4.54977963067845
4.94546992468068,4.94291286921508,4.94019664309636,4.93728638012073,4.93424999094337,4.9310337121717,4.92760107563349,4.92390672988637,4.92006223499518,4.91570366760217,4.91104065052193,4.90611591277088,4.90077994710689,4.89507783032431,4.88895552037531,4.88237840337034,4.87540887961099,4.86789069924665,4.85964569378894,4.85168778716547,4.84259880243257,4.83305315246443,4.82276001314694,4.81163087367057,4.7996159405333,4.78669573144137,4.77282477360966,4.75800418798545,4.74236283302814,4.72603346920265,4.70959602961136,4.69427796547687,4.68248727427091,4.67868254340076,4.69268184150843,4.74382280223439,4.88320894188011,5.21014642110819,5.83032571930024,6.53184350296218,6.99820935061915,5.46245110425535,2.93446663754487,1.61139827122068,1.05406588941674,0.809922097099961,0.685997442001219,0.653688452992479,0.707079063899994,0.821748930858834,0.986604868992115,1.22417050204135,1.50420158273148,1.78514634795956,2.04190002321116,2.24086109681205,2.37095097745047,2.49725225311612,2.70546188347123,3.03762649316727,3.4948478271863,4.03514655402628,4.5944805073129,5.11950963653266,5.55540004399194,5.79576557061977,5.6837286635612,5.29982880194949,4.90924883782991,4.62155260006957,4.45820529069536,4.41873153583232,4.47174461298299,4.57904873291847,4.69746099129287,4.79191353137329,4.84542790816581,4.85069554317553,4.81280821837436,4.73889279215167,4.63473724299117,4.5091778642879,4.36980027515848,4.22351621214256,4.07491161114111,3.92927644213193,3.78952240137827,3.65983791383811,3.54250576480931,3.44057107031113,3.35147078888446,3.27168488665469,3.31466587228653,3.70962245169755,4.02513685329585,4.1866386981785,4.27686279924276,4.34208906945946,4.39731934961544,4.44484314654168,4.48496980901207
4.95015275674176,4.9478527189903,4.94545536999715,4.94286034307734,4.9401637659161,4.93734523745596,4.93432123672993,4.93108906803555,4.92768734691044,4.92414083586663,4.92018509295225,4.91588731060897,4.91134504985239,4.90649804804393,4.90130478137317,4.89583050807173,4.8900721528031,4.88385387817682,4.87730533432004,4.8708318405683,4.86358792004084,4.85620402470798,4.84852569699264,4.84056895684677,4.83229298653553,4.82386346126732,4.81549545754877,4.80726169588499,4.79976166620741,4.79368958026912,4.79008436446083,4.79132994725985,4.80097393053959,4.8248886039381,4.87360769528739,4.96817811136605,5.13698273243721,5.42081563410078,5.82102206456838,6.24943527699604,6.59374943231576,6.84561801579971,7.05195577953268,6.92724301014332,6.27546527043996,5.27431285159471,4.36430521285891,3.72520598936223,3.29600495410231,3.03568685488873,2.88228945176059,2.846944099896,2.90670841548177,3.06879863050953,3.31225004359725,3.56637592482185,3.78438810121901,3.98634416497784,4.2594611602561,4.65097405134243,5.13768518925657,5.65080133019874,6.1199692639799,6.45740191174465,6.53273403139259,6.25621848506913,5.8455655862948,5.45919023681497,5.13552117360769,4.89392704934405,4.7415158635887,4.67146086818289,4.66575507577037,4.70024504519782,4.74902745384502,4.79118100607205,4.81124230196468,4.80155469019882,4.75904915742173,4.68870726364222,4.59603741528458,4.48601853077084,4.36452099332263,4.23615563323451,4.10580240170705,3.97660731849952,3.8527593712069,3.73673745093468,3.63143067336544,3.53843565983395,3.45990781931318,3.39150918622716,3.32952782003982,3.3661054906634,3.73346658719101,4.04314641441405,4.1924948339529,4.27406339294515,4.3316498830186,4.37937141998573,4.4227583794458
4.95497211857063,4.95295309766964,4.95086766426065,4.94862848511453,4.94625531669044,4.94382330169259,4.94124195904371,4.93848532561037,4.93559286911415,4.93258231151033,4.92944226159077,4.9259603436236,4.92212279531162,4.91814403017493,4.91401794813415,4.90964178633573,4.90509393843437,4.90027376524363,4.8952959764174,4.89018084231869,4.88541370196046,4.88048663347191,4.87552600953575,4.87065470540736,4.86598196729067,4.86188441454889,4.85851575178062,4.85640640607526,4.85635015306113,4.85941549010391,4.86713433339134,4.88211354058444,4.90841236685929,4.95138162345904,5.02056439486257,5.12942298740022,5.29335054968133,5.52238670095123,5.807162865126,6.10857564298203,6.374498832355,6.5823222209171,6.72988863294807,6.83802652661745,6.94590821260004,7.03769162962521,7.07812870956881,7.00884505138838,6.83779089553314,6.5332431651443,6.18461220062875,5.8202454075871,5.502835392049,5.27865526944239,5.19128872290316,5.26617621534784,5.46265774707913,5.73670624322528,6.0761791974931,6.47262696007257,6.85113447567842,7.13325518040515,7.18503786542071,6.97543047583285,6.6091552290715,6.22760336048656,5.87204237184165,5.55703506040107,5.29361132257292,5.08708157972989,4.94149816089153,4.85245497936706,4.81123312005413,4.80226661315102,4.80686393312107,4.81052943495982,4.80137249920969,4.77396195727919,4.72629236720024,4.65898005330185,4.57425600311903,4.47628482114196,4.36860453535393,4.25532375795676,4.13965540355318,4.02513128846843,3.91436547863061,3.81042977011228,3.71496753653562,3.63014298031343,3.55717442712482,3.49691396356816,3.44356770635707,3.39458953256407,3.42550709126373,3.75953317964499,4.05552210079678,4.20147203895972,4.27565638956185,4.32927242904119,4.37504916207926
4.95994909774704,4.95821795976253,4.95644467653559,4.95454920543233,4.95254607863384,4.95049964052651,4.94838939843293,4.94610294158433,4.94373553921965,4.94127168430053,4.93871126708463,4.93621637594312,4.93304129865179,4.93000135635671,4.92682211301881,4.92352993078951,4.9202010100526,4.91677322464481,4.91330230360318,4.91071703211647,4.90680817069777,4.90432323617912,4.90191917548395,4.90003562506505,4.89903057543169,4.89910971529056,4.90065297499144,4.90439958589193,4.91100740570028,4.92185786169038,4.93878988931257,4.96388769650395,5.0011771544241,5.05541377983768,5.13343218963483,5.24250280716007,5.38998919803637,5.57673184183215,5.79366962513921,6.0193171732144,6.22986137976091,6.40873078021492,6.55149381797687,6.6611731374315,6.74126783233239,6.79429725658837,6.83161281727558,6.86948631907749,6.916966464291,6.97047082715377,7.0197023621828,7.05824519967725,7.0970633794088,7.1576073805589,7.23141178018239,7.27330353604562,7.37802412028681,7.55154221538621,7.6880131135879,7.7166771930151,7.62766350406014,7.41292792143294,7.11221783168609,6.78964262780989,6.47290520271646,6.1687104359952,5.88401698307274,5.62513645598391,5.40136489923625,5.21924782241013,5.08066352310936,4.98335598730637,4.91977777966799,4.88133137908755,4.8562088410659,4.83326968790776,4.80493476945362,4.76542645207022,4.71258671810531,4.64593322020598,4.56687366918979,4.47753655182767,4.38086725100081,4.27930895449375,4.17620669909883,4.07361369705309,3.97449970388949,3.88075605276679,3.79432800823435,3.71646419723957,3.64858014469261,3.59129842761583,3.54461490303159,3.50223060595574,3.46291992231001,3.50336658280788,3.80505787806777,4.08349754474833,4.23480682074512,4.31340266982618,4.37125736104265
4.96492777008551,4.96348054842192,4.96201862975613,4.96051656474058,4.95890130787825,4.95724631502011,4.95558991374735,4.9538025556247,4.9519622793986,4.95006913898629,4.94815173946096,4.94634323597162,4.94443128774389,4.94204998198461,4.93974143573877,4.93756706619513,4.93542740819614,4.93335644973347,4.93143192513274,4.92946340243961,4.92855129842395,4.92799953690538,4.92835558647948,4.92957487316318,4.93189078236166,4.93574035188927,4.94146704714348,4.94992472104653,4.96209617118486,4.97902174933994,5.00269141820551,5.03510467532549,5.079384009071,5.13900072168424,5.21857836372013,5.32187481235057,5.45131540324295,5.60597841278975,5.77885399009842,5.95735385013901,6.12810584083646,6.28053352172091,6.40954754665087,6.51472756667383,6.59824707874472,6.66377519134448,6.71607651610135,6.75902023751536,6.79475456140482,6.82521595591736,6.85297707598611,6.88445259727487,6.92442528914114,6.98295260705961,7.07423087721205,7.21110462572994,7.36229276655956,7.47193849261088,7.49595147220461,7.42648457004162,7.27908667439965,7.08460054674917,6.85807261645628,6.61673546994404,6.36602998777913,6.11762700662716,5.88090461618831,5.6635190436529,5.47090590980568,5.3084435458547,5.17731991588373,5.07661496388511,5.00150596765914,4.9454175068883,4.90101585641083,4.86050438306666,4.81806288711938,4.76934040583736,4.71205440571515,4.64562879274946,4.57039434986896,4.4876766872945,4.39933989597863,4.30773375635568,4.21462224522854,4.12257576349506,4.03312543623145,3.94832234482636,3.86931495471043,3.79767445508173,3.73462390528889,3.68060231596162,3.6362031887475,3.60077631168093,3.56778376043723,3.53051693047729,3.55461316767312,3.8204092719242,4.09022889664289,4.26721333628932,4.37644069699743
4.97009283474234,4.96892227272046,4.96774817817917,4.96657851676428,4.96533079693689,4.96406284011219,4.96280424604411,4.96153698905955,4.96018868180744,4.95888816659107,4.95760783085495,4.95632792532526,4.9552784041259,4.95429051305358,4.95260383779512,4.95155755885073,4.95055264473596,4.94980893652679,4.94917866648276,4.94911038053145,4.95010471494965,4.95133961715353,4.95394449516926,4.957701017941,4.96280497984196,4.96983380067982,4.97934106767094,4.99194002317167,5.00870109130911,5.03052183791795,5.05910790895449,5.09628600711961,5.14398464504943,5.20506783309926,5.28229498605938,5.37727472093891,5.49106675761303,5.62153048278922,5.76359603701514,5.9093543951032,6.05085178861483,6.18148350656551,6.2964220006976,6.39466428710295,6.476667641741,6.54425287682944,6.60023763779739,6.64748257672959,6.68886453630842,6.72695640491875,6.7647476273507,6.80460395582243,6.85028380674473,6.90506986539525,6.96990476394745,7.03991024106588,7.10603676214659,7.15071900281735,7.15248235126014,7.10109913116544,6.99702087087191,6.85062668966675,6.67306642437867,6.47644595314784,6.2714771290151,6.06536472638572,5.8660039958726,5.68023836099605,5.51275040597896,5.36726773662433,5.24496945244628,5.14452106116764,5.06356591512133,4.99707265585958,4.94025198016503,4.88811188822793,4.83588118988706,4.78068462633839,4.72040126172469,4.65417260919457,4.5818990577932,4.50457532135681,4.42324036000488,4.33942117549139,4.25488976602071,4.1711156303955,4.09006090374986,4.01258367595154,3.94060016378562,3.87530404067244,3.81729140644526,3.76728490666069,3.72552616110111,3.68994168144343,3.66464866025139,3.63548250493296,3.61207656080922,3.61460634984559,3.80342848958422,4.04098011606621,4.25250182202349
4.97535250380274,4.9744723921335,4.97361633976234,4.97277761293226,4.97190312075117,4.97102195724677,4.97018754481182,4.96940371817274,4.96855602512929,4.96780684217433,4.9671047230047,4.96652464278486,4.96599382183857,4.96595273320055,4.96552488427665,4.96529721058407,4.96540683928649,4.96596928692403,4.96642261258007,4.96846859542551,4.97086999735024,4.97382239400781,4.97858662898538,4.98458436210692,4.99228964787905,5.00213846972664,5.01473693872118,5.0305817737962,5.05062257863078,5.07591106857771,5.1075679237664,5.1470702586393,5.19618715740105,5.25658516273769,5.32956780987843,5.41631905188044,5.51630599097804,5.62790770662681,5.74716991886816,5.86959663880741,5.98913726581054,6.10193765913209,6.20428181370815,6.29436738611651,6.37225642999458,6.43895792822295,6.49597662426853,6.54530682590084,6.58889227212568,6.6286664157898,6.66666047226331,6.70479096000371,6.7450598642985,6.78891856863247,6.83601941988486,6.88233830363159,6.91922338640188,6.9359238330344,6.92110667207214,6.86930902818392,6.78066927520441,6.66015087383896,6.51589470675747,6.35463873528662,6.18414251582799,6.01119905250876,5.84254796635204,5.68319112939917,5.53676696732954,5.40569890395309,5.29156125736115,5.1934920433857,5.10967561601904,5.03753605579068,4.97349846677676,4.91405385537399,4.85592562647381,4.79667819803076,4.73465613068531,4.66895264101381,4.59943406254979,4.52639748437039,4.45083850624873,4.37365808833522,4.29622530638761,4.22000402974964,4.1461737384807,4.07586053046191,4.01066200228777,3.95158201509692,3.89762670085791,3.85125353101614,3.81317007524707,3.78276456481816,3.76142958531605,3.7521264521202,3.73864719426454,3.73095942940302,3.75104882348669,3.83751851975441,3.99927279021459
4.98059262407681,4.9800150616389,4.97947429432114,4.97895428390563,4.97849939871737,4.97798749264334,4.97759456105375,4.97726857888942,4.97694799868305,4.97671539034157,4.97661195101691,4.97666994470952,4.97687249327286,4.97737101229028,4.97853014057666,4.97920372545029,4.98041088066245,4.98191750566697,4.98414784861778,4.98689402910034,4.99082925083683,4.99515702896884,5.00178529606002,5.00974085684759,5.01963767262407,5.03181067687985,5.0468106573719,5.06525216858413,5.08782526730923,5.11540071596074,5.14883055267365,5.18947330086152,5.23820222125862,5.29633014476601,5.36460111713034,5.44311553829511,5.53148872228786,5.62823609143069,5.73054399379626,5.83486489226585,5.93783215462496,6.03606665715146,6.12698090982185,6.20896724751212,6.28171211741609,6.34560988262869,6.40145637020558,6.45048011421885,6.49409890231151,6.53372034262541,6.57069621934142,6.60626372972587,6.64117497933403,6.67562751127656,6.70813480227417,6.73559320520229,6.75245016094008,6.75266917670855,6.72973481060232,6.67987200073768,6.60328972046825,6.50291076981974,6.38280100571285,6.24824977503769,6.10522164053807,5.95929904339893,5.81487650297993,5.6760204394135,5.54642027300187,5.42800865038188,5.32162205146195,5.22731780876842,5.14384553106835,5.06946809667159,5.00184753379795,4.93844643401564,4.87699960330286,4.81553874933616,4.75282845376918,4.68808685478497,4.62118715480177,4.55228624656412,4.48182317562129,4.41065630851234,4.33991780340789,4.27010044118797,4.20313487592765,4.13814740493666,4.08210382486826,4.0270699587797,3.97794620916421,3.94106197152913,3.9115242214905,3.89264270245172,3.87152427006952,3.86095285658904,3.86012918223864,3.86525001970882,3.87750196143068,3.89329126603424,3.93485351958205
4.9857994781979,4.9855415370881,4.98530294358227,4.98511777606615,4.98500961644881,4.9849056524007,4.98491170385729,4.98500876901605,4.98523732523936,4.98553839967076,4.98599028898676,4.98667256153564,4.98756939274997,4.98870289826602,4.99021134922232,4.99226126812273,4.99455002123903,4.99724655766311,5.00068784120259,5.00487307550263,5.01010569015595,5.01645240414371,5.02423393999803,5.03382511309241,5.04541882899403,5.05937910195289,5.07619222642423,5.09635163935569,5.12043103464712,5.1491906698448,5.1833941581344,5.2239527322251,5.27146610684218,5.32680261519292,5.3900107387153,5.46146043276929,5.54017659553212,5.62489560784716,5.71366320089116,5.80413655039906,5.89363407848448,5.97973753019696,6.06056866103527,6.13487216546011,6.20200957774357,6.26206836006733,6.31545456345046,6.36268474197093,6.40495042975155,6.44295169036352,6.4776589779592,6.50965465264295,6.53907048550555,6.56550269571755,6.58767482774857,6.60297510413636,6.60796675369585,6.59884722595918,6.57172418208549,6.52436776242358,6.45683026135658,6.37045467799275,6.26859192361606,6.15459220448354,6.03277758672763,5.90773429378572,5.78270969392963,5.66152389737093,5.5463680150302,5.43898103842598,5.34041841434335,5.2507420104971,5.16942138967498,5.09501307549314,5.02611361256691,4.96104858106353,4.89812019645236,4.83597006041887,4.77356479025702,4.71021383292505,4.64580999012909,4.58086177273328,4.51475606096387,4.45075623543419,4.38384755925903,4.32129334376721,4.26068142959447,4.20595124792245,4.15219947975943,4.10487540838669,4.06964058874794,4.03770997482833,4.0114365223321,3.99093471976579,3.9766977238795,3.96721401784151,3.96603241309538,3.97540971204717,3.99627051995426,4.02362871161558,4.05110947172763
4.99094568755276,4.99099347247795,4.99104046279875,4.99119643603025,4.99142424319879,4.99173875884147,4.99211769442484,4.99266217092175,4.99337960451283,4.9941909927166,4.99519282608793,4.99649002029468,4.99802734089658,4.99985423570772,5.00211935001462,5.00485529199095,5.00808922728884,5.01185726547041,5.01631026104448,5.02163970225006,5.02791408686729,5.03539724901652,5.04450943410973,5.0557503629039,5.06888877079213,5.08439695918469,5.10262185600399,5.12403216589814,5.14915496056234,5.17852488791481,5.21276481026778,5.25241024848434,5.29806108844582,5.34999470390266,5.40843090326814,5.47318843026683,5.54357197341434,5.6185038162916,5.69647094361357,5.77563099333273,5.8541515177001,5.93021393369436,6.00242197123376,6.06949851653589,6.13096773368608,6.18668294495513,6.23665949908725,6.28133040757806,6.32124966777828,6.35690896371901,6.38872501801811,6.41691598725993,6.4414650741877,6.46157833814725,6.47630158941287,6.48363645487289,6.48109679838505,6.46648377363186,6.43762430171769,6.39298360892801,6.33249971995976,6.25719167190485,6.16920015662042,6.07132257470448,5.96693593946822,5.85876962285617,5.74994428890665,5.64304059470826,5.54003694282955,5.44246244266405,5.35140413720553,5.26666143285519,5.18816411288214,5.11521373359827,5.04669298647582,4.98157135375136,4.91873174862082,4.85722718191483,4.7961410634344,4.73523896729774,4.67397452138729,4.61176644332458,4.54809471097757,4.48986045663146,4.42934842799052,4.37407545284345,4.32252518420861,4.27363613184824,4.22770420887069,4.19014996998704,4.15954073473019,4.1284008109966,4.1044795933399,4.08652428908833,4.0742422337178,4.06769222336716,4.06808503106156,4.07567245772927,4.09193186946578,4.11727633628788,4.15048348066822
4.99600688284081,4.99633461607969,4.99669966851305,4.99717115391511,4.99774218395716,4.9984393037925,4.99920519003927,5.00017715926707,5.00134764018524,5.00268074493601,5.00419598033291,5.00602732652494,5.00821619312988,5.0106795925546,5.01364334550628,5.01709554743971,5.02115794577507,5.02581088683603,5.0312456246466,5.03750988790081,5.04485758212773,5.05336986517353,5.06318121214957,5.07568778158811,5.08998886549007,5.10652676310154,5.12568617929039,5.14791880727193,5.17352780269865,5.20302786411621,5.23691190735547,5.27540280695267,5.31895459348605,5.36774412644828,5.42169828694865,5.48055633608249,5.54375745010243,5.61039937697495,5.67926700887686,5.74910604588348,5.81841257551597,5.88584172643661,5.95028658575832,6.01083655510695,6.06676542065906,6.11795769666123,6.16427093135869,6.20588324647933,6.24298110069421,6.27587628755815,6.30467163346627,6.32926898635205,6.34960393406577,6.36490473317654,6.37412447770582,6.37609035777654,6.36911239485255,6.35165153492331,6.32256571486256,6.28082437701672,6.22614340264663,6.15976687494771,6.08308673996401,5.99820365032244,5.90731742748383,5.81288023982098,5.71696643498645,5.62203414145503,5.52958222807442,5.44069386997325,5.35624721934862,5.27665177448075,5.20175756400275,5.13130487924989,5.06459085870159,5.00061149518993,4.9391372180345,4.87712600306479,4.81828105627693,4.75727710891232,4.70188905025515,4.64366216039158,4.59257134925304,4.5367211742849,4.48157108011752,4.43190640169781,4.38513959111927,4.34146852809257,4.30107425281469,4.27053992062228,4.23851170691361,4.21187675855592,4.19092133170461,4.17558263839552,4.1653150017786,4.16085224818592,4.16255184398654,4.17066592903171,4.18459222244838,4.20486547885085,4.23152152321748
5.00106103994002,5.00165515422907,5.00233618991572,5.00309191859315,5.00398075860912,5.0050327151119,5.00621072960854,5.00754396235227,5.00913098927815,5.01096731035546,5.01296787262289,5.01531619017027,5.01807339236434,5.02118384736183,5.02474891420191,5.02887833030644,5.03362022057744,5.03910468182719,5.0453144547075,5.05248411281679,5.06066394099038,5.07023949340405,5.08106006482951,5.09318724696404,5.10872480118729,5.12597079413584,5.14573175939579,5.16834276473608,5.19408412929248,5.22330900230206,5.25637409263556,5.29342882723665,5.33479855048345,5.3803396515592,5.43014182860693,5.48386955373461,5.54098906174587,5.60076813887845,5.66214955780053,5.72426243690467,5.78593463919255,5.84596853137351,5.90357029857955,5.95811436741357,6.00889350881129,6.05554035938718,6.09797148582997,6.13628115047907,6.17029640313153,6.20019402880791,6.22600383539571,6.24742177315331,6.26408979671373,6.27555597403731,6.28093257344213,6.27937314188379,6.2697562984353,6.2510068597962,6.22235045526526,6.18332389876251,6.13394167997946,6.07494238501582,6.00737110675944,5.93280347315824,5.85276074721602,5.76960027970549,5.68467868463319,5.59986441738835,5.5163589732821,5.435292390978,5.35734090643318,5.28292282685993,5.21217148475367,5.14474727429565,5.08014033065895,5.01952400559625,4.95887446420629,4.90188403238614,4.84600867932992,4.78950781291044,4.73717107195133,4.6849420670676,4.63225428056623,4.58169840519138,4.53361943717015,4.48860139811866,4.44607131667197,4.40656725706731,4.37237826560683,4.34175224611193,4.31312613654428,4.29040247280114,4.27192775933219,4.25834496710787,4.24972426787133,4.24627978616402,4.24848212238879,4.25637422695814,4.2698904490685,4.28882057156612,4.31240477447588
5.00602334526726,5.00686837267162,5.00784729047108,5.00888593789122,5.01009183495346,5.01146680902475,5.01303056909522,5.01472507672455,5.01672433414314,5.018978550188,5.02148267623592,5.02429951934552,5.02756824904476,5.03125610461126,5.03539823594852,5.04014028887741,5.04550681682008,5.05160168828703,5.05851911815106,5.06643892088956,5.07538193942237,5.0855929065252,5.09723613719486,5.11060499834447,5.1259380498259,5.14357054382069,5.16349415523246,5.18600978008004,5.21142789039625,5.23996259051637,5.27180118049678,5.30718557725111,5.34611570111291,5.3886485195841,5.43463372138703,5.48375388257802,5.53552485423157,5.58933237864072,5.64440686317451,5.69997091989705,5.75516095406608,5.80908014471268,5.86084159505362,5.90998395443372,5.95607996696527,5.99853406531816,6.03721305764973,6.07215820607179,6.10315619844877,6.1301269636771,6.15290438873448,6.17131453845603,6.18487526744999,6.19333847475943,6.19597333974108,6.19210786913076,6.18083445447921,6.16159952553345,6.13400332736366,6.09783041440398,6.05296341826141,6.00021060039801,5.94014988309191,5.87411092831683,5.8034753932208,5.72956624345203,5.65404207334964,5.57782016788491,5.50229583620497,5.42817413137351,5.35630175321336,5.287012128069,5.22069493352322,5.15707875564408,5.09569005839215,5.03758195722783,4.98089087566312,4.92537567143573,4.87170556899665,4.82182156178217,4.769780499864,4.72122374465789,4.67348398674172,4.62788529636878,4.58410072373347,4.54252930222785,4.50349487184257,4.46685651943283,4.4353599872978,4.40925534117063,4.38510293868237,4.36423564633213,4.3475696512403,4.3351792567224,4.32761915509925,4.32498193882853,4.32723722179522,4.33453960150856,4.34680110975261,4.36401150289706,4.38566193203007
5.01083417772367,5.01193201558825,5.01317432797621,5.01451465939531,5.01599501024153,5.01767054949993,5.0195873518552,5.0216535254576,5.02401359384486,5.02669259347734,5.02966371761402,5.03290452380446,5.03664211091228,5.04088858648388,5.04557188582844,5.05076811842704,5.05670998770916,5.06335452792843,5.07084476611545,5.07933732282702,5.08882582412981,5.09958325528694,5.11182064986665,5.12554281712797,5.14111369911208,5.15899396502396,5.17904281715605,5.20143925162109,5.22635524883242,5.25405833644161,5.28458807078419,5.31813109681604,5.35466365921227,5.39417337732866,5.43647094166267,5.48135922546832,5.52825012393929,5.57688143192661,5.62642938474907,5.67622782524189,5.72565822924028,5.77407027862975,5.82075994073344,5.86506942188771,5.90678224086108,5.94538717470198,5.9806621048541,6.01237173452265,6.04040945490569,6.06455017655745,6.08456626763575,6.10036774031704,6.11154940091008,6.11776625826128,6.11833145782723,6.11284346611895,6.10092118899494,6.08206240023106,6.05594939876037,6.02256775243941,5.98184084140153,5.93449272296313,5.8809278937421,5.82218614214331,5.75914783667332,5.69310277728517,5.625173504752,5.55629102834067,5.48758170754808,5.42010412925057,5.35409185120824,5.2895308820405,5.22756718535843,5.16759919301515,5.11091722698138,5.05361058507366,5.0020696386483,4.95122498087699,4.90118932355628,4.85307486615917,4.80601490865509,4.76049213013154,4.7165010175958,4.67417339533935,4.63402848631469,4.59577991000632,4.56049569483393,4.52899685981808,4.50162679654922,4.47664542697608,4.45242092000449,4.43312575579344,4.41796917769357,4.4070371299859,4.40023612481433,4.39801229973217,4.40030608842481,4.40708196292111,4.41819192219756,4.43342830741042,4.45262127122163
5.01560990903869,5.01693472816776,5.01841214111796,5.02003364614399,5.02177360326806,5.02374586214128,5.02594975068664,5.02837323928302,5.03104000697517,5.03408020162961,5.03745295163891,5.04114192840574,5.04527230747152,5.050018583871,5.0551716042477,5.06083993272762,5.06716280350922,5.07429382916751,5.08226592974692,5.09117126205316,5.10120383127815,5.11233989662631,5.12504621480774,5.13861870443608,5.15457740543767,5.17242795796495,5.19225902693187,5.21426264134431,5.23853963406749,5.26526599012583,5.29446121489775,5.32624357199655,5.36053494563935,5.39734771552651,5.43649748145492,5.47763131061674,5.51992482569026,5.56430181816431,5.60896680570981,5.65381598966921,5.69821893430992,5.74162343615562,5.78359025411215,5.823543993552,5.86117324693491,5.89603696475676,5.92798500970033,5.95656472788016,5.98177163198189,6.00338969085014,6.02115244901025,6.03485875619534,6.04402884741773,6.04838069861647,6.04768842129384,6.04149537734627,6.02948055155252,6.01130419410776,5.98676778861523,5.95592068300841,5.91895818010053,5.87610836682658,5.82788223540016,5.77508703386627,5.71845060296596,5.65898546263676,5.59759883689858,5.53545228247325,5.47318805959746,5.41071383803929,5.3504624481064,5.29269818809156,5.2352174059203,5.18133076653489,5.12967341456654,5.07905362835298,5.02940114267355,4.98061121727461,4.93350387307496,4.88765915506623,4.84055639331254,4.7995632369483,4.75823152462356,4.71897107469505,4.68133631376944,4.6461206295196,4.61315202672117,4.58328465553982,4.55810409982717,4.53478532722408,4.51348413078268,4.49616201386083,4.48252071366826,4.47276264827355,4.46682669104147,4.46486272662642,4.46657331565396,4.47265147600142,4.48279595234112,4.49672582025382,4.51425508660034
5.02033244389872,5.02187045737516,5.0235683000413,5.02544789512357,5.02746417109631,5.02967736864136,5.03217116246557,5.03490328772375,5.03785445933027,5.04119461082603,5.04493471845239,5.04902239798169,5.05347556648316,5.05848008805037,5.06394241470999,5.07046074652474,5.0771514778194,5.08462945790662,5.0929821584581,5.10225271838756,5.11253991712101,5.12400623424889,5.13670939463184,5.15074420241412,5.16639273654793,5.18396664820709,5.20353867122642,5.22502493588826,5.24854376854737,5.27413609875033,5.30197430950409,5.33199097817915,5.36418222508568,5.39842159866371,5.43452044612608,5.47229639234595,5.51135278824609,5.55133031435461,5.59183629263238,5.63240541252392,5.67255378555717,5.71176587395176,5.74959677885342,5.785617160733,5.81948759149953,5.85080775924246,5.87951381705455,5.90525084334021,5.9278564925418,5.94707293268338,5.9625881574032,5.97418863866856,5.9816537480137,5.9846935823048,5.98310160534734,5.97649455114666,5.96456962318149,5.94720759664991,5.9243265375314,5.8959072723615,5.86222043161533,5.82328749987424,5.7796960605896,5.73197464281507,5.68077311487339,5.62638111379564,5.57020004204777,5.51795680324184,5.4628337672325,5.40884982179094,5.35243593316928,5.3042806080047,5.25074055313466,5.19971690802391,5.14913022244128,5.10056950767825,5.05325041780836,5.00715669710562,4.9615622929078,4.9180461128353,4.87522759357761,4.8350560449549,4.79567763085785,4.75874429360945,4.72366933257352,4.68938832581902,4.65945755424614,4.63216177666174,4.60977739505982,4.58830484806957,4.56866224239962,4.55214636184405,4.53906225515238,4.53001829257791,4.52461085938575,4.52265268440774,4.5243979869267,4.52965911757341,4.53883860461387,4.55168919210568,4.56786867258413
5.02482257625732,5.02657160690647,5.02848140423372,5.03058698338976,5.03288011513014,5.03534422473961,5.03806576132823,5.04112820699189,5.04440354516152,5.04800829775193,5.05203968595441,5.0564386349483,5.06122803936388,5.06649309304868,5.07235986210569,5.07884387740744,5.08605032913286,5.09391122951174,5.10260351600628,5.11218293762672,5.12274350192118,5.13438884755767,5.14721768428552,5.16138221357803,5.17701799882904,5.19411305811535,5.21329077431997,5.23410043785056,5.25676769323388,5.281277111425,5.30764798422058,5.33586496016375,5.36598437563522,5.39786852878084,5.43124572354295,5.46586553490879,5.50158809871737,5.53810191702331,5.57493997690746,5.61168564409503,5.64797416030827,5.68344102063893,5.71757741740015,5.75009788925288,5.78070206547765,5.80908098161223,5.8349884980527,5.85813230686499,5.8782303396,5.89521758247637,5.90872894992704,5.91860953613876,5.92466708226765,5.92665533850037,5.92430907245731,5.91747570977784,5.90592969448933,5.88955827199491,5.8683224367505,5.84214548969306,5.81126052568128,5.77594127563862,5.73648030131517,5.69280515239613,5.64931965421603,5.60377401100227,5.55552248026289,5.50658893777722,5.45718839563065,5.4076137381822,5.35829506429773,5.30860550448737,5.25969353918555,5.21153337828896,5.16463083101837,5.11832718516171,5.07308449354982,5.02904289308958,4.98470124092333,4.94547694350236,4.90590162175801,4.86709405006754,4.83120467203966,4.79573987765381,4.76324486066134,4.73252233507742,4.70538247190342,4.68062230321797,4.65718827643442,4.63604812259965,4.61748316237879,4.60171344632322,4.58923923914615,4.58033260556316,4.57517682159851,4.57347761204449,4.57495498351728,4.57987249177957,4.58809285464553,4.59951983073628,4.61421303533776
5.02903242763224,5.0309734735014,5.03308816129252,5.0354042111272,5.03792316055497,5.0406111204705,5.04357771811943,5.04687195306534,5.05043876385191,5.05428058765535,5.05854198244215,5.06321704992193,5.06833224594983,5.07386468908402,5.07999158298489,5.08679803253752,5.09418456593914,5.10226196310173,5.11119497592715,5.12097447257875,5.13167579543001,5.14339334710595,5.15621938521532,5.17028485798042,5.18566306483601,5.20198907006671,5.22098659787957,5.2411289821786,5.26290737688828,5.28631168648624,5.31137835376205,5.3380551076139,5.36629205920614,5.39598977947327,5.4269072912021,5.45886466617043,5.49164693146675,5.52495842689941,5.55847130958536,5.5918545780499,5.62466172232536,5.65669238665103,5.68758165792497,5.71700003086433,5.7446652293378,5.77026282046208,5.79350982481878,5.81430124468959,5.83229108784577,5.84732473390836,5.85914085260583,5.86760768070577,5.87250906840123,5.87365459983372,5.87088673640345,5.86408611305009,5.85301283805338,5.83756451233674,5.81761639747594,5.79325043854767,5.76463329072166,5.73348635894573,5.69916870490077,5.66234467733398,5.62212257604291,5.58207877390853,5.53892076586925,5.49478043122556,5.44959676961931,5.40364569809436,5.35678401622467,5.31138327935371,5.26549812153072,5.22047593229311,5.17619502215095,5.1328894506228,5.09041178853406,5.04918339869555,5.00934691466901,4.97052817200744,4.93301331996394,4.89668492470297,4.86170171982076,4.82888808861529,4.79841581784623,4.77028373746926,4.74320586904673,4.72025765859872,4.69711881591309,4.67768227559562,4.66049300374355,4.64619097602709,4.63436748294589,4.62608541466038,4.62107037908203,4.61929516678643,4.62077459650121,4.62528768315486,4.63270552474341,4.64308827290156,4.65595096453023
5.03327215110948,5.03537903875503,5.03766775330565,5.04016037865698,5.04286727222871,5.04578811576626,5.04892505773603,5.05237290137674,5.05618392809757,5.06025511542106,5.06469015776069,5.06960049414029,5.07491380722577,5.08069614861545,5.08705354138057,5.09398657689673,5.10156849837543,5.10983979674704,5.11885471820641,5.12874931653479,5.13951107285454,5.15122202856897,5.16395118455639,5.1778323796748,5.19267197664401,5.20908839695843,5.22715033858148,5.24661064008722,5.26744211463734,5.289714866974,5.31341640782625,5.33854549676011,5.36499671520689,5.39261912139648,5.42127382751695,5.45075003440069,5.48090929649388,5.51137953952195,5.54195997775539,5.57238098570103,5.60233517450434,5.63140403757243,5.65945012969164,5.68602500239319,5.7110033787261,5.7340970084609,5.75501052471524,5.77366174422332,5.78963207326205,5.80285840393213,5.81317780846131,5.82033213051866,5.82428973196845,5.82483087489367,5.82176065189503,5.81494930230514,5.8042367215703,5.78929101835698,5.77196510787398,5.75120514080463,5.72623090792671,5.69908085432268,5.66846319680888,5.63614731004253,5.6003799385132,5.56265575046083,5.52347326017566,5.48243064589732,5.44069447280224,5.39822755143901,5.35560614149782,5.31186778607818,5.26989513225658,5.22743675850604,5.18600189322733,5.14495499295564,5.10485228792839,5.06656910039833,5.02750938493941,4.99121918444369,4.95514162793993,4.92077429752645,4.88818628311777,4.85712384956108,4.82836831015067,4.80144417065557,4.77708672677833,4.7543837730803,4.73387066409123,4.71556094896008,4.69939387641037,4.68574863663721,4.67504002441976,4.66736513257877,4.66257259676088,4.6606750971904,4.6619590159798,4.66614683389633,4.67307418372678,4.68268100186199,4.69458519241763
5.03754161287911,5.03980382265216,5.04226013126088,5.04492173065551,5.04782227266709,5.05092203093427,5.05421944340725,5.05784185617792,5.06182732787361,5.0661330992237,5.0707397753226,5.07581791364768,5.08134537020682,5.08731206519609,5.09378683292592,5.10087770193562,5.10852035434481,5.11686269895049,5.12595338902007,5.13580094150747,5.14652413951468,5.15813886515998,5.17068604130836,5.18427668765937,5.19881618433025,5.21463064903174,5.23150144303416,5.25046657278568,5.27038201574588,5.29158989381678,5.3140241547781,5.33766589807794,5.36243974298659,5.38819989989045,5.41473898656125,5.44196097426155,5.46971443947655,5.49773499718748,5.52573730657584,5.55348418571404,5.58073325417711,5.60714566211573,5.63261024642672,5.6567437547554,5.67938821199468,5.70028225055219,5.71912977824304,5.7357671786358,5.75002456476867,5.76170143510641,5.77077276962708,5.77690487828245,5.7801052723577,5.78017789358374,5.77674824686952,5.77032529466277,5.76001927870428,5.74739775131865,5.73251660114933,5.71303227171573,5.69136798593685,5.66681334884787,5.6387749369174,5.60826166017605,5.57557345249514,5.54118831957737,5.50478695138968,5.46713885942047,5.4284121713598,5.38915192468472,5.34949474650463,5.30955291881914,5.26965787945414,5.2301481536499,5.19107233941804,5.15265049764087,5.1150852457796,5.07873259094649,5.04231797850701,5.00747520157626,4.97417337157008,4.94199476689045,4.9113747282399,4.88253286015523,4.8553330406836,4.83009112884579,4.80686264779076,4.78696453826339,4.7672521389033,4.75002923549943,4.73488147239187,4.72204459166371,4.71183191649317,4.70460344944827,4.70008562558367,4.69799334541922,4.69892091404106,4.7025825178426,4.70898529855152,4.71806550206646,4.72917758982205
5.04148224706501,5.04390563603294,5.04651804691019,5.0493425438867,5.05240085595574,5.05569911343218,5.05923176911887,5.06299648657555,5.06712992563349,5.07163917040537,5.07645884217804,5.08167870582497,5.08738409948732,5.09349535574817,5.1001074116841,5.1073483390336,5.11503314722883,5.12343516416518,5.13252125895244,5.14235073304171,5.1529738701729,5.16441228421895,5.1766975405255,5.18990959530065,5.20419880088899,5.21938354957076,5.23564330084674,5.25370807207709,5.27266603631151,5.2926219597571,5.31368487462089,5.33576968099166,5.35881480362079,5.38266898526615,5.40728299308846,5.43244704460598,5.45799645442479,5.48371820805525,5.50937282104285,5.53473946219212,5.55960671241713,5.58377067574035,5.60693819848898,5.62890064669565,5.64942350894869,5.66824782544422,5.68521668205232,5.70012157541586,5.71293253555014,5.72330504572012,5.73114330473039,5.73638671805089,5.73867360188085,5.73916284192613,5.73568086264511,5.73065211057763,5.72264933649905,5.71159540152267,5.69635398240521,5.67843362080714,5.65803124991973,5.6350671650478,5.6093297641996,5.581466810995,5.55148602614958,5.5194860861189,5.48603632060977,5.45129823643892,5.41558659429871,5.37913093217943,5.34238421576406,5.30530523151461,5.26830676495551,5.23142529092404,5.19497447516252,5.15900029024948,5.1235739716226,5.08919525045577,5.05527413453998,5.02280690617634,4.99140621434282,4.96129426269823,4.93290837095766,4.90592054346575,4.88025921667534,4.85665803452992,4.83561883359088,4.81759040954204,4.79778672373769,4.78174649197727,4.76769711134032,4.75560481765916,4.74579971884072,4.73878409891311,4.73435247092224,4.73244842560478,4.73303004618726,4.73631041224386,4.74200329410085,4.75022038605492,4.76047648875382
5.04518370038786,5.0477358497434,5.0504818739214,5.05343008290414,5.05661338894851,5.06006394285918,5.06375426947635,5.06768907804421,5.07194738409954,5.07660461024656,5.08160580324695,5.08694349736765,5.09277091748331,5.099023318739,5.10573683636856,5.11302447928324,5.1208266376338,5.12925012047279,5.13835108147012,5.14810216806293,5.15860399918602,5.16981938448804,5.18184910022243,5.19474947006013,5.20849191398417,5.22318703487704,5.23906144192391,5.25586315757063,5.27409956212309,5.29301700105117,5.31290007881829,5.33367489414704,5.35522700822502,5.37742897394268,5.40020937945841,5.4234143284097,5.44689316656702,5.47045598663023,5.49392661510148,5.51709080364803,5.5397329199407,5.56170721642308,5.58271689815557,5.60261037956531,5.62115150775413,5.63818334577653,5.65346587187056,5.6668694508022,5.67871207503298,5.68746206070885,5.69526370422141,5.69984904527172,5.70219971970528,5.70246529057411,5.69987512571281,5.69434409683041,5.68689328142968,5.67603010281337,5.66203307033133,5.64616509220196,5.62703833229061,5.60562622856657,5.58194558912836,5.55609243497316,5.5283448965977,5.4988619998051,5.46795303097829,5.43585562145491,5.40274534525326,5.36910492713473,5.33475552220769,5.30034927154766,5.26578075990696,5.2314046018486,5.19732639315334,5.16358980290542,5.13048702592825,5.0979623598895,5.06641913672798,5.03595684374572,5.00659525199402,4.9786434919999,4.95220795386005,4.92649183023054,4.90280895006345,4.88078420884649,4.8606267958875,4.84382408132388,4.8254640142988,4.8104797760061,4.79756900807747,4.78646044920764,4.77741720051389,4.77057320439438,4.76609741853976,4.76409329911238,4.76467016183115,4.76765473251883,4.7725690286535,4.7800313610754,4.78931833896563
5.04881134299152,5.05147087304127,5.05432905186488,5.05739919367613,5.06068919497579,5.06424765383112,5.06806585980866,5.07214558540471,5.07651957120429,5.08123813165452,5.08634458267885,5.0918042802926,5.09767851877571,5.10399850593209,5.11094438597333,5.1180760511883,5.12593539845031,5.1343381393362,5.14335462256162,5.15296939980334,5.16330900885894,5.17432434937368,5.18607289777982,5.19860503236362,5.21191365414826,5.22598216688364,5.24112708658072,5.25693121765474,5.27409596456145,5.29203452770406,5.31078652258554,5.33028247662927,5.35041994048857,5.37114907187189,5.39234792922182,5.41389996375342,5.43565854572772,5.45745543693053,5.47908702589946,5.50041931055596,5.52121218197969,5.54127000818563,5.56039679440101,5.57851824995802,5.59534872464362,5.61081552914433,5.62484649354378,5.63746710661902,5.64750870785697,5.65625977581912,5.66193308321392,5.66761428665129,5.66939063834106,5.66931840965162,5.66665089624917,5.661396297883,5.65358316910159,5.64328126465393,5.63079485057976,5.61590667510211,5.59746255026738,5.57746341950655,5.55560965654633,5.53160042305442,5.50589343466434,5.47856330449029,5.44996158087129,5.42013651779189,5.38961112570061,5.35819217467859,5.32647627329851,5.29429394813541,5.26215673834482,5.23014860513798,5.19820095536074,5.16670677408991,5.13560584538336,5.10526879284576,5.07585698088974,5.0472636384555,5.01997143027423,4.99378523849894,4.96881555801484,4.94516455822731,4.92291252709867,4.90226904052238,4.88330084423544,4.86620252649853,4.8506869410611,4.8365413745004,4.82440407210584,4.81413955660657,4.80584067685283,4.79953703874642,4.7950924272201,4.79295919838903,4.79320848054796,4.79585989666093,4.8005041764494,4.8071246235819,4.8159118565858
5.05230690930064,5.05507400989215,5.05803720800555,5.06121672500367,5.06462947547905,5.06828009077796,5.07221647682793,5.07641450307626,5.08089265214529,5.08568142325375,5.09089750129513,5.09642843235501,5.10236547511999,5.1086510477239,5.11526080207963,5.12263997144559,5.13046063277676,5.13879621794642,5.14769511782933,5.15719266293066,5.16729963635149,5.17807662689807,5.18947228316992,5.20156613943379,5.21437776523928,5.22788472053601,5.24171684006461,5.25736827248073,5.27404704325264,5.29092342782532,5.30862206350082,5.32684764139268,5.34561737780145,5.36484845807001,5.38446983579196,5.40433765377235,5.42435640152441,5.4443833290731,5.46425813963664,5.48377580421128,5.50278637807601,5.52116168177609,5.538761985927,5.55532484241638,5.57081979428167,5.58551052955198,5.59852537226095,5.60956649950038,5.61937127007531,5.627158990099,5.63329681560227,5.63707539302166,5.63867502885683,5.63804887939586,5.635191055439,5.62992315511544,5.62237656294433,5.6124085142659,5.6003032056911,5.58591929208103,5.56935658715196,5.55084878410126,5.53035860759159,5.50801364261254,5.48414479207284,5.45883900302568,5.43224076387579,5.40466914187428,5.37615443432473,5.34708223702569,5.31756493536492,5.287751628632,5.25783304190019,5.2278322558111,5.19814918970556,5.16862642572017,5.13968125184717,5.11139676448993,5.08385549699265,5.05734024226786,5.03189046951062,5.00733707839785,4.98401512802336,4.96190931576989,4.94113446525931,4.92175643091872,4.90518879278938,4.88863437865526,4.87325091163594,4.8598731000647,4.8484948044664,4.83900227371692,4.83144439388825,4.82570745054358,4.82178972496076,4.81975998854855,4.81979622904103,4.82175606120765,4.82600004572943,4.8322800952081,4.84027087574115
5.05567751650573,5.05853974108799,5.06160203909036,5.06487429782828,5.068378587937,5.07213240204418,5.07614628365422,5.0804423173799,5.08498494090767,5.08988875313159,5.09511674898565,5.10075692337472,5.10677118568401,5.11308778102025,5.11984557677949,5.12707806154009,5.13475904397574,5.14291922622508,5.15166398112366,5.1609626925343,5.17080062959089,5.18124924035291,5.19232958328994,5.20396823511568,5.21623960889411,5.22880399058978,5.24244342088492,5.25670555971366,5.27213743386587,5.28809286085143,5.30455721053344,5.32156613513774,5.33908378554901,5.35702504926883,5.37532888704734,5.39392559392115,5.41256442849371,5.43114131475847,5.44950372236036,5.46774305319924,5.48536112595671,5.50276668066927,5.51868947244459,5.53408874314185,5.54831855113104,5.56165149215195,5.5741126860344,5.58438666024623,5.59285285379963,5.59979208276979,5.60493498427916,5.60806144669146,5.60906700455762,5.60813276682769,5.60506701356726,5.59985924982567,5.59250305517791,5.58314902932615,5.57164059450093,5.55801580986005,5.54254207070503,5.52525072974082,5.50606974369241,5.48538756958546,5.46323310970866,5.43965985609203,5.41507633821588,5.38945038491619,5.36313426292384,5.33608508683359,5.30869659390317,5.28089247251746,5.25292321155116,5.22509556249608,5.19720691189595,5.1698481119178,5.14285276886801,5.11644453016113,5.09088515417824,5.06620994078955,5.04230931483663,5.01946306809111,4.99763251507702,4.97715172029336,4.95786273744159,4.94001075507396,4.92344100258172,4.90786851867105,4.89397859944924,4.8816686332439,4.87123567687234,4.86246010033338,4.85554763872243,4.85054208956389,4.84718389011197,4.845600370883,4.84570976801,4.84765211186679,4.85124699423682,4.85660593163232,4.8640578634894
5.05887507504905,5.06181967744231,5.06496718644079,5.0683266508821,5.07190889989579,5.07573526653742,5.07982372371229,5.08419970783845,5.08883091755403,5.09374541045008,5.09903136961826,5.10469208123471,5.11075944769195,5.11732133972393,5.12396715685291,5.13106177946853,5.13865824817012,5.14676303581279,5.15531414626371,5.16441388906264,5.17403047259374,5.18414103974379,5.19484368338738,5.2060901167984,5.21793173973928,5.23031044672222,5.24330097031995,5.25681829899462,5.27084834377712,5.28576397185489,5.30114740202616,5.31693685956609,5.33309901884952,5.34957751063709,5.36629212504603,5.38337262183289,5.40044805262538,5.4175000773724,5.43433454479392,5.45070623656998,5.46676233158921,5.48388411533872,5.49911402409858,5.51334333290099,5.5268012404574,5.53892128382995,5.54954450097392,5.55895550115001,5.56696926304615,5.57301142394836,5.57738525626225,5.58006512744833,5.58064344587787,5.57959982088697,5.57634823235799,5.57131847572938,5.56428198305649,5.55529610747826,5.54447987451024,5.53174525210489,5.51721532452427,5.5010057371299,5.48325257867074,5.46393622987505,5.44333973723773,5.42154148095922,5.39854984192037,5.37483278494947,5.35033596760482,5.32529967563357,5.29968508830003,5.2737563976135,5.24774032841179,5.22162895260578,5.19578963353139,5.17017190659596,5.14502802324451,5.1205239483175,5.09668527732339,5.07354972394104,5.05127898356458,5.02991534271943,5.00953590899265,4.99035185961377,4.97290412594287,4.95602765647651,4.94097411378733,4.92598475578857,4.91326759933091,4.9022590301917,4.89288548993631,4.88495890842553,4.87864846462516,4.87408558167253,4.87127488718522,4.87013588682287,4.87052601977751,4.8724999500063,4.87606211185535,4.88106161234278,4.88847690995016
5.06185013570684,5.06486463113373,5.06807655232021,5.0715090949111,5.07516090085289,5.07904597519195,5.08318517452412,5.08759478152568,5.09230148275556,5.09727167818921,5.10254466791754,5.10820322485541,5.11422470340208,5.12068009044523,5.12739503956971,5.13455549607467,5.14213859664131,5.15008715636387,5.15854077453205,5.16743579601677,5.17678297094778,5.18669913178926,5.19705917852609,5.20792298755995,5.21928890969576,5.23114402988305,5.24345729380604,5.25613083410125,5.2694173548441,5.2834458342088,5.29786375059748,5.31262716594482,5.3276772407588,5.34320788000271,5.35837088322604,5.37424424595138,5.39006654193358,5.40577842266072,5.42147666104151,5.43753858572382,5.45256731702692,5.46707049303964,5.48073807731815,5.49404982588879,5.50608171647178,5.51713954172382,5.52688448972938,5.53525673049014,5.542225263474,5.54756757091043,5.55139553242603,5.55345561973648,5.55387809564399,5.55252098949037,5.54946164952506,5.54440957287268,5.53766784099844,5.52913132173041,5.5188502589219,5.50686349632695,5.49328759138425,5.47809347833911,5.46142846634011,5.44349230334685,5.42423605980879,5.4039431076652,5.38265981457702,5.36047783611237,5.33771205304633,5.31420294216443,5.29037348674965,5.26618777005629,5.24189619274159,5.2176430502636,5.19348254952403,5.1696630604269,5.14635431786245,5.12347017114983,5.10113739901508,5.07950694590303,5.05868402691886,5.03872346443254,5.01980419435556,5.00195466790824,4.98530528372091,4.96980696487345,4.95544465151783,4.9423629126445,4.93081786599713,4.92080038780163,4.91222076590919,4.90503651120135,4.89939876809173,4.89529435789527,4.89272798471271,4.89182027557334,4.89250691985308,4.89463322053808,4.89816511208059,4.90295168354453,4.9093405290989
5.06460076657012,5.06767838012343,5.07094649294584,5.07442274849504,5.07813119933541,5.08206458061198,5.08624246502783,5.0906804993264,5.09541522990157,5.10040609149171,5.10568544803117,5.11127942768801,5.11724776823312,5.12354427344717,5.13067622065289,5.13720524469008,5.14491934273306,5.1527713309151,5.16102241961807,5.16974100476183,5.17891976368312,5.18851206972895,5.1985723939884,5.20906814396509,5.21999488392101,5.23132091378646,5.24305422862178,5.25475346445783,5.26757400489934,5.280718665856,5.29418622857548,5.30790005514429,5.32180726106252,5.33633681408812,5.35091390869236,5.36568365631288,5.38047946451366,5.39538902611617,5.41002218206288,5.42443741577822,5.43826501585472,5.4515892141178,5.46435863188736,5.47670707268086,5.48719586649739,5.49702747815206,5.50572314247033,5.51320660114537,5.51930397126046,5.52395594844009,5.52721647808201,5.52877341105561,5.52887186341346,5.52728378266016,5.52410688212518,5.51928818029435,5.51272261813088,5.5044678892184,5.49474689260511,5.48344929770955,5.47058200732466,5.45642811202671,5.44081780292354,5.4239693928155,5.40607124570784,5.3870615772116,5.36724995491944,5.34661282612291,5.32525110474421,5.30340150946405,5.28108241105211,5.25860584258794,5.23595578406648,5.21332695616623,5.19089341031157,5.16880412559739,5.14699691689411,5.12556339042031,5.10480362571403,5.08457903623596,5.06515352825686,5.04658754265646,5.02887227731275,5.01216656122902,4.99659551487759,4.98195279373737,4.96909434771663,4.95658488961634,4.9458884464443,4.93675414114007,4.92880669847201,4.92227606829599,4.91722063771849,4.91362582546022,4.9113927885328,4.91056638926661,4.91114548107251,4.91321480704337,4.91670267653203,4.92151832072624,4.92751773055622
5.06723708367215,5.0703589262753,5.07366877532131,5.07717720599228,5.08091127623476,5.08487988486054,5.08907765809477,5.09352687148427,5.09824830480138,5.10326591032352,5.10853599861451,5.11405770379061,5.1199158331355,5.12612326996453,5.13271798841686,5.13966108041693,5.14709357834207,5.15479779996696,5.16289687593083,5.17139666388229,5.18024697406646,5.18961617537353,5.1992847041595,5.20937421954218,5.21984348389431,5.23075933184142,5.24197272274125,5.25352104662917,5.26533734451893,5.2773231941417,5.29003160701907,5.30291279105412,5.31599983067352,5.32953356032915,5.3434931626617,5.35709395031761,5.37091669210787,5.38468199851272,5.39816485113434,5.41135658814694,5.42411099715915,5.43628917227898,5.44786926991328,5.45848195453019,5.46876442798458,5.47763311935765,5.48548516305181,5.49219406005905,5.49761285623841,5.50171669377297,5.5043614406828,5.50565562830393,5.50548917168924,5.50377512458825,5.50052346742282,5.49577340285435,5.48946570810314,5.48173111074664,5.4723843303541,5.46169680014439,5.44969418711782,5.43627681773964,5.42176050438437,5.40599925827101,5.38920146577523,5.37153496481277,5.35293746877841,5.33374444561003,5.313798200598,5.29341028768178,5.27262714021178,5.25165295966234,5.23052587336945,5.20955914925363,5.18865948272875,5.16801593047783,5.14761452307738,5.12771294307024,5.10826615348243,5.08943001215841,5.07135784558793,5.05396339811415,5.03746683564518,5.02187408108781,5.00725135456391,4.99353782372447,4.98109805150123,4.96971481288789,4.95952761522445,4.95100166532875,4.94370734634032,4.93773457277624,4.9331404425344,4.9298830380183,4.92797319432133,4.92737157075555,4.92804728578786,4.92993319145322,4.93318291990094,4.93773363588713,4.94362447581919
5.06967866551868,5.07283475230529,5.07618239364454,5.07972436154797,5.08347205664511,5.08745693652809,5.09167842068929,5.0961294026916,5.1008393449737,5.10584715632964,5.11109799139754,5.11657809994255,5.12237667057237,5.12854204278937,5.135072807902,5.1419469309339,5.14906352625436,5.15655165280058,5.16438919216832,5.17262319645422,5.18122642790135,5.19017709732815,5.19951744012225,5.20922031513601,5.21927742644206,5.22965059200567,5.24029609652126,5.25123812337531,5.26244006369829,5.27378528288219,5.28565018169834,5.2977748302758,5.3106207203726,5.32316274697814,5.33595832045405,5.34865282082047,5.36141750537324,5.37414296815996,5.38651454233751,5.39863576374842,5.410293663985,5.42140860325522,5.43199672111678,5.44179436652526,5.45083481786979,5.45899015151856,5.46603954759347,5.47211451384051,5.47689363071825,5.48057170046795,5.48285396442991,5.4838781676477,5.48350860916055,5.48167290974269,5.47852871628758,5.47396041901921,5.46796659324907,5.46056184368412,5.45191466940174,5.44185572467628,5.43054144561827,5.418074172999,5.40440061514855,5.38978207923419,5.37410438224435,5.35758442273154,5.3403258379402,5.3223084310469,5.30377488362131,5.28474779320611,5.26542654987436,5.24585186445994,5.22632875977861,5.20674931957542,5.18723316353611,5.1679778142065,5.14896275082172,5.13038044780058,5.11223878158513,5.09469229917833,5.07776657801881,5.06154719694827,5.0461559713946,5.03158390147551,5.01785045718336,5.00510458398263,4.99360221217171,4.98409344298811,4.97342498837385,4.96505822377835,4.95819675819281,4.9525964964299,4.94839888520978,4.94543715819856,4.94369145059729,4.94320785749964,4.94390516740317,4.94581049004079,4.94883492061722,4.95293844146184,4.95828142743107
5.07183663624827,5.07502248676071,5.07839343592114,5.08195891459414,5.08572615385626,5.0897184670782,5.09394066670434,5.09839756382932,5.10308672307581,5.1080510765192,5.11330219339331,5.11875259708736,5.1245576721671,5.13061401918264,5.1369858653084,5.14365120647201,5.1506506184224,5.15796952864997,5.16562120800116,5.17355108682088,5.18189821621885,5.19054918268041,5.19951443980247,5.20881376792477,5.2184478491773,5.22835087795844,5.23847587981464,5.24888947769456,5.25947000098984,5.27030946860355,5.28157836046256,5.29300129712711,5.30448126174845,5.3164497068651,5.32846940789981,5.34006220414661,5.35192268530937,5.36376198001393,5.37518494111803,5.38631385637127,5.39702547136589,5.4072597160127,5.41683698697663,5.42572713819193,5.43392248234099,5.44125093059304,5.44773345937453,5.45307820270176,5.45737236023397,5.46058137912226,5.46254780697628,5.46335166985739,5.46288554772075,5.46110573814183,5.45802936774426,5.45359667535284,5.44798393852374,5.44111660005798,5.43291674287086,5.42358084456767,5.41297026237211,5.4013374545296,5.38868798203588,5.37500294611,5.36051296712092,5.34511052216414,5.32906437333822,5.31228379277381,5.29506310540527,5.27734483082984,5.25943932717483,5.24133231388287,5.22311982316883,5.20484130719601,5.18674391961173,5.16874381239378,5.15102351990738,5.13369154518513,5.11672237842574,5.1003352304332,5.08452515995124,5.06936799622194,5.05493651982245,5.04130302506507,5.02856581746959,5.01647897225173,5.00556875285056,4.99602318521473,4.98715191587486,4.97914190427009,4.97251926767493,4.96720358179246,4.96315402866631,4.96028693393158,4.95857331688797,4.95803275069248,4.95869182459086,4.96043564675346,4.96327470932543,4.96716558388104,4.97201340064375
5.07395816546412,5.07715514326369,5.08053257142744,5.08410025457595,5.08786695517072,5.09184811160963,5.09604730522084,5.10046919796111,5.10513037970405,5.11005462492757,5.11528245267469,5.12084668413883,5.12633549428527,5.13251751257434,5.13872358214858,5.14524485570116,5.15204639126761,5.1591739540621,5.16659657227468,5.17432028297673,5.18237293523556,5.19071844267394,5.19935714834393,5.20827845145253,5.21749723291238,5.22694476091131,5.23660680084079,5.24652890457346,5.25666423773786,5.26704114478916,5.27761608715645,5.28842699108492,5.29938455577746,5.31044166541741,5.32170575361897,5.33273184383318,5.34325844646987,5.3542749153885,5.36476435629337,5.37495113262242,5.38469209419304,5.39403320551436,5.40277741003785,5.4109826678532,5.41837445952882,5.42493690227373,5.43070384401956,5.43552252974627,5.4394617276515,5.44219197786435,5.44393909090203,5.44452208027566,5.44394940731324,5.44212446763438,5.43923589769574,5.43508186638389,5.42973311378514,5.42323063471243,5.4156264792274,5.40686512695464,5.39712557254288,5.38622029301341,5.37444293671182,5.36173564329485,5.34824130982328,5.33397940037999,5.31903295660645,5.303487156959,5.28743083454902,5.27107323953666,5.25442814933044,5.23759396703308,5.22065421697809,5.20364345175016,5.18674086440416,5.16995542769976,5.15343712206038,5.13719469395961,5.12137687244385,5.10606698530086,5.09121178878011,5.07702425847008,5.06349733908193,5.05090148501745,5.0387844403463,5.02728137254184,5.01695732605638,5.00785401940155,4.99907769065152,4.99154765404718,4.98527301810004,4.98028482614759,4.97642755804311,4.9736015395026,4.97187416126199,4.97126461516106,4.97173716040081,4.97334032137926,4.975958853653,4.97954438710754,4.98409866473832
5.07610723214474,5.07931852719938,5.08270891040091,5.08627418270242,5.09003090460225,5.0939895368854,5.0981578426912,5.10254974254995,5.10717185441278,5.11202959246756,5.11713309612952,5.12247817117948,5.12809021869765,5.13402756660636,5.14020980847374,5.14663920491296,5.1532728547035,5.16022273541768,5.16744835393754,5.17493665421848,5.18271467561979,5.19077895439999,5.19908070137867,5.20765885084454,5.21647911737211,5.22553403353896,5.23479239187018,5.24425426055842,5.25389077342117,5.2637867938835,5.27380989665279,5.28395395988202,5.2942385837187,5.30457823850506,5.31483455508809,5.32532945127569,5.33547437176012,5.3455500387,5.3552185174614,5.36457605502229,5.37363609268808,5.3821977701286,5.39021634551045,5.39765586582636,5.40437947814295,5.4104262822315,5.41559845389913,5.4199227363941,5.42333169448779,5.42578807456399,5.4272243789402,5.42763248203834,5.42698107817199,5.42520660048866,5.42237021584614,5.41846254528308,5.41341521325959,5.40729371812028,5.40014156861869,5.39192432336761,5.38279021494177,5.37268945951885,5.36170813777921,5.34989681153286,5.33728041434919,5.32402550311151,5.31006755154575,5.29563299277861,5.28077458256958,5.26558139906033,5.25009716731171,5.23443608848575,5.21860283486428,5.20275659933477,5.18698258642843,5.17128015403697,5.15582255685501,5.14065767211818,5.12588390353993,5.11147270068865,5.09758677703148,5.08427546925579,5.07160153645193,5.05959461778275,5.04795475096597,5.03790547650108,5.02833268691643,5.01946097612219,5.01074163705724,5.00355376305767,4.99774979768003,4.99242213465384,4.98850385694401,4.98570370248487,4.98397528783777,4.98329262963152,4.98365224762577,4.98505202353095,4.9874643236118,4.99082763747979,4.99508213393391
5.07794412816956,5.08116525976571,5.0845685070874,5.08814182449151,5.09188761954795,5.09583647727455,5.10000762860255,5.10436930726852,5.10894701878345,5.11375750992267,5.11878270446138,5.12403459319899,5.12953638280901,5.13532551233875,5.14138719452316,5.14765766293299,5.15416646048599,5.16091342199874,5.16793252609935,5.17519626098923,5.18271396345376,5.19049223369705,5.19850370154697,5.20674128865919,5.21522443830798,5.22388516719276,5.23272676728177,5.2417741777526,5.25095754098034,5.26031690477351,5.26984506770424,5.27942642928878,5.28907174031916,5.29876947622321,5.30846291855303,5.31813778499633,5.32759747644268,5.33680129020528,5.34590444881725,5.35455952160966,5.36290110410593,5.37077844618016,5.37822571829746,5.38502276754348,5.39120188197559,5.3966815005946,5.40141114376144,5.40534305761753,5.40838907790974,5.41056044527562,5.4117759303273,5.41204103736902,5.41132894521478,5.40962339096824,5.40685576676524,5.4031117563249,5.39836134285331,5.39259422333317,5.38590568252165,5.37823484867231,5.36964776701497,5.36023061019396,5.34994415669685,5.33895272981714,5.3272084098812,5.3148291957916,5.30184933236538,5.2884684310769,5.27462298327947,5.26050797824082,5.24605484304423,5.23142266038062,5.21667253593453,5.20190751016505,5.18714021338388,5.17249879853785,5.1580898337369,5.14390053403048,5.13004110911666,5.11659208609315,5.10360386529754,5.09112636010655,5.07927726095598,5.06798464877629,5.057420594795,5.04758821569505,5.03851105158736,5.03031915500049,5.0226664667068,5.0153357061827,5.00930441358733,5.00448422146693,5.0006980791885,4.9979570346881,4.99623932902943,4.99551013874738,4.99574025682176,4.99691199716415,4.99903865867284,5.00209112650614,5.0060003088156
5.07945749585969,5.0826607035928,5.08603984360747,5.08959626588959,5.09333458860256,5.09725707052037,5.1013870695535,5.10571818882207,5.11024351286311,5.11498425106643,5.11995198125383,5.12511734471161,5.13052387588004,5.13619627911856,5.14211242939181,5.14825027256432,5.15459643306505,5.16118043772584,5.16798446134592,5.17502511164306,5.18230613662293,5.18979434922762,5.19750183608216,5.20543534575799,5.21353101115871,5.22182928846947,5.23028538348212,5.23891220511373,5.2476492327336,5.25652863954874,5.26553251606668,5.27460416788166,5.28372836056491,5.29283632898478,5.30187235874486,5.31087198690218,5.31974250586033,5.32826128882328,5.33668694274435,5.34477859640793,5.35244441934725,5.35972880937523,5.36654188300175,5.37281102133075,5.37849323721164,5.38344567931425,5.38776412036232,5.39129249443734,5.39406788741412,5.39596101517965,5.39704085883551,5.39717284459328,5.39640734561318,5.39472948842316,5.39213549882087,5.38854953417971,5.38408405669868,5.3786652179584,5.37235678859309,5.36520444719929,5.35717268157816,5.34838521587214,5.33879863561164,5.32853083274935,5.3175860918685,5.30608347420787,5.29402778731172,5.2815672741295,5.26870656704887,5.25550052211993,5.24203387907663,5.22845159198375,5.21470157749369,5.20093022575239,5.18718818373249,5.17358096114119,5.16009742401442,5.14685528850132,5.13394589867718,5.12136978180466,5.10923488811933,5.09760255915464,5.08647471716758,5.07590346535345,5.06606236098341,5.05698399802383,5.04873968027331,5.04083193524478,5.03408390525324,5.02752459372436,5.02171051757493,5.01711166262512,5.01342771521752,5.01072665731284,5.00896404614378,5.0081428498772,5.00824258834557,5.00922219840347,5.01103543831926,5.01368081921416,5.01718757109178
5.08088903744512,5.08406470188517,5.08741451816518,5.0909360791058,5.09463136379052,5.09850412087685,5.10257472663992,5.10683526256637,5.11128948691892,5.11594505240824,5.12081623261457,5.12588736309325,5.13117138844272,5.13669959590353,5.14248135852969,5.14845136968993,5.15464193055167,5.16103743685991,5.16763096145621,5.17443135297694,5.18146513166149,5.18869278403947,5.19610781978366,5.20371648256268,5.21148397322429,5.2194138450155,5.22749425988666,5.23568574896255,5.24402489497387,5.25247130648158,5.26098354860642,5.26955158638109,5.27811908354083,5.28672228096295,5.29522996938919,5.30364520590385,5.31188934601562,5.31996220712868,5.32777114106178,5.33521450521971,5.34231469241757,5.3490690524005,5.35533059771593,5.36108348920362,5.36628942643548,5.37088189218291,5.37479214992245,5.37798122652777,5.3804612044078,5.38216060440488,5.38304504521615,5.38314025167673,5.3823487580242,5.38068312105108,5.37819435968356,5.3748359114337,5.37059447162778,5.36554859596963,5.35960829461867,5.35291191741245,5.34542535001946,5.33719800755072,5.32828545437952,5.3187021276358,5.30852449670114,5.29776572369789,5.28656933376549,5.27493592638392,5.26294934968521,5.25068196541643,5.23819708229702,5.22552093232301,5.21272321546367,5.19991001424695,5.18707475631699,5.17434754844594,5.16177874823797,5.1494454032902,5.13735441829525,5.12561363511992,5.11430797982549,5.10340961708178,5.09298880531635,5.08318370958766,5.07395570367931,5.06536141310875,5.05752099019262,5.05053946458102,5.04400260101258,5.03820060340966,5.03310732007909,5.02869868605642,5.02526158235974,5.02274675325969,5.02105898558183,5.02017540397964,5.02012937079209,5.02093351368378,5.02254585408004,5.024927421791,5.02806732916374
5.08227604152828,5.08543906788494,5.08876693584177,5.09225711136219,5.09591303612696,5.09973834468741,5.10375139743115,5.10794309567838,5.11231836038768,5.11688548337476,5.12165568213857,5.12662030658961,5.13177984236671,5.13716160526771,5.14277576113785,5.14857601254809,5.1545732265784,5.16076579126275,5.16715476738158,5.17373174427808,5.18049701330638,5.18743572840823,5.19455571205915,5.20184147724037,5.20926572871828,5.21682775401202,5.22454250183194,5.23234289105363,5.24025100579821,5.24825904244454,5.25632803360622,5.26443670677508,5.2725325101221,5.2805817285051,5.28860018622922,5.29649575324234,5.30420964971987,5.31170716919585,5.31901517505713,5.32596295864106,5.33254930886123,5.33876124244428,5.34457436284012,5.3498966328895,5.35465523205005,5.35884197832206,5.362420970807,5.3653725898837,5.36757019813326,5.36909878787913,5.36985630552219,5.36985532506436,5.36908509963885,5.36751652718327,5.36510360093474,5.3619390163876,5.35795870962406,5.35320057789978,5.34769269935586,5.34139477572964,5.33441899173088,5.32671972390534,5.31843169606546,5.30948460823317,5.30002739717662,5.29002757097468,5.27959417241893,5.26874097288108,5.25758984774873,5.24616897751362,5.23452418392726,5.22272553835058,5.21083938616444,5.19885056839759,5.1868667778048,5.17500349067878,5.16326323107142,5.15171188213002,5.14043650073028,5.12952636486331,5.11891354442848,5.10873408440415,5.09900057318828,5.08969709895181,5.08084315362652,5.07293879335052,5.06520683454644,5.05820547474109,5.05219682222244,5.04699241913709,5.04256636549524,5.03858860906279,5.03561380791355,5.03328400787473,5.03171607081638,5.03093143909609,5.03090419893213,5.03160638182612,5.03307740744288,5.0352645571423,5.0381176695595
5.08367656152152,5.08681834503042,5.09012257096485,5.09358466632342,5.09719983983458,5.10097751709773,5.10493893713323,5.10906237092439,5.11335993946296,5.11784610835902,5.1225166027378,5.12737696832785,5.13241962335149,5.13767929244241,5.14313234481064,5.14876872137126,5.15457810440668,5.16057381053344,5.16673217260969,5.17307925107213,5.17960425608937,5.18627619955995,5.19310475561882,5.20007104437042,5.20715908835881,5.21436069811718,5.22168838286334,5.22910388430758,5.23665332525463,5.24421696725245,5.25183124676534,5.25946601777118,5.26711867090328,5.27468335819735,5.28219785570541,5.28956486815199,5.29684418336267,5.3038250497084,5.31062629083876,5.3170823780472,5.32322181714732,5.3289418478211,5.33433413958468,5.33920512909665,5.34363044846489,5.34745051550236,5.35072064604347,5.35337308111885,5.35541876641397,5.35674330956294,5.35740636430557,5.35733831968378,5.35656095213819,5.35504766140306,5.35280925943358,5.34977749452562,5.34605233692865,5.34157568847726,5.33641588580731,5.33055847557383,5.32404291588985,5.31688147278361,5.30911631190085,5.3008114147292,5.2919810145422,5.28268589454921,5.2729826251083,5.26290309095083,5.25251659790077,5.24184092914251,5.23101176970557,5.22000090374979,5.20891034915848,5.19779405908389,5.18665121334076,5.17555484476579,5.16456208917355,5.15382715045183,5.14330796598981,5.13304739474568,5.12320252776645,5.11369184941633,5.10466649369377,5.09586330088679,5.08789101378586,5.08018791086222,5.0732290080025,5.06651294898934,5.06111508600771,5.05640262298762,5.05249804848123,5.04872745645634,5.04553773153525,5.04315956496436,5.04156177856044,5.04069912629692,5.04059475355472,5.04120657722187,5.04250742830073,5.04449111235763,5.04710959252279
5.08489926460095,5.08801126443167,5.09128172962508,5.0946939604742,5.09827950254624,5.10201656019162,5.10592447384335,5.10998954046516,5.1142062155153,5.11860910923536,5.12319372957311,5.12795090443871,5.13289008584498,5.13802745894257,5.14335335329574,5.1488507522102,5.15449789973133,5.16027127940361,5.16623762366053,5.17238204284691,5.17867770058374,5.18509899974197,5.19166356289725,5.19835217840818,5.20514957463649,5.21205164371032,5.21903850656161,5.22609286830987,5.23321090317878,5.24038979010091,5.24760812676064,5.25479591796664,5.2619721216936,5.26910371552485,5.27614120436023,5.28304782887612,5.28982154391644,5.29637757019777,5.30271240250375,5.30871557337811,5.31442276347971,5.31975705299833,5.32470787729694,5.32922194749289,5.33323683707592,5.33674314745748,5.3397036255564,5.34210588340155,5.34391389483619,5.34514344656006,5.34569199804336,5.34557722435587,5.34479609428439,5.34333581587938,5.34119290352446,5.33838627757333,5.33485177855145,5.33067769656985,5.32581262988807,5.32036438897576,5.31426455580843,5.30762569291116,5.30037382694259,5.29264823068359,5.28440574901135,5.27578107899422,5.26671823888826,5.25737119141633,5.24770601210045,5.23780021087548,5.22768255255727,5.21740882125346,5.20708606867085,5.19672671422306,5.18636444303791,5.17604426582902,5.16587091739393,5.15585252140393,5.14601215827736,5.13648650055078,5.12728324751246,5.11851000592497,5.10998762157738,5.10204319902367,5.0941984385329,5.08710751598301,5.08021167025502,5.0744434953272,5.06899505121563,5.06425698015522,5.06027581662945,5.05685720832523,5.05407657404249,5.051778415021,5.05022043205107,5.04927176894718,5.04897224882366,5.0493338787225,5.05044197189379,5.05210716381886,5.05443517181418
5.08582591559205,5.08891139072422,5.09214835873772,5.09553301857943,5.09906566041422,5.10274742143193,5.10659195060396,5.11059837907737,5.11475624922634,5.11907582650079,5.12357112864568,5.12822878629749,5.13306297550447,5.13807237386589,5.14325341657654,5.14861022829262,5.15414477541717,5.15982266489487,5.16558431676732,5.17148758137451,5.17749387466578,5.18369620311612,5.18999229235014,5.19641489550574,5.20296308646478,5.20960452998685,5.21629153842853,5.22303282295747,5.22980957009898,5.23661634344148,5.24344122212516,5.25026729143374,5.25706118760851,5.26376210314381,5.2703551211946,5.27687564970926,5.28318436056129,5.28933462127085,5.29523933758271,5.30088100386386,5.30616387637425,5.31111556040523,5.31570374829933,5.3198467111843,5.32349380337238,5.32672810506053,5.32937359670513,5.33162480185589,5.33324394897553,5.33433591300004,5.33482684316682,5.33470534252809,5.33391603512013,5.3325391398462,5.33051401037838,5.32785501104736,5.32459437784031,5.32066455850698,5.31614718549657,5.31102401920341,5.30537086797354,5.29913267977154,5.29244353998334,5.28520676413378,5.27757043909052,5.26950305033434,5.26109617531817,5.25237553315092,5.24336219313288,5.23416302471543,5.22475072236856,5.21521268195451,5.20553912727592,5.19579553586962,5.18613680260258,5.17653969384567,5.16706831359097,5.15776826276692,5.14864643869974,5.1396965151017,5.13098282447378,5.12272946464372,5.11451683010579,5.10712150076512,5.09992577233291,5.09308936354022,5.08682010437847,5.08106978087948,5.07585003247548,5.07115448480717,5.06706722985573,5.06369672577883,5.06106259092354,5.05885942122976,5.05731713317044,5.05642249360027,5.05611945004583,5.05641911580247,5.0573626597365,5.05884327770563,5.0608670068814
5.08681835145245,5.08985736323579,5.0930375287213,5.09635398272341,5.09981234088452,5.10342914063525,5.10720007116146,5.11112896401509,5.1152113162535,5.11945397552214,5.12384897083652,5.12840139971942,5.13312062350182,5.13799730660064,5.14303032756566,5.1482459356895,5.15364688583218,5.15923240063715,5.16474443891654,5.17055334540829,5.17644169740839,5.18235910230425,5.18840232559042,5.1945715376775,5.20086308894435,5.20721323676953,5.21359617029344,5.22006398761584,5.22653144109888,5.23302912697355,5.23950862058158,5.24596201262775,5.25239839073517,5.25871144365499,5.26493705069393,5.27103744420237,5.27696871900921,5.28272833979388,5.28824312513762,5.29352050835798,5.29851388950884,5.30308654797151,5.30736348131289,5.31121073248679,5.31462532727012,5.31757564643265,5.32008042339549,5.32208430149896,5.32357898888203,5.32454393779262,5.32498516192331,5.32483155198986,5.32411440532475,5.32276793110483,5.32087232608906,5.31837483931187,5.31529564120568,5.31165176493448,5.30741566247252,5.30264430823655,5.29734175079149,5.29154928676347,5.28527185734846,5.2785562657205,5.27141378744256,5.26389899400563,5.25605764997252,5.24789302296162,5.23951906061547,5.23093157175165,5.22216261921722,5.21323617462955,5.20419750517848,5.19513614337955,5.1861247314948,5.17715930089804,5.16831825840331,5.15961225705835,5.15108712182672,5.1426793901655,5.13439765209465,5.12635846783253,5.1187836018407,5.11151971227824,5.10463251778428,5.09811128461562,5.09206470386019,5.08667219703606,5.08170322242788,5.07731680821493,5.0734510521488,5.07016933227874,5.0675611712182,5.06585306992735,5.06436443006545,5.06349571505015,5.06323348920357,5.06345129161728,5.06415552672484,5.06540568375378,5.06717265032389
5.08765081560646,5.0906524932043,5.09377260213289,5.09702878631064,5.10044087736015,5.10399117688342,5.10767493541899,5.11151615883613,5.11551161382555,5.11967240619821,5.12396663978287,5.12841167481469,5.13300066453757,5.13774083740703,5.14263416008859,5.14769426131873,5.15289827483982,5.1582211475591,5.16367524918068,5.16923816138063,5.17495992555073,5.18074516985273,5.18660690863575,5.19254422244637,5.19856120826063,5.20465067974307,5.21078380601204,5.21699323576762,5.22321060047616,5.22940630813658,5.23557704501333,5.24173873226005,5.2478030315865,5.25377230477389,5.25964678436134,5.2653862907911,5.27097457948093,5.27637139763044,5.28153473748711,5.28645038332525,5.29106641107394,5.29536471023538,5.29930305293527,5.3029082416253,5.30612517135039,5.30890280130414,5.31122859407138,5.31311500732624,5.31449112824382,5.31539308388405,5.31574400021911,5.31560437748421,5.31489410488155,5.31365084638951,5.3118436629045,5.3095056839318,5.30661260740179,5.3031946345118,5.29924593926526,5.29477739686392,5.28982818823797,5.28440947896123,5.27854043646468,5.27227023720027,5.26560771692894,5.25858859787502,5.25124917218881,5.24366032354839,5.23582405143628,5.22778084105514,5.21956986301495,5.21123006582162,5.20282724372797,5.19438814512377,5.18596813481281,5.17761485483115,5.1693634051149,5.16121559384569,5.15326723358053,5.1454973024456,5.13828444224951,5.13064911672472,5.12335456891148,5.1164930815185,5.11001263570779,5.10384487580391,5.09806899749559,5.09289551754152,5.08811869228241,5.08381565552133,5.08007132825663,5.07698802868452,5.074457314904,5.07248235176996,5.07134493710884,5.07060802492889,5.07007659070224,5.07007216510082,5.07055528711373,5.07154504994567,5.07305033512874
5.08812131925069,5.09106727921846,5.09415308382668,5.09736801331618,5.10071507990494,5.104202203995,5.10782614728513,5.1115884478301,5.11549903018762,5.11956074450053,5.12375363571013,5.1280751220477,5.13254517873956,5.1371608404794,5.14191481423043,5.14681443169018,5.15183315401601,5.15698793061336,5.16227602563862,5.16766210753597,5.17319179975896,5.17882719847106,5.18446583167359,5.19013779040904,5.19589613116529,5.20170675903573,5.2075715101247,5.21351207682099,5.21949397774693,5.22539902820265,5.23127668588734,5.23712662347077,5.24288712243029,5.24856599957757,5.2541319572091,5.25956238512241,5.26482047195423,5.2698900925303,5.27475882708613,5.27936171029622,5.2836667450347,5.28764301704138,5.29134550618358,5.29475509319696,5.29772150388157,5.30035895736425,5.30254066388301,5.30432446736056,5.30560198978531,5.3064189583004,5.30675751712229,5.30658470434097,5.30592951278379,5.30473122072745,5.30305122729435,5.30085948329694,5.29816376345502,5.29494990891025,5.29124894600202,5.28707617850213,5.28244777868845,5.27738133625279,5.27191937419873,5.26603887296225,5.25982336802235,5.25326705210993,5.24642830134316,5.23930941437243,5.23197693307576,5.22446710187827,5.21678453362087,5.20898277777133,5.20114841391428,5.19328254706319,5.18543868476064,5.17767625617071,5.16993921966493,5.16226147215533,5.15483986058603,5.14746517821821,5.1406069177933,5.13382094325869,5.12730097011744,5.12093056267874,5.11495070261994,5.10930432597041,5.10439587269486,5.09920343542716,5.09475879589611,5.09078347275267,5.08724067283488,5.08415430296043,5.08158195354519,5.07942670429213,5.07765961248585,5.07691047235238,5.07598867011042,5.07594671786585,5.07638280422485,5.07721167183339,5.07855849453132
5.08861130248533,5.09150320627999,5.09452594982471,5.09767324298524,5.10094479886695,5.10435436421786,5.10790123524149,5.11158157942898,5.11539996164795,5.11935084651445,5.12341999815231,5.12762541143281,5.13197661217403,5.13645577219846,5.14105206474384,5.14578481074199,5.15064818961834,5.15562962290677,5.16072371043426,5.16593918759299,5.17128328087935,5.17671372378105,5.18221296787915,5.18785802715049,5.19302485107854,5.19878596690001,5.20437938919714,5.21002949630709,5.21570602441824,5.22138110240809,5.22697078651546,5.23251525036365,5.23798512272903,5.24336380025207,5.24859825579273,5.25374066016497,5.25867951998139,5.26346781953365,5.26799478311823,5.27235688618142,5.27636995368447,5.28012188541666,5.28352889490135,5.2866365599963,5.28959749151956,5.29190870785589,5.29400712917371,5.29566376750955,5.29687854281217,5.29762260361351,5.29791786629827,5.29775469116257,5.29711362296095,5.29601154837958,5.29440401152869,5.29233583205311,5.2897981696996,5.28680849642877,5.28335048727072,5.27948437017173,5.27516180265956,5.27044588037567,5.26531921616117,5.25985767739095,5.2540389988312,5.24792126082409,5.24151370562334,5.23486380398691,5.22801815275552,5.2209566913149,5.21377052002001,5.20652120514333,5.19919837038067,5.19188935398276,5.18459859653223,5.17731786042517,5.16996515609201,5.16280577688199,5.15595718367803,5.14902040510366,5.14229876384026,5.13591288052717,5.12981618506294,5.12406981837349,5.11864774680023,5.11365314740129,5.1090428724123,5.10464904685216,5.1004908026021,5.09675545283614,5.0934608423807,5.0905604257041,5.08811593086787,5.08606329955863,5.08457246641921,5.08365820930892,5.0832945340775,5.08269635426452,5.08289472683929,5.08353098323308,5.08463967187795
5.08907455602817,5.09192976245275,5.09490437988369,5.0979963525375,5.10121302348612,5.10456422164746,5.10803841753043,5.1116341864738,5.11535744209811,5.11919746853079,5.12316100621849,5.12726288762968,5.13147935811585,5.13580325663291,5.14026486475309,5.14484758005748,5.14953193696025,5.15434152043187,5.15926405248041,5.16429009109436,5.16940112179955,5.17457729275364,5.17985820410242,5.18516891804005,5.19054553460462,5.19601307031745,5.20135591831532,5.20683892630956,5.21220420590445,5.21759522188803,5.22297010742736,5.22820562641979,5.23339539719062,5.23846270766776,5.2434100014,5.24822525387556,5.25289906752894,5.25737926182804,5.26163988589525,5.26567395142426,5.2694726573547,5.27297142254205,5.2761779172551,5.27909922940472,5.28172621346302,5.28393548726666,5.28583262913983,5.28739917035613,5.2884781432355,5.28919635511361,5.28943277859276,5.28925626466444,5.28868336195683,5.2875789148017,5.28611267201219,5.28418097526882,5.28180020128945,5.27903018126011,5.27583615077682,5.27219083371073,5.26819881922829,5.26378581919341,5.25902056850616,5.25388479747898,5.24849713739952,5.24276715450945,5.23679068295565,5.23058908056101,5.22415687558387,5.21760208830345,5.21092800728747,5.20413616819968,5.19735378681252,5.19055385070226,5.18376477882371,5.17696266424717,5.17035452451983,5.16370624289947,5.15723533918673,5.15080475442915,5.14454536402577,5.13855896120064,5.13288298173851,5.12754701924184,5.12245359361688,5.11771118521495,5.11336520936962,5.10934976653001,5.10570883488726,5.10224165931719,5.09918969141145,5.09651798195944,5.09430703416334,5.09245923942891,5.09106942617682,5.08998786118802,5.0894849550364,5.08961154418959,5.08957368475848,5.09014581940316,5.09111849762778
