0.461108435025505,0.467198835253026,0.473354042588961,0.479531689061762,0.485769895991447,0.492024546978571,0.498331198729966,0.504646615829909,0.510999644611258,0.51735293015688,0.523731576287443,0.530108919755504,0.536501943903581,0.542888763671143,0.549267535631453,0.555618884812254,0.561940433518912,0.568210675468659,0.574453216647158,0.580758653614547,0.586976262630555,0.593124536416701,0.599161624313778,0.605127612988792,0.610970623614515,0.616717640962726,0.622430004206035,0.62797964747316,0.633463449503195,0.638845550867223,0.644092575613495,0.649111715630668,0.653989647109178,0.658711627183229,0.66326386711838,0.667624543958805,0.671803203727267,0.675772858073963,0.679532420755657,0.68307935803385,0.686395396793513,0.689485139705206,0.692328231755121,0.694935223971566,0.697278842504204,0.699381478458301,0.701203191327978,0.702784474072868,0.704069943299462,0.7051100957864,0.705852043244562,0.706336087159838,0.706529475024235,0.706451231812426,0.706090464679753,0.705444996791567,0.704518661242692,0.702971971241223,0.70143858101869,0.699980686418933,0.698126169936517,0.695941615577484,0.69343778556339,0.69068308565673,0.687674321624135,0.684444759995929,0.680965822900323,0.677267552804856,0.673374400801481,0.669241064209916,0.664923012461612,0.660399711276513,0.655710833390613,0.650826126244369,0.645802159784585,0.640579661422588,0.635225465153432,0.629750519356199,0.624121534737701,0.618370458750903,0.612504980198457,0.606538999668705,0.600480533831642,0.59431173043008,0.588077901440417,0.581781994567759,0.575401868633883,0.568963326036007,0.562498604041873,0.555978906927076,0.549414389504959,0.542838335592828,0.536245528551791,0.529616419232633,0.522986905339857,0.516383522244322,0.509746816863497,0.503130493050651,0.496527560359001,0.489942976664984,0.483392738740501,0.476847885838446,0.47032476464278,0.463878582167601,0.457447555617372,0.451073168877138,0.444736251023859,0.438457839429174,0.432242049229641,0.426045755363999,0.419927261068123,0.413846623207862,0.407837128658134,0.401925861602832,0.396040119112798,0.39023638459493,0.38448810732855,0.378796891217606,0.373181481112535,0.36765108077154,0.362175797687096,0.35678023651562,0.351454842999392,0.346216370167673,0.341027736357674,0.335928083837036,0.330900145455734,0.325930696611437,0.321063636253388
0.462922221389585,0.46917259088305,0.475451839241429,0.48179832920836,0.488169923362208,0.494599643930484,0.501046990638447,0.507539726419736,0.514046862550856,0.52058124633081,0.52712945182596,0.533694954735304,0.540264384388659,0.546844259201373,0.553408177598694,0.559952487645391,0.56647133647179,0.572990535195433,0.579456958663566,0.585871649839984,0.592288884694736,0.598617824548319,0.604883289476095,0.611180071656997,0.616964146741297,0.622965750829093,0.629009440609666,0.634824567337308,0.640489466474968,0.646054505978446,0.651445235934493,0.656690378578568,0.661759961033239,0.666679605066749,0.671398448171795,0.675949271675089,0.680282250267216,0.684422018881948,0.688335206853808,0.692026644191588,0.695486038907643,0.698703932858662,0.701672901069437,0.7043875609074,0.706840627711893,0.709026145837831,0.710942078356644,0.712576777588359,0.713939293458163,0.71500640113061,0.715801290283259,0.716292172428145,0.716509542031272,0.716422879112551,0.716057461185217,0.715378311611338,0.714424724080068,0.713134114824275,0.711708198810474,0.710029079004848,0.707878787369507,0.705510002457364,0.702884133850603,0.700017450371787,0.69690681294489,0.693526288442048,0.689924315539001,0.686083274879809,0.682018973667567,0.677740530699624,0.673242678998102,0.668568076084995,0.663683390810919,0.658619590049066,0.653387227144953,0.648002355461453,0.642460084778971,0.636745391380645,0.630929777070464,0.62499067078724,0.618924248471104,0.612741440237897,0.606464419192927,0.600114133107677,0.59366645648895,0.587153013899471,0.580576346466624,0.573942045053032,0.567265948368527,0.560551935632962,0.553790088461056,0.547016398535457,0.540228635580071,0.533412064059876,0.526601067862267,0.51980616149821,0.512984189572378,0.506191904942019,0.499416963606025,0.492676027143541,0.485956130190134,0.479250258341894,0.472590768364772,0.465955605092067,0.459398143456448,0.452861791124746,0.446399932585355,0.439982334472769,0.433624925575841,0.427300723695489,0.421055903922224,0.414868581100216,0.408741508288777,0.402681994835395,0.39669885804902,0.390799146982214,0.384953916656591,0.37917455448358,0.373460843504828,0.367831601510727,0.362270908995715,0.356789268204342,0.351390029446902,0.346053405693508,0.340827487452951,0.335645661287778,0.330537146239388,0.325510059496382,0.320540866507875
0.464703140638332,0.471075743296465,0.477521098143604,0.484001594281711,0.490543793504484,0.497112871912682,0.503740449910543,0.510388083888128,0.517080568850608,0.523784729918321,0.530520360718128,0.53726541407075,0.544032800068293,0.550802445484908,0.557562959303018,0.564307633030801,0.57103783820567,0.577752826879725,0.58444004673046,0.591083681257739,0.597665905057389,0.604198257262394,0.610592336367881,0.616849565626752,0.623112904955626,0.629780452693191,0.635749454918266,0.64174279007709,0.647634864980926,0.653362185227637,0.658980817513717,0.664413438837842,0.669709408613793,0.674801325389239,0.679735291486036,0.684446231412947,0.688978533639561,0.693270977114217,0.697361371865148,0.701200006475635,0.704811259129746,0.708160793269657,0.711265083877849,0.71409051785326,0.716659971439323,0.718934258568796,0.720943412823339,0.722646385938174,0.724074510190062,0.725191304689423,0.726023430498633,0.726541493423929,0.726767321955221,0.726674832876004,0.72630663395246,0.725607536135559,0.72468925052565,0.723483667846687,0.721849783760161,0.719949420549293,0.717774675465561,0.71531612237308,0.712610670309984,0.709602087826413,0.706364454219364,0.702855343410474,0.699096626106448,0.695123665750348,0.690875026184165,0.686430029688748,0.681774062697988,0.676895439821029,0.671835713189997,0.666577967599197,0.661154584458969,0.655564868289797,0.649798048817389,0.643918223841131,0.63785917062275,0.631713879161368,0.625445044926501,0.619033183100213,0.612550562809328,0.605987658617195,0.599320980343024,0.592587029183238,0.585812933473769,0.57896444135164,0.572067829745908,0.565148904991899,0.558192728651033,0.551207330157801,0.544213041542248,0.537218544354971,0.530209030151538,0.523218014377084,0.516234679750274,0.509244511333553,0.502299553949077,0.495367802266672,0.488484599128499,0.48159672076474,0.474789681782333,0.468006807777327,0.461286470465331,0.454605289696842,0.447979223983658,0.441428194392773,0.434935337069953,0.428500290340066,0.422105363528751,0.4158186449343,0.409562135878718,0.403403841439447,0.397292978991053,0.391269254190955,0.38533450709329,0.37946291549146,0.373667089880509,0.367945214577364,0.362279282092119,0.35673107432202,0.351238542116151,0.345834536757532,0.340521399891243,0.335278544027401,0.330118924179655,0.325000874462178,0.319989838139003
0.466406324424961,0.472940514511762,0.479521315024672,0.486166128723092,0.492851721197285,0.499599183859563,0.506382305769952,0.513215687186079,0.520071052282699,0.526969477620833,0.533884729469384,0.540831305736192,0.547791810577101,0.554768390743296,0.561722475776325,0.56867555321938,0.575614495231516,0.582552992153355,0.589445547318615,0.596305475159096,0.603127761880564,0.609881598102565,0.616349831006205,0.622912884812118,0.629677831036107,0.636224737332707,0.642570468708385,0.648779549970179,0.654863750356159,0.660844900400089,0.666647276718267,0.672325802141251,0.677800773135202,0.683128841042055,0.68823429126106,0.693167919686067,0.697861401339529,0.702358715322835,0.706599163952147,0.710621042758642,0.714370214961709,0.717880824218475,0.721103475983376,0.724071753352152,0.726735578980141,0.729133975916404,0.73121241322838,0.733015276866055,0.734490012156812,0.735677362556817,0.736532508357401,0.737091720969904,0.737312583335803,0.737252718632796,0.736846472785595,0.736133560767552,0.735124349470982,0.734346067907369,0.732442026020556,0.730194521766682,0.727953381185508,0.725406656245107,0.72256599953554,0.719457311118837,0.716065573298085,0.712435221858076,0.708511072557396,0.704354965059175,0.699968762845026,0.695331129779226,0.690494821074494,0.685416408929646,0.680159389220257,0.674721642195876,0.669070970135476,0.663262422518706,0.657303053135826,0.651184040187948,0.64494751405523,0.638530940742946,0.632030717476273,0.625466985439962,0.618718384196648,0.611912486329457,0.605047655300185,0.598088455076435,0.59108040431447,0.584023010178502,0.576907833976141,0.569772622254293,0.562612811416829,0.555408804948079,0.548213852496263,0.54102152550649,0.533805081971288,0.526603617758929,0.519426869970227,0.51228841407434,0.505127825946083,0.498024030812381,0.490966728036379,0.483941983529276,0.476943073591893,0.47000650034217,0.463109005275412,0.456289157416626,0.449518314451974,0.442818026573077,0.436182680518084,0.429595673033522,0.423123588355944,0.416700780658491,0.410321527456479,0.404026769282979,0.397822486798038,0.391697978255428,0.385614202468687,0.379648932617754,0.373773913212553,0.36796783507417,0.362241228914889,0.356597451781076,0.351005915711754,0.345543460708911,0.340144095218487,0.334820337964967,0.329584675157539,0.324423360597403,0.319332599411986
0.468060068421713,0.474730098468305,0.481468936275076,0.488261966250637,0.495120574957004,0.502028692917753,0.50899152587696,0.51599271872861,0.523045354382648,0.53012033254813,0.537235750587545,0.544375957792803,0.551539054359823,0.55868758402545,0.565870470130515,0.573043500235474,0.580207006163063,0.587366149894386,0.594499304519769,0.601622016956368,0.608713912992276,0.615811295472463,0.621682950639814,0.629166164410118,0.636163515578938,0.642907284856264,0.649464337226764,0.655911540521154,0.662257374791198,0.66843802652508,0.67450009529485,0.680365749122668,0.68609818548945,0.691608720569145,0.696956630698076,0.702066503745697,0.70698420086992,0.711648969660225,0.716093004420725,0.720270545715282,0.724200246982831,0.727851324471273,0.731229962820526,0.734319021506169,0.737114385672392,0.739610198762386,0.741795699801067,0.743672021775522,0.745221143792598,0.746457885067999,0.747362243872085,0.747945779907465,0.748164445324711,0.748129040368843,0.747689461739176,0.746945161118249,0.745866346198848,0.744417588049661,0.74288578612882,0.740855161115355,0.738438992181178,0.735785879755784,0.732805657126135,0.729562508519032,0.726048348383896,0.72223766165709,0.718178443129783,0.713839722842848,0.709274017797556,0.704453170977254,0.699396942367265,0.694161311617593,0.688677204079106,0.683012356610493,0.677154256416941,0.671130249058673,0.664953110917047,0.658596917753828,0.652101773024739,0.645510494120828,0.638767081607101,0.631904437272703,0.624988461858919,0.617933444576117,0.610820483458747,0.603651071619976,0.59639752511829,0.589117842445016,0.581785812382444,0.574414690347063,0.567029058748661,0.559624624448673,0.552206436199978,0.544796442647668,0.537386844225988,0.529975722215547,0.522606834659045,0.515263717456461,0.507935343273789,0.500646988723843,0.493403861166445,0.486206119825432,0.479042375769377,0.471931458013354,0.464879788239664,0.45790883270322,0.450993202632615,0.444140706787833,0.437364850839188,0.43064436512827,0.424016297347599,0.417467759082869,0.411011107684198,0.404584182118029,0.398267234780174,0.392016514661754,0.385878130831139,0.379806441239945,0.373789688883392,0.367885557777302,0.362087619520711,0.356359657539462,0.350705640985074,0.345174358234228,0.339682183166565,0.334289404548783,0.328970292156215,0.323750278723052,0.318602435243046
0.469633599456118,0.476455571793157,0.483346220723468,0.49030534583345,0.497325233776778,0.504409811181503,0.511547643812999,0.518730087115761,0.525965080594962,0.533243507352768,0.540550004992317,0.547891200568143,0.55525770446423,0.562642448928229,0.570018059614183,0.577413050789343,0.584814989070085,0.592202885157032,0.599600111491781,0.606865184686044,0.614252896589405,0.621245733078659,0.628316160967495,0.635684910902444,0.642814485633263,0.649648530027359,0.656468136894746,0.663188039524901,0.669750220028449,0.676204079782088,0.682471405306679,0.688611538206297,0.694536547314185,0.700310787522208,0.705849011298732,0.711202225504768,0.716305955424788,0.7211901710958,0.725813523296999,0.730183213871868,0.734282696018771,0.738096014708356,0.741631512454884,0.744851256525589,0.747786809299994,0.750380648114555,0.752685704296459,0.754623261208505,0.756274141098192,0.757541096371011,0.758507596309157,0.759111165771742,0.759386139236915,0.759288333750679,0.758906652779643,0.758113683607742,0.756971085835972,0.755566236290835,0.753711186540871,0.751696941815854,0.749212763612888,0.746413507050271,0.743347306719267,0.73995077392889,0.736289466923279,0.732311184641326,0.728071639408507,0.72358373310513,0.718800023609919,0.713788378705843,0.70854387206754,0.703072065917839,0.697387635113514,0.691482352120124,0.685420631336395,0.67915744631886,0.672722018961578,0.66614953427606,0.659420729153622,0.6525654892886,0.645584593259391,0.638484106273661,0.631298343729734,0.624044062064722,0.616675842354295,0.609236132999549,0.601766111699878,0.594247103945002,0.586689433888569,0.579079268217574,0.571469724859818,0.563853425887528,0.556205173837401,0.548574642161212,0.540969045681251,0.533345682122247,0.525769583429355,0.518230512148012,0.510708861913147,0.503224840004146,0.495799700935793,0.488426526950207,0.481083949450268,0.473804660148168,0.466611286832589,0.459453429663624,0.452384924753539,0.445383915697799,0.438464840522837,0.431633454206961,0.424864980548326,0.418166961549575,0.411571781416286,0.405055277989456,0.398638389302814,0.39226967150665,0.386004153891661,0.379826087697742,0.3737519583285,0.367775127662803,0.361850277082434,0.356042293197445,0.350317715485591,0.344673561001126,0.339134690106856,0.333634501823309,0.328275463222755,0.3229857382241,0.317784639843274
0.471130655694275,0.478108797758122,0.485156332593135,0.492280676847627,0.499472282552805,0.506734542502204,0.51405149228404,0.521430990136762,0.528845263941409,0.536317274416857,0.543826656434542,0.55138008298194,0.558967575388617,0.566574960021667,0.574184157666368,0.581807947689323,0.589432287514806,0.597039331369343,0.604614776597582,0.612150264983351,0.619476917415456,0.627094075517955,0.634587070350299,0.642004051073632,0.649342627878123,0.656505191842824,0.663602252138916,0.670556636571047,0.677406158842832,0.684079758949926,0.69063631977203,0.696988140853897,0.7031951449925,0.709173008158792,0.714975610342583,0.720532457526522,0.725873972338159,0.730960048855869,0.735790159228586,0.740357572020794,0.744629024734508,0.748633249413278,0.752303049215191,0.755703063240081,0.758749585569625,0.761485488861411,0.763871151913311,0.765921678595173,0.767641891713165,0.768978776559768,0.769990351085449,0.770635101042071,0.770902962231795,0.770877462964564,0.77040868547006,0.769625127457243,0.768426176975621,0.766916965809629,0.765025953440801,0.762844374010852,0.760268313243024,0.757366496478121,0.754156154207898,0.750644834219947,0.746789229709108,0.742668176118728,0.738244013678754,0.733548567776416,0.728574329965605,0.723355523741672,0.717913712557899,0.712193295877767,0.706276483002438,0.700164447330317,0.693838323952465,0.687340656134226,0.680655705533898,0.673834971275856,0.666860039184076,0.659730529550706,0.652510019974619,0.645167946549758,0.637724309697064,0.630185681025362,0.622582642326794,0.614921468443887,0.607170586714656,0.599404042994948,0.591607196770394,0.583769989880812,0.575910387818023,0.568054167458703,0.56019149531672,0.552334900539305,0.544504303650207,0.536684240874876,0.528900241738439,0.521143443470448,0.513431924381696,0.505752140434884,0.498133458319923,0.490575733990821,0.483066982718539,0.475621248851649,0.468216430644948,0.460955176842763,0.453712804104259,0.446574133375953,0.439501513821037,0.432511673931891,0.42562360757722,0.418808285431443,0.412086360744181,0.405435155701936,0.39888764426121,0.392425846757849,0.386065775453662,0.379788454739202,0.373605072335065,0.367537888105882,0.361533516749096,0.35562724064731,0.349816055992914,0.344114040695244,0.338482055173736,0.332946274787919,0.327485315471221,0.322131664246208,0.316876653828685
0.472554901571325,0.479678250015701,0.486896124862502,0.49418280052877,0.50155396991056,0.508982366359902,0.516488281595891,0.524041448659745,0.531672295711241,0.539338800997673,0.547070895387409,0.554830048306937,0.562654043083704,0.570471070432364,0.578310014520506,0.586150082507744,0.594007308533693,0.60185632762571,0.609685377428748,0.617458739014598,0.625450591177962,0.63317771483452,0.640811524868217,0.648455405534474,0.655999813511928,0.663483403093546,0.670822237541525,0.678075546590917,0.685163047419726,0.692139373250474,0.698924933890097,0.70557405068389,0.712003735152382,0.718266133599055,0.724289274767842,0.730104312750135,0.735669303526593,0.740979450009516,0.746034220613149,0.750787301394251,0.755281757278413,0.759446020165478,0.763317249603809,0.766849015791566,0.770044421330136,0.772911770034164,0.775411973941356,0.777577110557064,0.779337682676943,0.780781588316782,0.781814802319823,0.782519386571959,0.782776060726415,0.782797067206637,0.782248772842648,0.781435864997267,0.780161210227623,0.77854866799528,0.776653634713903,0.774335407894769,0.771643779325339,0.768635741215169,0.765293002847101,0.761605108570334,0.757603680236426,0.753284831680491,0.74869919976762,0.743768660006206,0.738604928664569,0.733169484034686,0.727468210076815,0.721542303530749,0.715380996121954,0.709020195838212,0.70243266101184,0.695675246357558,0.688760203135469,0.681653288232914,0.674405327254139,0.667034573477111,0.659540026887501,0.651934940021626,0.644203535495862,0.636428754087075,0.62855856688196,0.620618217486751,0.61264390344153,0.604580864534466,0.596558421836006,0.588485731933605,0.580360671404165,0.572262691294946,0.564184391002632,0.556083383679836,0.548016744725202,0.539996761234333,0.531985841059696,0.524009482345407,0.516103569339756,0.508226165842406,0.500401719790877,0.49265469892794,0.484994929432194,0.477359451706068,0.46982045734852,0.462354501533821,0.454912265018094,0.447655134227734,0.440437045162644,0.43331658000717,0.426281542780557,0.41932901990028,0.412493277207341,0.405734634877564,0.399070062868767,0.392469521717261,0.386020696093066,0.379630784451701,0.373379722106475,0.36719248007187,0.361128746420148,0.355125839510125,0.349218695096442,0.343432903364098,0.337731185009734,0.332155519912968,0.326624167994427,0.321201975864858,0.315892566556236
0.47387692706459,0.481177023993134,0.488545418901005,0.496014116060626,0.503542281828714,0.511171055483319,0.518851439410909,0.526620903743795,0.534434926028391,0.54232616154479,0.550259650036855,0.558263612355301,0.566285607686401,0.574321761521351,0.582364102817803,0.590479588433219,0.598564507205243,0.60670309080907,0.614816322677219,0.622957846727497,0.63103398515315,0.639089796316061,0.647054087163358,0.654944380074534,0.662792602400794,0.670521791494494,0.678182720258209,0.685683771427162,0.693087980008251,0.700311374049384,0.707411532096938,0.714301727821649,0.721034741291048,0.727536247179131,0.733839431539179,0.739898828122186,0.745707591379201,0.751268423430991,0.756536769654947,0.761532118163576,0.766214812077694,0.770583445850869,0.774624986459428,0.778303011964535,0.781675731391093,0.784664386997062,0.787276118589743,0.78957107620543,0.791437294087062,0.79292044453703,0.794046043347615,0.794745990699823,0.795059080113812,0.794954607292281,0.794545290461464,0.793563897917063,0.792262364973203,0.790621452767251,0.788551573417408,0.7861778023016,0.783381264031819,0.780238431776281,0.776758829574081,0.77288135620522,0.768709051927327,0.764214467489537,0.759386717174573,0.754293528808694,0.748880688231006,0.743219740145962,0.737266879156286,0.731099751739802,0.724697851629858,0.718045869124099,0.711225009668873,0.704194364747747,0.696988287815587,0.689609428077651,0.682096804916739,0.674456302854922,0.666666244344389,0.658767045989513,0.650799045771863,0.642729868845982,0.634582324723047,0.626365940813364,0.618123727821189,0.609851745050232,0.60149166308423,0.593146758105775,0.58484353997439,0.576461652947224,0.568119568079129,0.559804522681024,0.551501769648477,0.543246537639644,0.535021223464358,0.526831911486759,0.518707509172327,0.510656510864517,0.502628065728833,0.49468168977485,0.486808544131458,0.479012105138493,0.471289014404118,0.463661020998107,0.4561445173025,0.448661154819948,0.441309892076491,0.43402838485172,0.426862621440249,0.419765619828865,0.412798907608599,0.405913361520204,0.399137639187354,0.392462932281163,0.385882458436159,0.379407656767505,0.373017100175363,0.366753915562492,0.360588373749114,0.354522334714338,0.348559013913215,0.342658696585623,0.336899765122014,0.331221376532061,0.325650082472335,0.32017739905526,0.314807029669336
0.475130016182478,0.482571680442103,0.490120229105046,0.497739034979117,0.505469651744533,0.513261171483959,0.521161083318004,0.529107253702468,0.537153231114374,0.545235694337134,0.553409879267777,0.561622727812741,0.569939547759684,0.578207748937468,0.586412003489624,0.594777343932489,0.603197158785195,0.611337554034655,0.620094890991312,0.628388088467395,0.636721541380932,0.645049699718693,0.653310910457655,0.661522956920591,0.669636479712237,0.677698390967838,0.685613268850803,0.693451663536747,0.701113265925628,0.708671160894548,0.716027164731174,0.723241715716436,0.730232369992966,0.737036671214193,0.743604757877927,0.749929247846886,0.75601421952937,0.761816982406943,0.767336879930892,0.772561248227865,0.77745232642435,0.78203115395858,0.786233880504088,0.790150091206679,0.793644190746369,0.796782306940147,0.799574808608083,0.801925032504791,0.803873127754134,0.805470257374523,0.806606255911607,0.807381620624527,0.807701073815003,0.807613671473193,0.807118793352054,0.806092505950224,0.804762693007064,0.80301178335101,0.80087357226494,0.798367484677649,0.795479438715512,0.792223235456969,0.788513425498672,0.784519630622765,0.780126839655266,0.775429920277537,0.770394721473096,0.765059992312474,0.759438460302486,0.75349245238302,0.747335967323759,0.74088389887991,0.734199831837192,0.727293929203154,0.72018396605764,0.712885528121133,0.705363557127846,0.697727536238346,0.689921370752069,0.681964627835217,0.673899010715975,0.665723022095252,0.657453048521583,0.64908904963987,0.640653078332411,0.632184483332278,0.623650507661572,0.615064815489116,0.606483015774385,0.597883833827332,0.589253552386513,0.580675185001904,0.572052265250994,0.563503804666314,0.554956880420167,0.546453251054623,0.538011424443688,0.529584555272031,0.521248086071464,0.512962263603797,0.504761203839409,0.49661468315939,0.488572044562466,0.48059556709015,0.472699107228931,0.464896270014587,0.457181387109804,0.449552152620806,0.442054123513715,0.434628104638377,0.427311450221327,0.420108905382893,0.413001480460541,0.405997086332111,0.399105523234998,0.392309171194559,0.385632539757406,0.379066165557632,0.372583000394931,0.36622391206641,0.359959303219636,0.3538222473996,0.347736438597953,0.341805037307712,0.335953158626749,0.330213418561696,0.324585916324151,0.319056299300546,0.313627570941987
0.476268864212492,0.483879383705349,0.491583490878008,0.499397118322522,0.507292156057288,0.515294569873312,0.523372571979717,0.531546588973033,0.539778031194609,0.548100750129998,0.556477245296811,0.564946238455791,0.573460365947385,0.582461066589088,0.589937604499487,0.599168501147155,0.607831934240694,0.616090996646669,0.6251880501854,0.633842274783171,0.642489501079422,0.651069697983432,0.659645009784865,0.66813410316774,0.676600112441721,0.684920996552091,0.693197946240689,0.701293683684038,0.709316949350983,0.717141736767559,0.72484706848786,0.73233607475236,0.739652462693007,0.746742380742087,0.753601600329838,0.760224132817114,0.766579174114367,0.772646800025835,0.778435072145477,0.783870418175249,0.789015327262485,0.793785298449632,0.798246057195027,0.802310794921694,0.805988271993261,0.809309227795296,0.812165018742552,0.81463453567907,0.816728298859905,0.818383619761602,0.819621323302205,0.820353322117354,0.820773483777125,0.82062436391415,0.820031418314097,0.81906734507476,0.817655588227386,0.815783311659605,0.813604868706595,0.810939161529841,0.807973779438989,0.804495437811626,0.80066337113856,0.796442607966637,0.791897468451178,0.78694168889759,0.781711562766957,0.77612844501825,0.770234992144409,0.76407169990918,0.757612193007489,0.750910381976508,0.743919239074069,0.736748075775824,0.729335293942991,0.721708892447743,0.713937147793173,0.705976336852103,0.697862720248993,0.689594425362995,0.681240424968025,0.672761238863754,0.664165337358327,0.655520701542964,0.646797375504509,0.638012653524948,0.629186645333085,0.620330899725795,0.611465455657919,0.602585336778449,0.593684191756456,0.584821851462347,0.575982506829203,0.567136694091664,0.558367453227209,0.549617353672796,0.540935240761008,0.532309671143612,0.523745842286772,0.515248197725526,0.506838523942122,0.498487479283487,0.490242237834773,0.48208998496383,0.47400274593322,0.466022548976062,0.458149196640147,0.450401407779299,0.442701740059916,0.435116092160362,0.427662065304119,0.420338956563507,0.413095709670606,0.405981486313415,0.398967912394131,0.392062594036775,0.385279712762867,0.378607494061408,0.372038853598196,0.365562246615369,0.359214393589366,0.352982434525913,0.346839439006181,0.340820694004668,0.334910569295897,0.329115959263514,0.323412578228508,0.317825144052911,0.31233801540414
0.477300208384353,0.485076056513345,0.492956648373236,0.500942751063929,0.50903613060144,0.517220727997602,0.525506566068325,0.533875285066351,0.542337566525291,0.550873810104832,0.559485695755281,0.568166108818826,0.57691714212941,0.585604818914812,0.594391391551148,0.603634774547631,0.61239217287733,0.621322755956085,0.630315122446984,0.639295038791401,0.648206596435264,0.657148862275922,0.666002690100061,0.674848579594477,0.683598690494253,0.692291759140578,0.700832080921261,0.709314379478561,0.717613564718302,0.725811307544901,0.733806093788202,0.741643246642967,0.749266210925829,0.756671585924047,0.763849321620259,0.770772615175415,0.777410389234998,0.783782269082706,0.789789157362013,0.795532929011558,0.80089841897268,0.805932170679094,0.810559163296486,0.814840982468822,0.818703771154555,0.822177797777647,0.825188856192226,0.82782510381615,0.830002423600079,0.831720151309539,0.832982657740837,0.833889822137091,0.83419563213113,0.834060793196815,0.833432162587327,0.832417641365865,0.830932034490487,0.829036141823089,0.826711991253284,0.823967412033602,0.820774399505036,0.817165033945814,0.813146816541949,0.808764433475929,0.803951984881441,0.798832653095813,0.793315497515626,0.787497523273498,0.781333265845151,0.774896724550211,0.768158679178302,0.761125417460351,0.753899800248285,0.74638847904826,0.73866797347199,0.730742160911502,0.722646820051528,0.714368632338721,0.705911633830149,0.697371665934009,0.688675092944992,0.679860024168696,0.670969502645116,0.662011550237553,0.652977258185337,0.64386072309148,0.63475705820608,0.625608992163551,0.616438682913409,0.607267404079753,0.598111640140446,0.588970277896305,0.579849315762515,0.570750610893531,0.561732824655505,0.552732236391717,0.543795630263873,0.534945658665562,0.526152188296866,0.517419245442499,0.508812789199581,0.500263077125303,0.491808953308068,0.483465820506039,0.475205215488159,0.467045472660406,0.459024157596658,0.451073031856826,0.44326955054944,0.435543492615079,0.427939912813368,0.420448020521784,0.413092238237297,0.405852707010956,0.39870246830493,0.391702383081201,0.384798125134574,0.37801490096365,0.37136619647457,0.364819322524106,0.358371864925369,0.352049407883694,0.345833935050431,0.33973971841576,0.333762415044906,0.327893418099285,0.322131445405862,0.316485131992667,0.310946655340211
0.478226495613585,0.486157549658746,0.494220729318242,0.5023855092731,0.51066404842353,0.519045069920974,0.527538250729339,0.536121338555606,0.544805657242733,0.55358254793967,0.56242035767338,0.571342159612917,0.580321593198617,0.589367525971977,0.598468147443151,0.607731885804646,0.616956917205357,0.626205693408441,0.635468704317955,0.644723272966186,0.654001221526707,0.663234889830327,0.672444181370864,0.681573603808194,0.690681247878612,0.699698814530734,0.70863027817206,0.717405171579932,0.726095437417208,0.734601235317687,0.742964943971117,0.751130373998343,0.75909068779222,0.766839960905303,0.774345138566202,0.781574134877976,0.788542108171217,0.795158919604045,0.801511145338371,0.807505131080614,0.813132876564304,0.818429352097177,0.823296401807696,0.827766030462938,0.831872724680825,0.835481193613927,0.83863043468266,0.841405968579649,0.843644296299296,0.845483429442569,0.846860233060229,0.847706832869036,0.848058421648976,0.847935228419138,0.847264567912113,0.846209064627724,0.844678819100716,0.842696620903749,0.840289669616466,0.837345735394938,0.834002796618537,0.830224329984743,0.826042125017406,0.821411843558353,0.816400014876815,0.811003112422198,0.80527880010808,0.799139545616157,0.792747823677543,0.785991887477777,0.778946209272333,0.77163925950015,0.764066633971065,0.756250467622437,0.748186464359254,0.739964579985335,0.731512890428434,0.722881341925173,0.714133399098106,0.705230733203107,0.69620212743848,0.687053587861723,0.677847933855422,0.668547746675238,0.659156260211333,0.649770014028562,0.640345657000721,0.630886990521695,0.621405227849925,0.611965264903759,0.602504702978831,0.593064628908666,0.583676192383011,0.574326461942674,0.565027188955955,0.555775545348783,0.546601878929403,0.537491234121283,0.528488452991869,0.519540191546978,0.510690125238736,0.501951562359789,0.493285531336543,0.484732741242889,0.476320944407913,0.467986168858904,0.45975713613085,0.451643865027882,0.443666758723206,0.435758698064015,0.428046496489865,0.420439303859173,0.41292880891733,0.405583352920981,0.398349575176679,0.39121888511244,0.384206590792711,0.377318273977332,0.370563319740228,0.363925381422068,0.357423297844409,0.350990153083891,0.344713061675682,0.338551478672484,0.332497978327983,0.326571638321528,0.320751480443586,0.315034912347158,0.309447201144342
0.479014157571444,0.487135753127161,0.495353300617143,0.503712598677645,0.512169083576471,0.520771202623908,0.529459403145428,0.538274984121381,0.547179147781687,0.556186316713997,0.565267248370186,0.574459306301673,0.583707629502786,0.59304469872509,0.602458579790605,0.611912057875576,0.621467655249372,0.63103742765729,0.64061104560716,0.650191129567968,0.659764346500588,0.669364198019628,0.678901985997198,0.688437320453866,0.697865103234548,0.707233042320532,0.716481322215346,0.725661570244158,0.734680602910521,0.743573650727732,0.752288802119553,0.760809943168688,0.769144805603268,0.777243259081178,0.785083176347168,0.792663173653746,0.799912326536287,0.806889394461957,0.813543140182878,0.819798269087614,0.825769538915323,0.831273841130833,0.836403731778617,0.841113843221055,0.845373273761097,0.84924941678746,0.852539305437358,0.855375620688766,0.857789409605084,0.859764503194792,0.861147975831967,0.862049175402976,0.862400873837076,0.862203010668631,0.861571591314041,0.860511640180297,0.858867784595562,0.856814474533774,0.854245060017896,0.851195955333384,0.847650849267295,0.843717376520956,0.839299470524321,0.834442655982944,0.829197598993964,0.823568328131945,0.81752149133394,0.811163571735573,0.804424218191867,0.797387259597182,0.790009101573542,0.782391134670667,0.774475628690834,0.766294227629797,0.757938635236717,0.749333682428076,0.740541620564071,0.731573299632051,0.722469214258901,0.713206048102871,0.703815167671167,0.694355879569178,0.68478143730537,0.6751449922992,0.66545445029024,0.655733660910212,0.645981272656279,0.636159650841806,0.626393575034347,0.616628130800882,0.606847977322928,0.597132343187078,0.587468524038112,0.577825310058117,0.568240835979264,0.558755500052417,0.549329099703103,0.539978060548229,0.530697366184231,0.521529456855538,0.512464020586039,0.503518390864933,0.494669871121471,0.485909106926918,0.477287700839613,0.468774469035677,0.46036877250335,0.452102885159477,0.443957636901181,0.435987732534276,0.428045362781156,0.420306856131262,0.412683094268385,0.405193284018266,0.397840464817075,0.390609051177297,0.383488640007907,0.376515888895467,0.369653682363542,0.362910503850688,0.356302513418336,0.349822877046363,0.343453548753535,0.337205559823618,0.33110012999448,0.325115513732665,0.319240961389328,0.313486977380569,0.307843245843378
0.479699091496132,0.487969392128523,0.496379936854254,0.504903110434031,0.513582176147491,0.522364758738425,0.531289454603301,0.540294880902042,0.549451738567127,0.558675337252309,0.568044572641898,0.577458753482879,0.58699184814788,0.596583885256344,0.606298721635063,0.616101364536018,0.625931983533054,0.635811443043431,0.645700365788933,0.655633070180086,0.665553322891383,0.675466226707951,0.685404865005722,0.695279015877028,0.705087926295896,0.714812154199956,0.724470996082518,0.734004993865997,0.743425974215866,0.752695662659826,0.761785718845573,0.770712454475673,0.779412186925234,0.787876154020427,0.796083653323984,0.803988523690906,0.811624616201479,0.81894520423661,0.825890568845897,0.832526479449913,0.838688612769799,0.844561523734349,0.849934595482408,0.854835694762728,0.859459962189396,0.863383013272547,0.866839025142869,0.869830051186545,0.872405903177043,0.874459051635211,0.875930587755499,0.876868071358045,0.877277470280264,0.877025076910853,0.876408456384929,0.875242574055918,0.873548191295923,0.871383931686246,0.868732766026498,0.865461085285525,0.861785532399211,0.857598451106318,0.852965575937903,0.847880073438502,0.842396689043179,0.836467398549728,0.830146880312975,0.823467655395895,0.816449094395737,0.809029366747381,0.801381744353221,0.793382005184393,0.785110619156655,0.776602318259948,0.767862843497973,0.758897158209407,0.749724932431607,0.7404235007546,0.730920178712217,0.72128539180716,0.711559941421099,0.701732839310881,0.69178269148614,0.68181168686318,0.671778707850007,0.661695382753459,0.651578261619605,0.641446183846539,0.63134618792826,0.621232949659334,0.611175784734245,0.601153369545017,0.591179316978794,0.581244578356464,0.571414156174047,0.561650136493041,0.551939536528692,0.542332507789787,0.532855981557728,0.523450024695139,0.514137325304288,0.504963578718151,0.495908517209455,0.486957663434837,0.478149055002709,0.469465817335796,0.46087942721285,0.452463340100405,0.444152030143956,0.435963629518785,0.42795641525446,0.420013618999065,0.412279920776131,0.404668314729342,0.397195036876243,0.389852104256117,0.382628720275217,0.375550178770303,0.368593246885071,0.361763838394292,0.355089019068154,0.348531072004053,0.342089824356062,0.335783273312405,0.329604951261527,0.323548747160206,0.317624550790796,0.311815847123636,0.306120253491513
0.480232252365253,0.48867190227691,0.497259989562715,0.505984000630567,0.51484567939635,0.523847668523798,0.532966228539825,0.542226485006428,0.551596135670592,0.561113897211727,0.570703142330675,0.580089022847969,0.590019822459646,0.60010228994568,0.610153875374038,0.620198965805066,0.630373245133519,0.640541645923484,0.650795934062989,0.661058505474044,0.671369397395713,0.681647266848813,0.691934640834308,0.702165626070273,0.712367740655326,0.722492158099693,0.732535737741704,0.74248013006099,0.752305841052399,0.76196574881039,0.771491265223568,0.780796985122482,0.789896128943774,0.798751296090467,0.807330234290502,0.815634629209203,0.82365554524606,0.831296037834364,0.83860111739326,0.84559224577197,0.852045983893106,0.85823736798535,0.863847563994084,0.869120357056667,0.873788884308106,0.877967927726501,0.881610110012617,0.884850611319452,0.887570247825197,0.889632474146042,0.891238739651885,0.892211744054073,0.892560448165992,0.892405072631585,0.891730271496091,0.890487768204928,0.888730117711107,0.886500712212565,0.883651430805383,0.88025543497616,0.876321644011,0.871895015744031,0.867075153612444,0.861743162497688,0.855979140995735,0.849743130800438,0.843131530104285,0.836146368247468,0.828745228972982,0.821044202555058,0.812991991012551,0.804651051094077,0.795991208482613,0.787128849356711,0.777992677243141,0.768619223316941,0.759107132897413,0.749384080891566,0.739506962432869,0.729501004464509,0.719406579145068,0.709142254143775,0.698867912101482,0.688511822630208,0.678088190348892,0.66764661193024,0.657162491485965,0.646710603164079,0.636250338044665,0.625833079958984,0.615450496966001,0.605115182939086,0.59482112750006,0.584620259585112,0.574486109151202,0.564434884107238,0.554472097655234,0.544627994097435,0.53487911996887,0.525218187662327,0.51570821794878,0.506323555769423,0.497031009878327,0.487874683143027,0.478856861557271,0.470000594026746,0.461258044429641,0.452645074631093,0.444179924451867,0.435862258439737,0.4276547131227,0.419636084595314,0.411737422342711,0.404006756597605,0.396413929646293,0.388953421647061,0.381629332490891,0.374466742043971,0.367424310264339,0.360501089705421,0.353728285151831,0.347094414460693,0.340595837928009,0.334214583481125,0.327971715003325,0.321869986804943,0.315873782308815,0.310013312534931,0.304266058227741
0.480604922193317,0.489237158155962,0.497994679983975,0.506912941590851,0.515966940848226,0.525181505731705,0.534527558159274,0.544019609813873,0.553627377648638,0.563382482681869,0.573304431460467,0.582744982512124,0.593485842449315,0.603595368211491,0.613845762153219,0.624265940180494,0.634700315052918,0.645251762092603,0.655817425372571,0.666466649322797,0.677106361592661,0.687812152750625,0.698444955021548,0.70911065488095,0.719691141118635,0.730239339108424,0.740695860427728,0.751076235286721,0.76130238186765,0.771430378935148,0.781342791144023,0.791088119893808,0.800592034938778,0.809835674956773,0.818878668813318,0.827604781813339,0.835975181512985,0.844070822859022,0.851718219394998,0.858949451553448,0.865863536889785,0.872265903400129,0.878297107512216,0.883770154809103,0.888684063387724,0.893024145250791,0.896954497900181,0.900367223602727,0.903165042504704,0.90543385513242,0.907085277395465,0.908025340075269,0.908462820953138,0.908284638306005,0.907576731186875,0.906297244118356,0.904461411861385,0.902102160642954,0.899081899502556,0.895475109985597,0.891298977678468,0.886726298405823,0.881617143510519,0.876046026518829,0.869957619457966,0.863423828199844,0.856502213653657,0.84914661151032,0.841398492900825,0.83332671631825,0.824925410611458,0.8161418472442,0.807160116777055,0.797863204939803,0.788313332584944,0.778569629777102,0.768632439966841,0.758503822515738,0.748214541377478,0.737847504457372,0.727272646395413,0.716684007340078,0.705964966119904,0.69522130729274,0.684395194400327,0.673591217895156,0.662771392105642,0.651942643962946,0.641157117098571,0.630387472911624,0.619663467420143,0.608987407502741,0.598417382677088,0.587894660618544,0.577463161865919,0.567134088295944,0.556890236293567,0.546787966825857,0.536770513323772,0.526893516369725,0.517143303004682,0.507514530636978,0.49801430256091,0.488679697584151,0.479453518615446,0.470386741078539,0.461487785342924,0.452696767113403,0.444069856779692,0.435589438409325,0.427251115637931,0.419105317455177,0.411042592175671,0.403173618732846,0.395496794378965,0.38791464978219,0.380483155635532,0.373232133235196,0.366089882178543,0.359092613462964,0.352244857905125,0.345520355779828,0.338955528873191,0.332533952731945,0.326215179049486,0.320037658385953,0.314002237821996,0.308091430178062,0.302315247990603
0.480853533745373,0.489633297107474,0.498581941903217,0.507675463243261,0.516958942637216,0.526368623118975,0.53594961265935,0.545645098978886,0.555520575836816,0.565527909362744,0.575533317684756,0.585560078632015,0.596316712260851,0.606881528448421,0.617466812211626,0.628172975107599,0.638992028727503,0.649865277890634,0.660821572613429,0.671822674418502,0.682883652258752,0.693933373113876,0.705018737006777,0.716052141392909,0.727091486047558,0.738046458059967,0.748966009402463,0.759754836928233,0.770480721490238,0.780987925150399,0.791394748387412,0.801550749387421,0.811511262982786,0.821236014217309,0.830693039064029,0.839812766280722,0.848588206010682,0.857101565395206,0.865150398228898,0.872857170499829,0.880022865357954,0.886880347712398,0.893134169535582,0.898884642478236,0.904073488969441,0.908712447322353,0.912794009147644,0.916399282445646,0.919394057472539,0.92172662696971,0.923461555567922,0.924483489399088,0.924929664366273,0.924723888043382,0.924020577356452,0.922671864039327,0.920791401103105,0.918207280898645,0.915034962385578,0.911227063881288,0.906858685548958,0.901970913133519,0.896692918159465,0.890759846121125,0.884374556497361,0.87752819994358,0.870247747371653,0.862519184747318,0.85440648321434,0.845958697669382,0.837105616368157,0.82797879661794,0.818539737667839,0.808832405101035,0.798846475608177,0.788701136718828,0.778321670164549,0.767736868449187,0.757067576178465,0.746221738669414,0.735266137466355,0.724226508282186,0.713128669462961,0.701956041109333,0.690762098132446,0.679549358288597,0.668337694042337,0.657137538558137,0.645996475259211,0.634878070494978,0.623812483232122,0.612821059275338,0.601918280639922,0.591063784948928,0.580343316469068,0.569723675686688,0.559203958686731,0.548812353054007,0.538549395562671,0.528423317275786,0.518434370375471,0.508577005086907,0.498865122683112,0.489307390489836,0.479889403533961,0.470643930685248,0.461514316274481,0.45259871326194,0.443804056911996,0.435165795767151,0.426706592834017,0.418367011580325,0.410250222731916,0.402240415623063,0.394391761892662,0.386719875998455,0.379197143831005,0.371852584196191,0.364632352697378,0.357539997491408,0.350597969701258,0.343805029664296,0.33717651619565,0.330675200344743,0.324327243911595,0.318099332838479,0.312010778422441,0.306057444520439,0.300234215778287
0.480920816013095,0.489874759860751,0.498996303736631,0.508302122645456,0.517762395187036,0.527409963802311,0.537183125515956,0.54713884932458,0.557227838986497,0.567511793755795,0.577868881922801,0.588424289227401,0.599144347473686,0.609997986421352,0.620973532306143,0.632011822118435,0.643176289529233,0.654412752838453,0.6657512945747,0.677142708181922,0.688601123265297,0.700070795487681,0.711552687089503,0.723049706687875,0.734514029623051,0.745936744192422,0.757302823708022,0.768595428590963,0.779720929439756,0.790760302385065,0.801587692785031,0.812246651799658,0.822696184778489,0.832850756960485,0.842797088434312,0.852332069926476,0.861649956566362,0.870518127103521,0.879042501814486,0.887063464091861,0.894843867234666,0.901808687664004,0.908488938529407,0.914481233214481,0.919965723512213,0.924852162076641,0.92925781401272,0.933075541161647,0.936204246633547,0.938627175429294,0.940470794517131,0.941523077637207,0.941951447773788,0.941862913706365,0.941048560625152,0.939659582021022,0.937600927429671,0.934938238750654,0.931512407132027,0.927493312286387,0.922924978095753,0.917840125402715,0.912183469341385,0.90597646524538,0.899226114482778,0.892055392078422,0.884386167603809,0.876261712819836,0.867781275910111,0.858883588355678,0.849623427764679,0.84005436948563,0.830203010653176,0.819997251558873,0.809627586751484,0.798999950505403,0.788147300725533,0.777150729539019,0.766021106000285,0.75471281613985,0.743315650457855,0.731869094235233,0.720310282985403,0.708704030401247,0.697111460337964,0.685502237864235,0.673896884700991,0.662328885735294,0.650795272679488,0.639292261516938,0.627890019900915,0.616554831871818,0.605293555496954,0.594130850777158,0.583117942267364,0.572178546548735,0.561374893594561,0.550722657026317,0.540195523083176,0.529798093794344,0.519551395671372,0.509496648918295,0.499556106451339,0.489773839510109,0.480181485532318,0.470728734265879,0.461452556338463,0.452316965383006,0.443358238346592,0.434582333747418,0.425983919856735,0.417534431464821,0.409220852862707,0.401104379703898,0.393148385004535,0.385357745807376,0.377755528649213,0.370306434388222,0.363002904111677,0.355843905037187,0.348843999192702,0.341966159004391,0.335253575166972,0.328703050581225,0.322286675143323,0.316021529489383,0.309880123540454,0.303885384742288,0.298004995145103
0.480796110994799,0.489945777154863,0.499239099143098,0.508747734678571,0.518419553355328,0.528262208434731,0.538280374515867,0.548470093039826,0.558836461143148,0.569323795294492,0.580028522542113,0.590859154488912,0.601881544932422,0.613056730622639,0.624331961397583,0.635750484839938,0.64723798480438,0.658886372367447,0.670585073488088,0.68241892309605,0.694249786605583,0.706165346573783,0.718089204796345,0.730048031502308,0.74196526342478,0.753887276577361,0.765729930917368,0.777477321559904,0.789131185548045,0.800636626366026,0.811990623351332,0.823178853082607,0.834078193895824,0.844760881111069,0.855150036751642,0.865251927043249,0.874977812218301,0.884357844313333,0.893325360808861,0.901882003999024,0.909817247259016,0.917311804071724,0.924327540405979,0.93072588344446,0.936372889563123,0.94166673886673,0.946298123141757,0.950310372203643,0.953560248123988,0.956236172496846,0.958023851769453,0.959190720363726,0.95970241380177,0.959519901094595,0.958683446208862,0.957269926939148,0.95512683698706,0.952203962676925,0.948597932664472,0.944345906573776,0.939533600477198,0.934227958308817,0.928266326698783,0.921601440682357,0.914572252710975,0.907014413293788,0.898936868967377,0.890432677534311,0.881497239818728,0.872167748612606,0.862444736293491,0.852444561355474,0.842071505091257,0.831448830532159,0.820578390594171,0.809471990103426,0.798131756038307,0.786694728278093,0.775065260498304,0.763266743968694,0.751455941371509,0.739523674554841,0.727532443857716,0.715506921427914,0.703465907493026,0.691451818583182,0.679415358551443,0.667453403653588,0.655515673568791,0.643641044526526,0.631872277138517,0.620176053367775,0.608555605634606,0.597111222784129,0.585743551556409,0.574505060291366,0.563417806021565,0.552481362587719,0.541662442863175,0.531021980246647,0.520569206911571,0.510221389783069,0.500070059701333,0.490098536835296,0.480294407558767,0.470642218118171,0.461176678919403,0.451910496439654,0.442775290396464,0.433854514987606,0.425062719948268,0.416489579194043,0.408080404914096,0.399853206850649,0.391767300340091,0.383860138740504,0.37614911299947,0.36860505974287,0.361225628207523,0.353984451618508,0.346883273879592,0.339978489190674,0.333204628189475,0.326587669171487,0.32011648697896,0.313809902826419,0.307610249409882,0.30156504636662,0.295657706567133
0.480526108657451,0.489813701799209,0.499319379368224,0.509001310418295,0.518889088476605,0.528894451139508,0.539175505327558,0.54959316102175,0.560221574165273,0.571038774638761,0.58200287180364,0.593166090731764,0.604448524500049,0.615947837060096,0.627580605567655,0.639336349692291,0.651228985254658,0.663235773495229,0.675378574007166,0.687568467491276,0.699876123138155,0.712201891499677,0.724621824290448,0.737015589787158,0.749474420816909,0.761836730237193,0.774204342008326,0.786456259579985,0.798637309198775,0.81067263961388,0.822598925711125,0.834255833158758,0.845706487239436,0.856931952330386,0.867844311275158,0.878458879799854,0.888713815387836,0.898587521042628,0.908016130218124,0.916980930262222,0.925442230972144,0.933324712879698,0.940737705857513,0.94734769109666,0.953553959044749,0.959031086605951,0.963918735303163,0.96816513685167,0.971645479888254,0.974386297327827,0.976280486337015,0.977553254873301,0.978053222890881,0.977914959059202,0.977099939327271,0.975560044139929,0.973161220127538,0.97014558666894,0.966249791498333,0.96186578808871,0.95675410268431,0.951221484039563,0.944809912218487,0.93783540789888,0.930340890256097,0.922427716378318,0.913910785922387,0.904978360271264,0.895608556867655,0.885756652382736,0.875634097991519,0.865086387488164,0.854244562865463,0.843109352886265,0.831749431230721,0.820113744103623,0.808329355681444,0.796347380478296,0.784207374883522,0.771955972791748,0.759647270664548,0.747225192987993,0.734739415925723,0.722297222514536,0.709822945580698,0.697318004615543,0.684896102955961,0.672515821835368,0.66017140998197,0.64790979535469,0.635745343078299,0.623683102132307,0.611751123153548,0.599925828469339,0.588231057842427,0.576678915885567,0.565313048941302,0.554068826615183,0.542989939570718,0.532086786848135,0.521360528758971,0.510789928800058,0.500398274441324,0.490234265954185,0.480205326349502,0.470371061374524,0.460738795007993,0.451292530116346,0.442000466623548,0.432917082281043,0.423994615671632,0.415270018131767,0.406723545660511,0.398361315489937,0.390185199249227,0.382185845820289,0.374380826341214,0.366752517453587,0.359274803186537,0.351960578635193,0.344825569698315,0.337819248704663,0.33100870730705,0.324325285467757,0.317796714946405,0.311438160871358,0.305209735607943,0.2991185959897,0.293174481496221
0.480044288031324,0.489512281501284,0.499186867632065,0.5090427279164,0.519109674877481,0.529382358489999,0.539856366604065,0.550557400221913,0.561434752020404,0.57253770180164,0.583783942655592,0.595241333330904,0.606898666204554,0.618686871118928,0.63067233697317,0.642777104986467,0.655073696957113,0.667482663570234,0.680031622299464,0.692667468405529,0.705402800938772,0.718222969526507,0.731102493262549,0.74403599202244,0.756926389462102,0.769861530779963,0.782711116298418,0.795536842776934,0.808257112017667,0.820821544727661,0.833298831553129,0.845513163686865,0.857587720490068,0.869341246936223,0.880857873637038,0.891985229960509,0.902832635950446,0.913158055800865,0.923156090550139,0.932603621668308,0.941541219554143,0.949906047246858,0.957605156774349,0.964754481607284,0.971190933164608,0.977077080293929,0.982300169663377,0.986751067749503,0.990372742877355,0.993283432127098,0.99531605389471,0.99651115779247,0.997217821640133,0.997027702799516,0.996210965587728,0.994453667915249,0.99200550207412,0.988616478547904,0.984683837108503,0.979914898834182,0.974639605652471,0.96867191262911,0.962038252230882,0.954494413177914,0.946623494654316,0.938286322057476,0.929364761875144,0.919968037814834,0.910065930238473,0.8997647506091,0.889089912010224,0.878060766964185,0.866641318177722,0.855031284465538,0.843117857312516,0.830936160429681,0.818639787693832,0.806132866436808,0.793463879422761,0.780742841842629,0.767889336807142,0.754956694976993,0.742024537342932,0.729095343017115,0.716108510513606,0.703169416797611,0.690312394631838,0.67750210418674,0.664706206098519,0.65205623048678,0.639516703912807,0.627062075691673,0.614761627147968,0.602594766223863,0.590563409875202,0.578723819912969,0.567015254353631,0.555481014322948,0.54413823486828,0.532987337205983,0.521966636551747,0.511145360114379,0.500568827191181,0.490165823291836,0.479914336002704,0.469907836233905,0.460099674018017,0.450454805099358,0.441031448315951,0.431784956725324,0.422720077140808,0.413869560215623,0.405209767438734,0.396729322981359,0.38844021794361,0.38034858008736,0.372440743095929,0.364717112912777,0.35716869004082,0.349795846539105,0.342562108376308,0.335530448593826,0.328639277678033,0.32188744804283,0.315329637900556,0.308933233712197,0.302655046662619,0.296575217118624,0.290650154780518
0.479366385772314,0.489013467880965,0.498827212825806,0.508885442360913,0.519153202110374,0.529638653007923,0.54034191336607,0.551287108236698,0.562501330520414,0.573828637398587,0.585404668782082,0.597126350724443,0.609109811409201,0.621253628936869,0.633579060852628,0.646095377035737,0.658750896274253,0.671609565000611,0.684535790088487,0.697651721046868,0.710841032805872,0.724172238882972,0.73754267637937,0.750969215003959,0.764412538319321,0.777868717052888,0.791303590172936,0.804713249348673,0.817987229118743,0.831199729568184,0.844188108238241,0.857056138254684,0.869676019118709,0.882076557816057,0.894117670786956,0.905918750813736,0.917277155376157,0.928306964367677,0.938775041964887,0.948767834238698,0.958167562734596,0.966945298121227,0.975155452076854,0.982657098039892,0.989597264737109,0.995787834875071,1.00131659880552,1.00592816272155,1.00989153014137,1.0128409806019,1.01503569196452,1.01637331777755,1.01705658454676,1.0169181244707,1.01595012167476,1.01414979790846,1.01145935879457,1.00793707279714,1.00365341568134,0.998732144579583,0.993106941088166,0.986793135480105,0.979903325408801,0.972336737423082,0.963256882763487,0.954695595063469,0.945329212542376,0.935365700747745,0.9249569964808,0.914119437985157,0.902911720867427,0.891269144435755,0.879393019973688,0.867168304286017,0.854691722645739,0.841968402961222,0.829106530051185,0.816048005016949,0.802829338551882,0.789566104104507,0.776174873858425,0.762725395785061,0.749306300244244,0.735837530817609,0.722362780209508,0.708990235468642,0.695680045792942,0.682353534241284,0.66918558327073,0.656127084937525,0.643130291472493,0.630294251878883,0.617627790337893,0.605131839838961,0.592745947159081,0.580551976206251,0.568527489663381,0.556685292031599,0.5450846502455,0.533638755810864,0.522408023587875,0.511354154483328,0.500505592579651,0.489860765437857,0.479441863630214,0.469215702573141,0.459211682514569,0.44941481624787,0.439828625725707,0.430447782004527,0.421229800541739,0.412257999522497,0.40345049302759,0.394865173378252,0.386485030543409,0.378301702789985,0.370309698055777,0.362525023858376,0.354908114170695,0.347444594798127,0.340145613306711,0.333060032890608,0.326133066448496,0.319261198696051,0.312670854204906,0.306220999501233,0.299910353465303,0.293902320706286,0.287617525637071
0.478445490444011,0.488266957646344,0.498282699530932,0.508393546674645,0.518967587505742,0.52967613333391,0.540504733274531,0.551842183309009,0.563309517753928,0.574905798605231,0.586754361818923,0.59883673576535,0.611114706873746,0.623622476669253,0.636300668237754,0.649218439455303,0.662303432668387,0.675539191605083,0.688952464905969,0.702496075623513,0.716212221741699,0.729993666103344,0.743912361759053,0.757832146840016,0.771868696263418,0.785883136037541,0.799956400907139,0.813880689023737,0.827794819966575,0.841636056983598,0.855350465444617,0.868777809132449,0.882075643253374,0.895037944246506,0.907772735519402,0.920191052948502,0.932186242996664,0.943773907003623,0.954851731765103,0.965332542302478,0.975334949404526,0.984718427522978,0.993256525881786,1.00131755162848,1.00861477456064,1.01523580556406,1.02102447818466,1.02601990098064,1.03009279437554,1.03319654765558,1.03555719491639,1.03703189593786,1.03771453902282,1.03752403607852,1.03664063038813,1.03458736101174,1.03170304684837,1.02790425971466,1.02346612659635,1.01820440851263,1.01231163831625,1.00563156266011,0.998673627955809,0.990868982926533,0.981415620837075,0.971710135446146,0.961684218002823,0.95124684938715,0.940210693847378,0.928888824804165,0.917029415575879,0.904837644954377,0.892350790478286,0.879543644119566,0.866439410159066,0.85320815871332,0.83971687544314,0.8260414084357,0.812300508387948,0.798461145832353,0.784517974897588,0.770534026688194,0.756549641258277,0.742549910331633,0.728632706401454,0.714735834884372,0.700904231284288,0.687187603214373,0.673583497543147,0.66001647034954,0.646608236794533,0.633388630092579,0.620335644729603,0.607388995298894,0.594699162434575,0.582174292654323,0.569839793994258,0.557743118916371,0.545833016395732,0.534158214883419,0.522604667353425,0.511279138472345,0.500162811101425,0.489370129430955,0.47878268209541,0.468286688775221,0.458067445002344,0.448159198330145,0.438471125944744,0.428846248856844,0.419517705167691,0.410432354388587,0.401479031751398,0.3927952985704,0.384332953743082,0.3760751505501,0.367980681136796,0.360126165951151,0.352451263458824,0.345058972072263,0.337605772501746,0.330401671512386,0.323533169170702,0.316437842308953,0.309885560877571,0.303385109754331,0.297139555033472,0.290822542496331,0.284290514693928
0.477336400900674,0.487321816773728,0.497680743367547,0.507036893220558,0.51807054443139,0.529561602575868,0.539944166050015,0.552276554279491,0.563874761043348,0.575756681126495,0.587885608507449,0.600298971187346,0.612901584986799,0.625763396702661,0.63885080486623,0.652132558254372,0.665641916369135,0.679298921062802,0.693189388685874,0.707219795585742,0.721428605159978,0.735740080959551,0.750165963949964,0.76469489340861,0.779285705220741,0.793951357483663,0.808543256697427,0.823124341200408,0.83773019383668,0.852221199225653,0.866556577919201,0.880715020265994,0.894671219926134,0.908333107149439,0.921753357363055,0.934839001188639,0.947444317231742,0.959706898109694,0.971380485166308,0.982589494117151,0.993033128282991,1.00298393713226,1.01216246456655,1.02061138013467,1.0283932287273,1.0354238667442,1.04156871101191,1.04679337523975,1.05117170333299,1.05448336790998,1.05682255847046,1.05861047713065,1.05921271333133,1.05918411844126,1.05798202735608,1.05588719652351,1.05266417872805,1.04876991202495,1.04398855016087,1.03850050165666,1.03213811693109,1.02505752260948,1.01711000707941,1.00807699458592,0.998956981115159,0.988983228983619,0.978562194321037,0.96748345080671,0.955981876856493,0.943961888095353,0.93149969381201,0.918696626143756,0.905583408532244,0.892132354154276,0.878431209581597,0.864534367128238,0.850444460172278,0.836183055566611,0.821872867097221,0.80740448491738,0.792893893011336,0.778327098393221,0.763766286238151,0.749188653099803,0.734746321720704,0.720345676499953,0.706045502872883,0.691940538992048,0.677871876050859,0.663785719002844,0.649923537879386,0.63627143106137,0.622777049576553,0.609522896436455,0.596515489484853,0.583676941269936,0.570966034167195,0.558492540350297,0.546313759100178,0.534401774808057,0.522584034377228,0.510830699458274,0.499571972076774,0.488571329978331,0.477913964058936,0.46692402191605,0.456675425797975,0.446619205793053,0.436758981372651,0.427077936073164,0.417447010624067,0.408213327727578,0.39917365458734,0.390471083630872,0.381931640255129,0.373816507082722,0.365481896397797,0.357726079883194,0.349827847086374,0.341997332856057,0.334435421332832,0.327394696044176,0.320539979946761,0.313443895963243,0.306643288082536,0.300371852547597,0.293741474431215,0.287612185963078,0.281438458021586
0.475966797849496,0.486120092460424,0.49641897987931,0.506813059583621,0.518108742956551,0.529306756371568,0.540165702312682,0.552272550488121,0.564151160234464,0.576345512838492,0.588798469941801,0.601500709828952,0.614472158344636,0.627661945810919,0.641160508822486,0.654836625226332,0.66875654353349,0.682902077263556,0.697226563340336,0.71179250654579,0.726448287308175,0.741340978900042,0.756320472850178,0.771467945182886,0.786661446463323,0.801930990205705,0.817139494165957,0.832427964583397,0.847732757016297,0.862877219253174,0.877920161121857,0.892803748641961,0.907403869061934,0.921824809584678,0.935981639192287,0.949821694637743,0.963214854402537,0.976125991754773,0.988469454155833,1.00019555726008,1.01144037062356,1.02191632500679,1.03160841867437,1.04066294658084,1.04893455620477,1.05647058632658,1.06283340908239,1.06850563742858,1.07300470370076,1.07658411687432,1.07919083936732,1.08094062209396,1.08175320350665,1.08152140129998,1.08038661153108,1.07782731895059,1.07460207141489,1.070386145188,1.0653647695502,1.0594974696306,1.05273462516989,1.04516894447127,1.03668432418739,1.02754815971476,1.01746467645293,1.0070016562943,0.995922182108941,0.984215856568525,0.972135026890328,0.959436280082214,0.946291683951262,0.932899247434891,0.919097775932899,0.904870518704946,0.890623278784562,0.876054223016439,0.86132813521161,0.846417165103658,0.831424567240753,0.816330622799227,0.80136536515237,0.786121232239053,0.770755948584136,0.755724519423027,0.740772953167322,0.725849033628376,0.711058306862631,0.696489502261023,0.682018871660326,0.667397987985494,0.652900235113095,0.638898884445684,0.625089928506013,0.61141968069702,0.598047228490372,0.584944503699937,0.571819657284124,0.558995528803766,0.546509793689216,0.534396429369113,0.522442089862888,0.510107052959799,0.498785335197339,0.487473497885312,0.477245235063685,0.465571685934474,0.455121558706254,0.444938041163197,0.43473931905562,0.424667207191541,0.415187780904342,0.406177958361603,0.396656483500618,0.387942803361206,0.379060358838566,0.370573949095835,0.362834576068857,0.354506504043748,0.346719853936373,0.338987135072998,0.331461187713426,0.324712169404486,0.317188120627921,0.310029860753806,0.303834276261805,0.297100982529312,0.290805566375827,0.284501922949363,0.278526819680659
0.474333439172284,0.484628452164499,0.495142358583474,0.5059989332193,0.51704893277927,0.528317612335587,0.539990524373599,0.551980814538325,0.564203053453743,0.576670954473415,0.589429669885847,0.602430305092102,0.6157662696737,0.629349588936261,0.643188727238448,0.657304555044655,0.671633970494055,0.686272093426006,0.701092105362534,0.716123158077653,0.731364097340443,0.746781518872461,0.762395474584327,0.778088369252075,0.793952258209618,0.809794851548413,0.82580985565118,0.84175765741619,0.857733504374823,0.87365131681549,0.889461961477872,0.905076157036091,0.920470903826168,0.935718527257075,0.950589365515081,0.965190382627712,0.979375414182057,0.992883749890167,1.0060155582336,1.01855723586991,1.03043940764465,1.04151355144627,1.05195938085174,1.0615284122795,1.07026872807732,1.07810429188157,1.08520958716045,1.09101315095166,1.09583415975802,1.09962842158908,1.10240827578522,1.10434463574115,1.10512896920436,1.10487400217433,1.1034656609504,1.10096350381347,1.0973638730152,1.09298189581001,1.08757011159032,1.08131042535598,1.07411192285411,1.06601263861309,1.05712144342492,1.04753440889754,1.03832109167971,1.02563636181152,1.01405058943326,1.00137046592539,0.988707015512548,0.975332226781116,0.961454480295618,0.947358777659763,0.932807575413158,0.917969426728346,0.90295669386542,0.887726985400205,0.87232383106413,0.856765553092436,0.841029617022702,0.825301084251985,0.809524229190988,0.793879634152472,0.777589024774465,0.762081272777555,0.746735628230286,0.731273180715887,0.715826653538279,0.70080442349869,0.68599086544735,0.670996687232302,0.655763160510371,0.641178638006352,0.627222171946792,0.61300983258421,0.599171682959932,0.585834136181698,0.572748526334356,0.559079904391412,0.546478745998559,0.533480955946264,0.522214769079534,0.509604649553468,0.497777077499559,0.486054359080437,0.475500162359638,0.464188939543938,0.453457967080086,0.442932064521071,0.432982224700575,0.422931146408758,0.413265113301608,0.40351356151634,0.395034464183066,0.385073292757047,0.376294532536061,0.368232707493483,0.35975979300043,0.351756579731582,0.34385713421024,0.335935717598268,0.328472421658207,0.321240854449996,0.314117823634971,0.307190107407502,0.300424954456287,0.293847926363707,0.287453633265218,0.281204651007591,0.2751271482371
0.472426062119188,0.482883650505633,0.49358155453976,0.504574190583462,0.515834394093204,0.527388130929129,0.539284942743883,0.551465874788741,0.563958913420976,0.576699541055731,0.589763601577429,0.603126066386149,0.616775527624023,0.630727259221325,0.644935131969655,0.659495894491708,0.674308814619433,0.689372966847706,0.704707344694398,0.720230741436536,0.736066282548729,0.752057037363766,0.768269597677115,0.784605939448445,0.80104071803527,0.817689375761887,0.834345127573269,0.851099899597427,0.867791434642547,0.884579406977133,0.901077486366341,0.917476478823239,0.933733346222105,0.949738839574546,0.965459788290771,0.980936247550751,0.995876666360081,1.01033797611614,1.02424338811513,1.03749976474032,1.05011303801801,1.0618827682674,1.07297043083661,1.0831724266966,1.09251318335267,1.10094178201141,1.10819895811472,1.11454965637226,1.11966410062652,1.12365124281916,1.12670286971565,1.12867792119724,1.12965367521554,1.12923440725115,1.12771732961494,1.12486421563955,1.12112848185417,1.11641546486133,1.11070683657043,1.10405561718286,1.09628562092071,1.08767627873129,1.07808989750108,1.06767669999333,1.05581030307215,1.04501737125825,1.03258173704963,1.01943537306904,1.0056918680343,0.991631590010801,0.976866260993411,0.96213271167293,0.946920871023455,0.931095684403002,0.915405869310293,0.899445413347564,0.883398470444945,0.867324084509361,0.850437848173259,0.834032382939659,0.817903664446945,0.801533941926836,0.785064564103232,0.76863976947457,0.752813384583221,0.736476159890592,0.720337898834722,0.704305026604094,0.689390768167272,0.674735424823908,0.658030894272385,0.643767004316571,0.629232782021012,0.614551519327514,0.600372516114439,0.586476434625081,0.572883225652902,0.559327719383762,0.546143162552791,0.533504884314669,0.520992841500585,0.509051153821118,0.496467775557331,0.485132038693628,0.473608630810558,0.462355503918973,0.451342788002691,0.44129473185297,0.430705367145642,0.420393968170501,0.410455071748311,0.400982557660097,0.391674489288241,0.382564360867359,0.37369124904159,0.365081039219902,0.356705721666588,0.348468564098359,0.340495775951414,0.332730823509627,0.325176088825348,0.317825450931069,0.31067685506952,0.303709093172425,0.296929297234839,0.290338869960295,0.283918678952227,0.277670036351894,0.271593129350665
0.470273044832628,0.480838776855868,0.491711134679842,0.502859953881847,0.514360087266583,0.526132988691797,0.538241340894954,0.550673903573369,0.563395609357012,0.576444758305123,0.589779606364891,0.603488385492538,0.617456482972349,0.631800087534786,0.646440615851956,0.661394288531223,0.676665424011168,0.692190194491413,0.708052231331324,0.724161925506653,0.740526824781311,0.757135231563777,0.773919709457383,0.790940634693785,0.808099393821867,0.8253694176207,0.842882947662562,0.860335082767719,0.877928996649685,0.895379578828425,0.912779226166114,0.930031101636596,0.94723995078454,0.964128910758269,0.980848280953601,0.997061090206125,1.01290913057427,1.02820600710183,1.04291759311316,1.05709014593103,1.07042741332964,1.08296197990811,1.0947669201412,1.10567063327413,1.11566031768104,1.12446946687553,1.13241549534357,1.13906277420806,1.14443892986382,1.14873578869177,1.15209853366205,1.15425986646264,1.15518717571901,1.15478248089754,1.15287023669313,1.14973983883833,1.14589983831607,1.14089704390156,1.13494568389619,1.12758722476493,1.11939699883246,1.11001321707283,1.09990871911652,1.08881832449464,1.0769942103257,1.06417415367763,1.05106358082768,1.03812098363104,1.02380821155778,1.00982874038876,0.993943887342416,0.976975924339059,0.961473085304971,0.944873890168331,0.927754354918801,0.911430312782853,0.894593473700408,0.877436719594191,0.861136074749092,0.843632299983218,0.82614234966295,0.808545235876292,0.792474377719891,0.775132248571507,0.758059770986663,0.741923765053709,0.725186082415225,0.708307548584791,0.692878770057742,0.677534983844231,0.661019515919921,0.645781830666115,0.631526423254414,0.615699966456459,0.601562361671001,0.586546771241861,0.5730402144324,0.55951283321793,0.546079312923185,0.533157638020559,0.520265925016874,0.507712745803394,0.495150932092941,0.483359943576098,0.471281274578135,0.460466571664541,0.449324138728913,0.438492174809935,0.427978491527208,0.417744729672726,0.407783320858316,0.398079954318443,0.388629952721931,0.379462285090133,0.370547279234492,0.361715365630037,0.35333892789454,0.345013227522407,0.33700445160161,0.329201214024623,0.321610054073255,0.31422647364869,0.307043815868159,0.30005421952917,0.293259494114543,0.286645633877107,0.280214792121685,0.273958896345631,0.267872954550316
0.467812068106851,0.478530249762702,0.489546591750628,0.500885486481745,0.512536159700295,0.524549055090994,0.536868093203212,0.549537974401038,0.562494574805907,0.575836120249867,0.589495529868723,0.603506812823304,0.617852347084016,0.632536887947457,0.647600098419219,0.662936530973669,0.678672199861736,0.694735789181916,0.711101400190996,0.727800728438694,0.744703173733677,0.761946732802256,0.77940375905221,0.797054459440084,0.814953105862747,0.833043797116782,0.851239550763037,0.869581851888558,0.887948426010365,0.906272384684084,0.924578482786159,0.942893734750106,0.960900228920798,0.978766769202064,0.996357134992625,1.01358424365569,1.03029010756458,1.04663758905005,1.06231459408222,1.07730529104156,1.09138008063385,1.10481101004304,1.11746522939968,1.12906522499107,1.1397037431239,1.14918708599282,1.15769868854338,1.16475076312149,1.17029637224733,1.17489490738131,1.17869994014791,1.18090175088268,1.18192186079988,1.18148845712366,1.17962242916758,1.17544924171713,1.17183436485889,1.16651009675623,1.16001185211518,1.15216255700568,1.14345447250352,1.13330519277701,1.12244572491651,1.11108278025128,1.09872040302913,1.08563547298058,1.07017535365578,1.05609216271594,1.04060318063947,1.02572686916902,1.01019775546914,0.992865261331294,0.976028303353577,0.959304356166065,0.941100003581628,0.924059387484669,0.90587864954107,0.88809960297963,0.869435040858268,0.85288903048675,0.834906499246629,0.817478341341492,0.798452085577153,0.781225538625273,0.764123200225605,0.746565094624344,0.72999415559115,0.712727693680711,0.695928900683348,0.679862610083245,0.663759508170753,0.647604082168155,0.631814089540349,0.616877177068458,0.602156408159658,0.587231126263243,0.573195358298377,0.558949079430316,0.545150409903246,0.531737188561516,0.518648313222252,0.505825931153007,0.493640687670163,0.481289504903885,0.469449206489434,0.457940320348396,0.446729554243098,0.43578833819387,0.425131499506904,0.414755428653558,0.404662793365809,0.394847479835488,0.385298829736714,0.376004266361158,0.366895176533174,0.358197395976678,0.349669217656077,0.341368454563923,0.333290082853801,0.325443728400185,0.317818050265489,0.31040607673914,0.303199253066824,0.296195366290605,0.289389016629963,0.282768349422073,0.276333458735356,0.270077851024988,0.263993422872672
0.465041048593598,0.475887432770959,0.487056997674865,0.498578515693919,0.510398392824314,0.522624278374671,0.53515400175399,0.548040074496295,0.561287631771791,0.57487778794022,0.588840754833017,0.603141047343373,0.617876195580041,0.632924696827236,0.64839070115072,0.664161981847168,0.680346176578399,0.696880815599343,0.713812391228162,0.731089225031218,0.748665455837445,0.766479652675259,0.784550638425826,0.802980728541902,0.821660391706732,0.84048143976069,0.859580766282865,0.878708449852626,0.897992066408586,0.917253492378993,0.936520238618497,0.95569699329845,0.97472224791353,0.993681228134966,1.01225084641639,1.03049930578088,1.04839806300855,1.06549405514873,1.08225713552973,1.09815682319653,1.11327912998009,1.1275715094574,1.14114532260394,1.1534187130486,1.1647966938342,1.17509118233422,1.18393484834349,1.19132591078353,1.19669062984559,1.2022425350321,1.20651717771702,1.20908415625967,1.20979820895961,1.20950228856987,1.20726974419864,1.20309765115431,1.19929240578864,1.19322834019197,1.18611402145578,1.17788345509484,1.16855453824862,1.15743325783565,1.14599681093232,1.13386611472834,1.12039002429053,1.10760837597024,1.09121778949954,1.07624917554512,1.05945027562558,1.04361947755404,1.02606077999076,1.00976959889327,0.990861136724331,0.972751298521711,0.954467138763742,0.936339003526487,0.91739206880914,0.89949565412703,0.88116968086535,0.861633667321609,0.842127694615255,0.823777253964681,0.806411225328451,0.787468329482954,0.769254887977572,0.751235792571395,0.733553850058934,0.716144867798829,0.699574611668264,0.682010211869686,0.665674193875197,0.649146156884238,0.633108173613407,0.617421808855133,0.6021563852651,0.58706190085865,0.572329542854232,0.558020055979798,0.544015098483307,0.530308639783825,0.516962871980917,0.503975737070819,0.49129849890044,0.478937665950984,0.466918861056722,0.455206054839506,0.443809796488283,0.432718459148949,0.42193336145072,0.411446610022692,0.401250225599156,0.39133674918367,0.381698759223732,0.372325971698056,0.363231716944408,0.35438687763891,0.345797275081656,0.337454600414653,0.329344945040267,0.32146683045791,0.313815866189575,0.306381385681355,0.299157493881876,0.292141839290733,0.285325205220704,0.27870123735653,0.272268607577257,0.266017197084912,0.259941524961523
0.461946741244172,0.472941148753095,0.484239047687612,0.495906341924786,0.507963290981961,0.520335825058068,0.533090470881054,0.546167460480225,0.559676111771703,0.573516050949972,0.587799510887701,0.602451252800944,0.617504569006951,0.632940855616246,0.648778547124844,0.665011309396893,0.681667630404627,0.698747836421205,0.716156164262868,0.73398579761071,0.752147389643304,0.770676993962715,0.789572350186141,0.808619298624222,0.828047503319812,0.847779846890129,0.867693833739942,0.887767002915152,0.907967428444191,0.928217677031143,0.948461715031625,0.96865535631309,0.988904151647369,1.00876037515306,1.02850643859087,1.04787811258575,1.06668496050627,1.08512195639442,1.10279168192573,1.11934836801366,1.13494566010952,1.15148379539034,1.16567937069154,1.17931886486742,1.19113318107095,1.20200505062268,1.21172923028518,1.21977242284552,1.22661112908696,1.23193952182131,1.2360469036711,1.23812359456538,1.23936183037925,1.23855453339758,1.23686698444142,1.23316534196802,1.22785072890876,1.22092489308182,1.21330016817533,1.20496264705144,1.1945330358628,1.1838833193426,1.17069468574218,1.15879098115203,1.14258375577414,1.12906655664489,1.11351612056072,1.09492224568326,1.07917260335659,1.06065160673726,1.04322056479926,1.02478324775974,1.00585466470418,0.986586951868407,0.967627262771985,0.948117311075802,0.928590922008038,0.90907171991659,0.889521247176199,0.870027039523491,0.850566648782982,0.831263767451374,0.81208507985114,0.793081202457814,0.774274198371089,0.755695120463531,0.737354214962718,0.719318636431223,0.701623384547324,0.684189052631768,0.667073820931783,0.650274575417555,0.633818142087931,0.617702581104962,0.601950068944878,0.586549071022935,0.571504267089385,0.556829968153544,0.542507511054841,0.528544972552358,0.514944533324555,0.501700113630954,0.488793924474962,0.47623958992666,0.464028285817187,0.452147393455513,0.440595518933894,0.429363361856925,0.418447097931455,0.407843903670442,0.397547905292535,0.387542315210694,0.377824494576498,0.368389445025362,0.359228395343167,0.35032801222946,0.341689979711492,0.33330609798893,0.325160694305921,0.317258294260528,0.309588190119507,0.302137658795381,0.294904585096578,0.287885813107962,0.281067321772129,0.274446660413611,0.2680192822673,0.261774435794586,0.255711715080838
0.458542771664147,0.469626469813179,0.481098736173467,0.492927679310572,0.505122193795492,0.517655900573723,0.530610515035954,0.543931808225386,0.557668243664409,0.571805471037106,0.586343538877327,0.601317914811723,0.616683600336554,0.632542574542794,0.6487816453288,0.665466254176194,0.682559352945416,0.700100119239996,0.718098377254968,0.736581131675913,0.755414233667521,0.77462639985111,0.794059014874083,0.814032230698155,0.834231281763446,0.854766883664329,0.875595215539384,0.896663147765748,0.917841299939103,0.939006355788869,0.960353845859039,0.981844482252502,1.00310595990065,1.02426791252417,1.04504581386724,1.06541205399375,1.08561956542272,1.10509027525818,1.12407479851988,1.14233209844999,1.16130055838804,1.17630014715731,1.19125668589442,1.2056582690952,1.21924482472211,1.23061710171066,1.24019624225706,1.24990824828264,1.25946402057674,1.26400651651637,1.26678976250564,1.26841296677846,1.27024403553591,1.2692744449785,1.26723935241917,1.26187683454711,1.25730700395446,1.25124627182346,1.2418639633723,1.2315596928848,1.22154817280881,1.20875014659235,1.19511294866455,1.18077255124169,1.16607800543984,1.15012481298244,1.13351162947157,1.11597322612268,1.09785681638794,1.07927852776228,1.06021058940795,1.04075199104363,1.02097904952975,1.00095164898721,0.980745365568652,0.960418265597816,0.940000182526126,0.91954164932925,0.899117261832699,0.878757902375674,0.858482613337847,0.838359481214025,0.81841366308538,0.798665801055,0.779168244776383,0.759910622097475,0.740955795520592,0.722294520202398,0.703971524664908,0.685967109504953,0.66832672930107,0.651035386822004,0.634124717399715,0.617581106346258,0.60142888535223,0.585648207006927,0.57026506929507,0.55525373769882,0.540636880096178,0.526395156210832,0.512537227863148,0.499057608490559,0.485940272660448,0.473181775169573,0.460787098310087,0.44874725066898,0.437049146999694,0.425684266774439,0.414650206212216,0.403939045372475,0.39354476356402,0.383451663892298,0.373659118134597,0.364161720099165,0.354944796197923,0.345999811547355,0.337324375136086,0.328907730399054,0.320738480054341,0.312816382827056,0.305131142564797,0.297670766122359,0.290436338667744,0.283418986879779,0.276606140559016,0.269995610313934,0.263580946357725,0.257352980827685,0.25130831257585
0.454778167969059,0.465969340754555,0.477575895640384,0.489524977383232,0.501880446447941,0.514616274948026,0.527747211863589,0.541282314192842,0.555216555374938,0.569635666564437,0.584434657612671,0.59975083008603,0.615471189481064,0.631681231896051,0.648324180194379,0.665424019377421,0.683064096033171,0.701101639664632,0.719610445809509,0.738718608252832,0.758313065756013,0.77811003702289,0.798412417564735,0.818941421544764,0.840177493859509,0.86148534694168,0.883222656110213,0.905266395838962,0.927577919878578,0.949741224527018,0.972139571266761,0.995520113988346,1.01756085124078,1.03935686093862,1.06175229309254,1.08367498672486,1.10494454147016,1.12579594042623,1.14542556303609,1.16539051968757,1.18384733958595,1.20214448404713,1.21901195681502,1.23434558945135,1.24795721795169,1.26009283758671,1.27106546425965,1.28126706443278,1.28839091320516,1.29304889166527,1.29874933101635,1.30124410899766,1.30171064966892,1.30056741340535,1.29817657440806,1.29391156586094,1.2878232827944,1.28042693677342,1.27125696073601,1.26100508278161,1.24917817409789,1.23610285138757,1.22192113171422,1.20668260453901,1.19045188383137,1.17338662589036,1.15550427565147,1.13691211908034,1.11776505416444,1.09801746015424,1.07787517132246,1.05731474962523,1.0364877136388,1.01541862717046,0.994170814180967,0.972814492691137,0.951400233223025,0.929976246590295,0.908623831038309,0.887353451374107,0.866206841047769,0.845247354066695,0.82448530397998,0.803970925186009,0.783729120846582,0.763775903814318,0.744147344355051,0.724856847299148,0.705924630030585,0.687372510221809,0.669195025838539,0.651419800583889,0.634035554027377,0.617064121830929,0.600504541335255,0.584347433800633,0.568609802065575,0.553282791920959,0.538372598614066,0.523850309337116,0.509742474885527,0.496032946039521,0.482705875940018,0.469761158192636,0.457190335901697,0.444989449872732,0.4331512481071,0.421661607093092,0.410517218930255,0.399709402515072,0.389228964296755,0.379060049594434,0.369202546982519,0.359647951085441,0.350379978691516,0.341396166806076,0.332691455704544,0.324249974445028,0.316064956338279,0.308132837981262,0.300441000554435,0.292980584084978,0.285751670379854,0.278738679557413,0.271936188942128,0.26534316159027,0.258943855234806,0.252740818038599,0.246723613461239
0.450660191025045,0.461966912510017,0.473674828862051,0.485779548572455,0.498248012078992,0.511139092800523,0.524413829290308,0.53818173603072,0.552357530303135,0.567020312366982,0.582107274418377,0.597688766169367,0.613762986085198,0.630312808830491,0.647407288633523,0.664947949727253,0.68303730545487,0.701639749094096,0.720629465890778,0.740164875422332,0.760868554604305,0.781210089577571,0.802107243097479,0.823477144256662,0.845601484802947,0.867351837253647,0.890209751560676,0.91329006548006,0.937521588108925,0.959812882133048,0.984894876588101,1.00854852359823,1.03233428025975,1.05538339949059,1.08010577028997,1.10315727213152,1.12481462234633,1.14721462652043,1.16984892676216,1.18953815556501,1.21048267185638,1.22799247940172,1.24535565650107,1.26241542498335,1.2775183561213,1.29066244745328,1.30253580852499,1.31259717908427,1.32093967980523,1.32741980006749,1.33195621660004,1.33471059517525,1.33557785078229,1.33449311541277,1.33161298796393,1.32688447232809,1.32034106989388,1.31221787936398,1.30237086790944,1.29114262437053,1.27844205659256,1.26444475315799,1.24921471015307,1.23284777239335,1.21553645101037,1.19726857171236,1.17820497026177,1.15845857522403,1.13808640772908,1.11718360307682,1.09582001750997,1.07413370010021,1.05217278106061,1.02997039380732,1.00765437878187,0.985210519080922,0.962761251636461,0.940335435102561,0.917995580261779,0.895760716742178,0.873711576271744,0.85188887072374,0.830285272841645,0.808976353095884,0.78795700837226,0.767290563734201,0.74697009266837,0.727045430094292,0.707497218408635,0.688371284751846,0.669653289397496,0.65137690556156,0.633519547593691,0.616116770628629,0.599145346727296,0.582615209537847,0.566533359694708,0.550887061150518,0.535673471268835,0.520894104052794,0.506540155657297,0.492602266174594,0.479073709376487,0.465948094285263,0.453215746114797,0.440868553904541,0.428897339740047,0.417288148027915,0.406038059118679,0.395140642683603,0.384582161705963,0.37434816236173,0.364436060234508,0.354836191319096,0.345529172165997,0.336516950014913,0.327789430533945,0.319328206912736,0.3111341634776,0.303199898013324,0.295509496976815,0.288059658543185,0.280841421303285,0.273844379259919,0.26706358489419,0.260491698777682,0.254118345446804,0.247941485225939,0.241953666929038
0.446177503732905,0.457613303027953,0.46939801904644,0.481583157401146,0.494177822836973,0.507224017742326,0.520702822271991,0.534631540588138,0.54900751095599,0.563872223840649,0.579250151983971,0.595119253089913,0.611595828779717,0.628456375074114,0.645966923974823,0.663977304599494,0.682533357487211,0.701707090913449,0.721365654863576,0.741982882800705,0.761949187209479,0.783668209887398,0.805442583876126,0.827540811237289,0.851121003484462,0.874051605543824,0.897564882935585,0.921457127311438,0.947236318942253,0.970071415047482,0.996340278747071,1.02141305709928,1.04694155600835,1.07144073744242,1.09605422446234,1.12135631374959,1.14581355673571,1.16905616142577,1.19215190723076,1.21488239819595,1.23646731648636,1.25610591074181,1.27505467660255,1.29258065995725,1.30870543751833,1.32315042520555,1.3358852173575,1.34672369730481,1.35569325760363,1.36268049349519,1.36758296033993,1.37046717352073,1.3712984399093,1.37001519148521,1.36675334088624,1.36157672672747,1.35445405905114,1.34554687880017,1.33495282730503,1.32270941760025,1.30899331924771,1.29387627374098,1.2774948972376,1.25994627673474,1.24138849821764,1.2218823009507,1.20155542351611,1.18054919625251,1.15888148660406,1.13671325968308,1.11413209097452,1.09120706642301,1.06802243723142,1.04465502489328,1.02113122875211,0.997593314237166,0.974031104304319,0.950543838483125,0.92719345696319,0.903979733860496,0.88098463412834,0.85823240968079,0.835762897109631,0.813626848590549,0.791830208045121,0.770416617290208,0.749398792125489,0.728796306386259,0.708636805536802,0.68891423613351,0.669659591934649,0.650865424195798,0.632542470525323,0.614705162626889,0.597324071072473,0.580423815547109,0.56400661135722,0.548039939278541,0.532537576469163,0.517497735751521,0.502909761766902,0.48875522349708,0.475026474550628,0.461724320900676,0.448839094778075,0.436356557593108,0.424264160257521,0.412549667719513,0.401208543203731,0.390231048453568,0.379599967551448,0.369307787786513,0.359349479725164,0.349711198867296,0.340377985527916,0.331346900716627,0.32260577568157,0.314138716875609,0.305946476397172,0.298017165177686,0.290334668673892,0.282897820599927,0.275701072142458,0.268727532969762,0.261974309245622,0.255433425198521,0.249091543682084,0.242951340946691,0.237002169944488
0.44128524377195,0.452792760698965,0.464672260589203,0.476980222894334,0.48971356112037,0.502859824867958,0.51647951629293,0.530564642925601,0.545177316689057,0.560269109304701,0.575924329041022,0.592052524093407,0.608761299954768,0.62605932789228,0.643927878202684,0.662450394655134,0.681547364562346,0.701203859307566,0.721568899668127,0.742528126905438,0.763726264411245,0.785812165526258,0.808673497503914,0.831552455519865,0.855455852933587,0.879929562185064,0.904511683064755,0.929620708106816,0.955332195540705,0.981374439262617,1.00751904657914,1.03445876269944,1.06077329767314,1.08625171169876,1.11443442765086,1.14038857341502,1.16614015345428,1.19168366381542,1.21627119253574,1.24008586589468,1.26280791157677,1.28484392625268,1.30529515360627,1.32433782662783,1.34172518248411,1.35734660446696,1.371081358733,1.38276478718494,1.39240657103854,1.39986536534568,1.40508977478575,1.40813836939892,1.40891320565046,1.40743608641714,1.40383368311071,1.39808101058572,1.39026529644988,1.38054243979327,1.36899696590015,1.35568363614286,1.34084427694049,1.32452293097004,1.30684613646754,1.2880161549124,1.2680874243343,1.24723226974578,1.22553712588751,1.20314499151812,1.18010434277701,1.15660201813494,1.13267476086219,1.1084514915145,1.08401335830831,1.05936710387632,1.03464689817076,1.00989937903744,0.985198275590219,0.960616807749411,0.936178648768078,0.911934294568943,0.887960253313702,0.864255392430378,0.840903774932272,0.817897962887225,0.795302330325356,0.773105504704114,0.751371802685111,0.730084603578011,0.709289603686971,0.688976573143956,0.669174885280336,0.649861651951746,0.631068939420335,0.612786896241215,0.595007741219106,0.57774021111547,0.560985866825825,0.544711086291009,0.52892854540257,0.513636957329959,0.498819015798932,0.484460391968575,0.470550988210325,0.457083587719349,0.444048809678865,0.431436535485858,0.419233636299797,0.407424936991555,0.396004189301393,0.38496037249223,0.374271066634116,0.363934657352152,0.353941635593311,0.344271346771714,0.334919821132806,0.325878499886516,0.317132688153537,0.308671339831043,0.300489163521585,0.292574541703638,0.284913912657001,0.277502531993745,0.270329165609823,0.263385663281855,0.256666873039706,0.250163086436835,0.243863939733752,0.237766500699032,0.231861156752099
0.436046049425168,0.447586696304362,0.459547702214906,0.471913305956942,0.484740433356912,0.498006534684702,0.511797623217475,0.526049298555351,0.540825226239964,0.556130614080778,0.571980780337112,0.588412773287955,0.605440767805494,0.623065529914062,0.641279518696719,0.660445133030521,0.679867981747982,0.699877189942645,0.720725276556904,0.742220694885842,0.764600918710068,0.786936533435895,0.810431672899766,0.834501642248697,0.859224883486075,0.884562777268381,0.910482286496239,0.936968510989719,0.963978450761656,0.991342519596093,1.01909938075513,1.04682717256489,1.07504810122395,1.10349643943233,1.13159734937315,1.15956027595615,1.18725948335402,1.2144636728189,1.24102859266059,1.26681606759888,1.29145695835122,1.31494289564757,1.33703591758109,1.35756345360006,1.37636271864639,1.39326376611605,1.40811409342645,1.42078363903661,1.43119947188897,1.43921950326948,1.44480459619455,1.44797693085295,1.44867875189481,1.44694573004907,1.44290107025055,1.43650337489889,1.42791311603149,1.41726896194583,1.40463518171095,1.3901654682597,1.37405386957136,1.35640623448922,1.33731540183736,1.31706803539872,1.29567194513765,1.27331782750162,1.25015296587285,1.22625430681004,1.20179744453974,1.17683127942268,1.15154813094909,1.12590243029784,1.10009051563509,1.07409007851348,1.0481130597647,1.02213123520412,0.996232987981796,0.970482750682926,0.944901825563251,0.919602058214578,0.89459932519377,0.869920227595278,0.845627004827349,0.821735203826541,0.798291553545093,0.77532359717686,0.752840660891413,0.730879762277013,0.709425881807902,0.688521531949329,0.668151857693194,0.648329153918829,0.629066785571181,0.610339273841322,0.592162542753864,0.574534058451419,0.557444847456752,0.54087225875445,0.524826853613612,0.50928296385162,0.494244272692666,0.479693886229303,0.465613053543013,0.451996592578374,0.438831235298144,0.426105742704569,0.413800258899936,0.401905603105766,0.390413659848542,0.379312087139972,0.368578662022959,0.358209912791785,0.348195083727988,0.338507869927956,0.329150844860011,0.320111786420772,0.311368142598914,0.302920784709049,0.29475755254736,0.286865784756788,0.279235084251916,0.271858593449128,0.264722871235263,0.257821683481724,0.251144929709175,0.244682626982753,0.238432500192355,0.232384957558351,0.226529829448374
0.430387657675246,0.441926248474718,0.453959775248516,0.466399968475119,0.479337998432295,0.49269615058792,0.506576591682977,0.520965698744886,0.535907956596844,0.551412605115208,0.567493161977455,0.58418107880488,0.601433838253089,0.61943058034044,0.637605574617873,0.657636778878414,0.676766096575643,0.697771555807815,0.718720907369618,0.741561117989666,0.764376277384633,0.787520303286286,0.811741682617794,0.836785312380812,0.862484987267891,0.888860817982697,0.916016518769198,0.943661621526573,0.971960365384384,1.00072880171343,1.02993295288226,1.05952492669524,1.08937944741565,1.11936897386251,1.14942132783191,1.179315616912,1.20893054028031,1.23808570156016,1.26658484439079,1.29428158390597,1.32092611652524,1.34630867962382,1.37025217564009,1.39247593743494,1.41285665331539,1.43116083998083,1.44723711817205,1.46096342683454,1.47219689589322,1.48082142417105,1.4868272874151,1.49014927572974,1.49076211351023,1.48873405040975,1.48414271506133,1.47702332631961,1.46754294529931,1.45584889416432,1.44199050488724,1.42623954125973,1.40869776221845,1.38953738901952,1.36894373362356,1.34709722171712,1.32412109930105,1.30015933391876,1.27531915614966,1.24987813838448,1.2238829651733,1.19740743757313,1.17055519958004,1.14346280689018,1.11618389744926,1.0888473435821,1.06151158684004,1.03420077138284,1.00703760947804,0.980090791132766,0.953357163315995,0.926938731463877,0.900843176617055,0.87515780062835,0.849885116564434,0.825105401236693,0.800790422629852,0.777018781007919,0.753774988973443,0.731105583881361,0.708995855433775,0.687493099804614,0.666552408955186,0.646219061176265,0.626487019869618,0.607321982772837,0.588756501994389,0.570772934658103,0.55335414888956,0.536498587831298,0.520192601186593,0.504419786698575,0.489173084163293,0.4744372178733,0.460192603493897,0.446439188155293,0.433157308772483,0.420333043684825,0.40794185768936,0.395978884830947,0.38443333233011,0.373283477809281,0.362516691087962,0.352126065132516,0.342095418269393,0.332407849558076,0.323056676067818,0.31402983735535,0.305305555381984,0.29688375369673,0.288752711766148,0.280891220569757,0.273298246327508,0.265963564405062,0.258873493362021,0.252019218779784,0.245398479767393,0.238989788860526,0.232796183893806,0.226807855277336,0.221008302200618
0.42429709130034,0.435790007056141,0.447897210484832,0.460424578338472,0.473409856316426,0.486859677003765,0.500840254507327,0.515383640727832,0.530433785694651,0.546097223987311,0.562358557230747,0.579272110202813,0.596812653143611,0.614936709067843,0.633999437534478,0.65443721662441,0.67339917914194,0.694946989415842,0.716795671525538,0.74061801871702,0.763038224267314,0.78731759308013,0.812384265514459,0.838328344363743,0.865006668853395,0.892502451702982,0.920733053878712,0.949676988311299,0.979357001771436,1.00964151455587,1.04045317542313,1.07172276113996,1.10339193389087,1.13524727961136,1.1672664868946,1.19922073843057,1.23093722055133,1.26224889286628,1.2929173181075,1.32275936448145,1.35154551763034,1.37900142906859,1.40495250448671,1.42909921420839,1.45125513114377,1.47118234961616,1.48864194571776,1.50354248622714,1.5156821692685,1.52495856374006,1.53138792219879,1.53484117721144,1.53531639161627,1.53296959864827,1.52775473595156,1.51980723126359,1.50930643104957,1.49639028722806,1.48117163807371,1.46395173780977,1.44484970108942,1.42401310213093,1.40176012244478,1.3781439867963,1.35340940731588,1.32767677950832,1.30117436422068,1.27404396644306,1.24634788807145,1.21824248377877,1.18977704235371,1.16113825124562,1.13233690623453,1.10353762959666,1.07475941034422,1.04609794786913,1.01763323334883,0.989389353666118,0.961441518130409,0.933854344048973,0.906657036218546,0.879920957896564,0.853655564714411,0.827914416757439,0.802732209485127,0.778114470941339,0.754112757995464,0.730711757180177,0.707949305787749,0.685824883692565,0.664329847815334,0.643486665894985,0.62328185936914,0.603695131562083,0.584746580169779,0.566419520976568,0.548689365718592,0.531546152194016,0.514994876658109,0.499009563100323,0.48357311200396,0.468671968461967,0.454284784739828,0.440403731274884,0.427014674853543,0.414101010645168,0.401639559035179,0.38962379557983,0.378039017529268,0.366858075312215,0.356074529316322,0.345679187950675,0.335644877085494,0.325966846156847,0.316633254526325,0.307626755117471,0.298935530683839,0.290552427501654,0.282460026181374,0.274647176305431,0.267103850960781,0.259819313784947,0.252781858033442,0.245988637238375,0.239424364227157,0.233080564407024,0.226951064331302,0.221027458570286,0.215295350732978
0.417833869708698,0.429203059301533,0.441249637374222,0.45402471692453,0.46700502175814,0.480509481157949,0.494523122763809,0.509153216264436,0.524320959569147,0.54016480969492,0.556578611716604,0.573681193826402,0.591371676157889,0.60989043495363,0.629155320503291,0.649291807682225,0.669874062957068,0.691403446588061,0.713371969156208,0.738095693601222,0.763054106838784,0.786103095040925,0.812187387805627,0.839038373249571,0.866729666192359,0.895317645060926,0.924765785070968,0.955095849264822,0.986148291611878,1.01794583436503,1.05041850746381,1.08351763690946,1.11706727685739,1.150945375297,1.18506028703654,1.21922145457774,1.25319076073868,1.28687121517679,1.31996019699115,1.35220283187692,1.38338304711638,1.41317079354015,1.44133399922164,1.46761508476273,1.49171017189776,1.51341625203748,1.53245819530669,1.54868837077632,1.56188276667901,1.57192630345978,1.5787763142591,1.5823527731373,1.58266853826387,1.57987127792727,1.57392287243983,1.56500768483761,1.55335504070915,1.53903263259626,1.52229993003114,1.5034064114613,1.48254265806874,1.45985963999919,1.43573231387625,1.41022873548945,1.38356138998368,1.35599093305381,1.32761072206843,1.29860990932577,1.2691138088268,1.23926085630473,1.20911505409607,1.17879048134556,1.14841791650024,1.11810404571876,1.08784839159833,1.0577592922861,1.02791487737244,0.998324666257505,0.969132824202237,0.940326680111146,0.911989307866261,0.884136178076016,0.856854241196827,0.830126836318876,0.804035623668509,0.778576715327975,0.753787678074517,0.729661109907318,0.70623743342614,0.683485012176698,0.661434424159125,0.640084885112723,0.619414558446232,0.599415931095071,0.580092529720938,0.561433982933105,0.543409530297516,0.52600668746292,0.509213560692077,0.493020673801262,0.477413653852123,0.462363898642994,0.447850330109277,0.433864682678552,0.420390738042408,0.407405902098985,0.394887908867533,0.382831724025425,0.371217510910739,0.360021648467662,0.349237543897355,0.338851162723127,0.328830530026257,0.319176826971604,0.309876985296192,0.300904146103766,0.292257766136806,0.283919667519446,0.275876033720807,0.268120550853359,0.2606401595426,0.253416394056351,0.246446558048356,0.239723793873438,0.233225665637787,0.226954316657126,0.220898567441837,0.215045285414725,0.209390013038081
0.410862320776605,0.422887259773518,0.432977734632335,0.44714904875918,0.460024528854382,0.47357576751871,0.487639311046051,0.502371905184599,0.517618466392983,0.533542612706063,0.550074757231434,0.567350518423453,0.585316743416908,0.604138874179812,0.623645631144441,0.64396285394902,0.665054403999112,0.687091910311412,0.710005042749141,0.733652776421377,0.75987166827311,0.784380838008956,0.811014380174749,0.83877465538688,0.867492351292937,0.897219510621066,0.927892452870649,0.959522532199227,0.992079302152818,1.02552089485716,1.05971582742064,1.09470122926367,1.13024185875489,1.16633780390702,1.20272793283429,1.2392667918379,1.27573314881972,1.31196446149912,1.34767724733264,1.38254545651913,1.41636972691108,1.44880150432307,1.47949389352374,1.50818709693236,1.5344952313837,1.55817015796673,1.57897983024068,1.59665190519265,1.61098752801942,1.62188724712611,1.62923095732373,1.63293714700113,1.63307930980731,1.62970735082215,1.62290690888238,1.61287778043915,1.59986472254427,1.58393381394036,1.56547953954278,1.54469982575338,1.52181282877978,1.49712736174022,1.47088718122468,1.44331404915904,1.41456371583523,1.38496119786137,1.35455500004661,1.32357496014718,1.29218076854722,1.26043862674928,1.22851274227277,1.19647642578936,1.16444918273103,1.13250845987194,1.10067333259316,1.069097051775,1.03782058331409,1.00687143947531,0.976350122822788,0.946273151959424,0.916732103429845,0.8877555370406,0.859395573596232,0.831698782606174,0.804658794050903,0.778349426682606,0.752743389189573,0.727890337372487,0.703791593110145,0.680422318556069,0.657818880896484,0.635965704069822,0.614838050857034,0.59444002504418,0.574756204318723,0.555778377922522,0.537473309617557,0.519827234510369,0.502825360244994,0.486448138745927,0.470678898926438,0.455493324957506,0.440868182985541,0.426797054685231,0.413256571042714,0.400218646887221,0.38766628263737,0.375591270043756,0.363965682239797,0.352770772406372,0.341999808707499,0.331628789047274,0.321641451438376,0.312027301872899,0.30277509521778,0.293855755128376,0.285263111081761,0.276985839010562,0.269006764704,0.261318216570274,0.253904768145071,0.246756301041126,0.239863778213138,0.233218831311062,0.226800174132798,0.220609161432204,0.214637010931168,0.208862311439419,0.203291520839844
0.403492930256306,0.41495554367619,0.427521708557655,0.438911991360085,0.452455353089066,0.466069659806116,0.480160865350107,0.494906754980673,0.510227180687471,0.526254822209754,0.542933255999131,0.560366852254956,0.578514602544001,0.597491545380127,0.617234699734318,0.637865432944215,0.659353031289025,0.681759500550059,0.705133320772423,0.729995190144001,0.75503349876434,0.782009500956428,0.808861732801932,0.837484761785449,0.867225528421615,0.898028990273542,0.92996202525372,0.963007552106356,0.997102694382575,1.03218264667374,1.06825066667922,1.10516723682036,1.14288065465177,1.18122547443103,1.22008651239008,1.25921368610699,1.2984525529663,1.33748430722533,1.37606449617745,1.41387233369594,1.45061465636729,1.48595202451506,1.51945956176352,1.55083462953665,1.5797003417749,1.60566758728937,1.62849351048051,1.64780069086627,1.66340478491982,1.6752358222278,1.68307610352879,1.68686361275673,1.6867836257101,1.68274432031329,1.67493346583513,1.66362513973467,1.64898435404918,1.63124514425154,1.6108047594864,1.5879139461909,1.56276072256356,1.53583549833332,1.50725459047123,1.47733445720857,1.44634264370453,1.41448650896325,1.38193866323327,1.34885725268997,1.31545115198362,1.28174086042463,1.24791034726719,1.21406197374716,1.18029177077335,1.1466572915033,1.11322476797881,1.0801038677979,1.04729550790329,1.01492391838378,0.983001392388846,0.951648701916217,0.920853331779603,0.890722848668159,0.861250876134199,0.832518338726478,0.804526093397523,0.777333513795804,0.750914297069466,0.72532775021548,0.700545481571351,0.676570264771233,0.653423533438641,0.631078704335311,0.609504838307687,0.588722647078137,0.568703887661576,0.549416727675824,0.530845066967389,0.512974981422954,0.495782366483448,0.479245528610005,0.46334298504612,0.448046864354588,0.433333333782252,0.419192145327975,0.405600806306575,0.392523524067348,0.379958055784749,0.367881751146848,0.356263199324232,0.345089507921116,0.334353845063483,0.324016787056143,0.314076375813326,0.304522332297616,0.295319350260676,0.286459959506511,0.277942249032379,0.269741327861514,0.26184175443406,0.254231715067462,0.246901351245704,0.239837282594829,0.233033325849028,0.226471593487315,0.220144586370597,0.21404389632814,0.208160720932076,0.202478775212015,0.196998943778059
0.395582967383286,0.407068673279839,0.418928109238156,0.4312501327602,0.444348613668663,0.457953695455677,0.472083308541031,0.486850321834801,0.502199067222123,0.518256566424906,0.535011835711766,0.552561032661141,0.570852749104628,0.590015273078572,0.609988064315457,0.630922484675844,0.65263671789733,0.675454486710027,0.699283577258813,0.72407623737773,0.750514828409776,0.778289291797179,0.805592615304613,0.835082512941898,0.865769630770086,0.897724890345556,0.930921274673621,0.965317792981218,1.00095258779888,1.03779784174314,1.07580639601396,1.11479614069529,1.15477009441518,1.19555224605887,1.23702196156297,1.27889767334308,1.32111613233799,1.36321902142539,1.40503736948035,1.44616229729224,1.48617025795541,1.52475576533809,1.5614419782275,1.59581889255988,1.62751952586967,1.65607581592195,1.6811604332633,1.70239659903174,1.71952361165105,1.73237008343795,1.74073732642565,1.74461926859815,1.744154473197,1.73930580343132,1.73029009520118,1.71747736298941,1.70094852998342,1.68114057612193,1.65840135794734,1.6330602467823,1.60540312478098,1.57592194824232,1.54480672637568,1.51231942758597,1.47890340975242,1.44458044190858,1.40967702622924,1.3743596630206,1.33878336358272,1.3030398190213,1.26721064021525,1.23147202391964,1.19590842378361,1.16051124065303,1.12540365989162,1.09064452975005,1.05627879362621,1.02242895681169,0.989082109327196,0.956352786644288,0.924282258364344,0.892912541627558,0.862327611705891,0.832514629875341,0.803561847814273,0.775454495805121,0.74822714332361,0.72190329592443,0.696440683161211,0.671865912359968,0.648186991210878,0.625361743914371,0.603367251654896,0.582219185716015,0.561877657121325,0.542315387162539,0.523506939400325,0.505427203755897,0.488058656360255,0.471381708282385,0.455370192146674,0.439986594763721,0.425210001314199,0.411025937800363,0.397407866466128,0.384318225096125,0.371756257869517,0.359694396915575,0.348098877510574,0.336969677256255,0.326280585199136,0.315998917297362,0.306114689718299,0.296638891923846,0.287516724430363,0.278736220852751,0.270300674319212,0.26217943813525,0.254370430755392,0.246859687585108,0.239623037508391,0.232655000925669,0.225952112173508,0.219486687187294,0.213259603383323,0.207260696804335,0.201473665675865,0.195892828977725,0.190513405495603
0.38724778970185,0.398606385437376,0.41033847052426,0.422682096261515,0.435720663747337,0.449328101009203,0.463353749813685,0.478080405461471,0.493433156809762,0.509542355671784,0.526374334719922,0.54399572314346,0.562358664821251,0.581613672449427,0.601747272269762,0.622862148846526,0.644942368954501,0.668060648672934,0.692432354370717,0.717692524874336,0.744280320373588,0.772711770031499,0.801078577509531,0.831292989621816,0.863022884185155,0.896067370307863,0.930513989117781,0.966358916268288,1.0036120178062,1.04217830969345,1.08209316242121,1.12329966648373,1.1657078889724,1.20910710214446,1.25329835022106,1.29829564643493,1.34366732078453,1.38915358017377,1.43445085847293,1.4792194409747,1.52290963460925,1.56521047139882,1.60555737617082,1.64338268437218,1.67829892908087,1.70979946877822,1.73741428840235,1.76079156428727,1.77960471981985,1.79360590273011,1.80258632570162,1.80660011006513,1.80562644587841,1.79979011978295,1.78935422763122,1.77469712520256,1.75598355567122,1.73375763653009,1.70841097053402,1.68024558911739,1.64980196214272,1.61739785643133,1.58344625593889,1.54818852755744,1.51203953174971,1.47513686080822,1.4377270329923,1.40005746268447,1.36216095743067,1.32424431836261,1.28638407688438,1.24867843985742,1.21120320239957,1.17396430058371,1.13713429964962,1.10069520932698,1.06472977666063,1.02929052379447,0.994484057192715,0.960311445124007,0.926906032126361,0.894285345635197,0.86252067441843,0.831633541239852,0.801687879630736,0.772656721637921,0.744608342820569,0.71753021992917,0.69140587093117,0.666245621000127,0.642045950366435,0.618761278343353,0.596370973391951,0.574865544708691,0.554230596634305,0.53442002170031,0.515402807085138,0.497149204163116,0.479639723953233,0.462848231710751,0.446747257889293,0.431293534970921,0.416476544999284,0.402274006528172,0.388650233961229,0.375576186619475,0.363042607727145,0.351016708647712,0.339476709939137,0.32840454245361,0.317773470580832,0.307567633381451,0.297777372625255,0.288373167483992,0.279340511886697,0.27066752940157,0.262327354149555,0.254306958895323,0.246605665010981,0.239197682499515,0.232068052308948,0.225211650659398,0.218616573472519,0.21226092456668,0.206143057158403,0.200256507248028,0.194579632583537,0.189109212463476,0.183833462486282
0.378458356714882,0.389691612932762,0.401456725575946,0.413240990852411,0.425758045726111,0.440090150650084,0.453985720292281,0.468674667853788,0.483985073220691,0.500060384771131,0.516877780660308,0.534496178274875,0.552945580783477,0.57230849208896,0.592605663169559,0.613824428566311,0.63620243156715,0.659615565573002,0.684319859631236,0.710223027906234,0.737039190087347,0.766480324549393,0.79499855969261,0.826147421325025,0.85884533070292,0.892957986463363,0.928632206171402,0.965882044874058,1.00472170647187,1.04512572333665,1.08710886793673,1.13054560766128,1.17537026007815,1.22153269298922,1.26883852388986,1.31695106637974,1.36588608312152,1.41513360658558,1.46428618440869,1.51308586849219,1.56088931734381,1.60730887018878,1.6517415914696,1.69355524911571,1.73221883834752,1.76716670690358,1.79774147979912,1.82353623009977,1.84428055876486,1.85953094956182,1.8691206386812,1.873193648651,1.87159385585384,1.8645353771873,1.85246145421208,1.83557461064283,1.81432453746205,1.78927822713087,1.76091345030234,1.7295385800243,1.69590757672205,1.66029006881373,1.62311006955657,1.58482325519143,1.54567130482033,1.50599337199755,1.46591385956222,1.42572146901087,1.38545266022251,1.34525693792811,1.30524806463866,1.26551215866685,1.22608985131103,1.18700708183538,1.14836941768393,1.11016266330298,1.0725208423791,1.03545475472495,0.999089836775259,0.96348330628663,0.928665362590859,0.894766993800757,0.861759010388209,0.829770953471677,0.798787383935296,0.768840817391565,0.739971232970934,0.712140535640486,0.685364094158415,0.659635421594447,0.634932809962163,0.611214292023795,0.588463522028444,0.566641657632944,0.545726798254471,0.525686956217855,0.506491640131837,0.48809419296922,0.470474016550701,0.453601157250427,0.437446558837885,0.421955711192765,0.40712733277046,0.39293014357169,0.379318156164095,0.366282537307297,0.353800331068575,0.341837935271398,0.330368349914998,0.319376749589978,0.308835290522996,0.298718120901804,0.289041920163635,0.279730588073301,0.270802880042252,0.262239118906347,0.254016349210187,0.246120073459074,0.238536342070671,0.231246742792587,0.224237134585944,0.217504726021373,0.211025412933218,0.204794050330855,0.198797478472425,0.193029395951858,0.187471768671515,0.182118456753474,0.176959514021951
0.36915002273218,0.380276075574469,0.391864530800794,0.404404559963961,0.416151557457441,0.429877815387636,0.443866213783837,0.458502712376923,0.473781658813095,0.489803516586489,0.506593583279666,0.524210560840567,0.542681663513641,0.562017035369092,0.582401820570488,0.603763174710591,0.626298299247429,0.649887423887548,0.67488104523191,0.700999919935864,0.729479740808783,0.758750951920712,0.787474838612039,0.819463037308369,0.853026447238707,0.888232565752402,0.925115016572154,0.963747427439864,1.00417382656649,1.04639383314155,1.09041773102041,1.13619395872156,1.18367659100155,1.23275218274839,1.2831581040029,1.33487559511413,1.38751403992815,1.44070927928994,1.494325237256,1.54762555479444,1.60011628166773,1.65117184668486,1.70028013335764,1.74659511251047,1.78953147372204,1.82835041388164,1.86238731822836,1.8911469576217,1.91409463306594,1.93078317720379,1.94108831273176,1.94506436639436,1.94265247518304,1.93410151554849,1.92000093305327,1.9004612229661,1.87620929054384,1.8478639052535,1.8159148424191,1.78094920859683,1.74365703499877,1.7044657845123,1.66372680457779,1.6221170019422,1.57973570855979,1.53697463047712,1.49408284081427,1.4511950812588,1.4084606057958,1.36592611995409,1.32374041414567,1.28194927046026,1.24049581189764,1.19951034225959,1.15897164795678,1.11899649004754,1.07959580989203,1.04089056093899,1.0028856034445,0.965731436438304,0.929470205848603,0.894190030719139,0.859939134795468,0.826817374680599,0.794775798864953,0.763904281760473,0.734215616833503,0.705647252110257,0.678239067873055,0.65196241118514,0.626784085613964,0.602659103658664,0.579568298001669,0.557470361666666,0.536326318641564,0.5161016956477,0.4967546789623,0.478238777389663,0.460535330567235,0.443612170451633,0.427429103899171,0.41193932197211,0.397129105854423,0.382968479998186,0.36940280730323,0.356434006016255,0.344027050303728,0.332139346733668,0.32076352262172,0.309879328973914,0.299443608309763,0.289457396429585,0.279878812436016,0.270707655482471,0.26191135136859,0.253469545330721,0.245365842939349,0.237609182554108,0.230160108984811,0.223008187937237,0.216135739728056,0.209534253559234,0.203190035724208,0.19709174520788,0.191225165236735,0.18557828096228,0.180149619816616,0.174924602372093,0.169896227107171
0.359356349143689,0.370306179570311,0.38180078910137,0.393717402122077,0.406101557135487,0.419238510343187,0.433079353565729,0.447680613005834,0.462827232339274,0.478731024627705,0.495416690880627,0.512929098393344,0.531364155619159,0.55070532758988,0.57111380064475,0.592535728570707,0.615207252360154,0.639014393346688,0.664162197418778,0.690471799871508,0.719365479334873,0.749970727773934,0.778705790842659,0.81112081292962,0.845482402483027,0.881630782842062,0.919688494211149,0.959714761850894,1.00173687738017,1.04576283529335,1.09186513366117,1.14001277101711,1.19015878300496,1.24224774145344,1.29609460733015,1.35158750496515,1.40827471611442,1.46598853338427,1.5242367381167,1.58252988388784,1.6403080547607,1.69684152995407,1.75129379409967,1.8028309715063,1.85065334723267,1.89399902406752,1.93204775180856,1.96407353548066,1.98952921268983,2.00789799614093,2.01908624049471,2.02290717339353,2.0194350500894,2.00908245713227,1.99238840476884,1.96973215642073,1.94192507947925,1.90972846457538,1.87360394623174,1.83452560186712,1.79299523037564,1.74969839398855,1.70511415439538,1.65976574696866,1.61395409812681,1.56794515725831,1.52210190201975,1.47633254705233,1.43108767568122,1.38618518698122,1.3417582634728,1.29781021569868,1.25431809776735,1.21140816859738,1.16896418947844,1.12713195899993,1.08592019393619,1.04542549970561,1.0057646151338,0.966960543200195,0.929199314667934,0.892481760829012,0.85694746195348,0.822627960128478,0.789539967185489,0.757738200205582,0.727235319369586,0.697952365142913,0.6699336645652,0.64314423347669,0.617534040758885,0.593036304970045,0.569632329335314,0.547294805070359,0.525962896073753,0.505594375055951,0.486142416013332,0.467553953252259,0.449809858845596,0.432872746909255,0.416685598007777,0.401225927392574,0.386465413500744,0.372364560404828,0.358883321346828,0.34601180344378,0.333702526614902,0.321931948761959,0.310677484926868,0.299910120698102,0.289600428817018,0.279752130701713,0.270315026566549,0.261287306797979,0.252636515376444,0.244348767145279,0.236404669644106,0.228788673510026,0.221482341784822,0.214472731308307,0.207746895445469,0.201294970203867,0.19509663440396,0.189141575502882,0.183419262226384,0.177912622782094,0.172623194347117,0.16753778264775,0.16263925454821
0.349078457212585,0.359861215037405,0.371152460507021,0.38293262384507,0.39485461825541,0.407469481467022,0.421880376856996,0.436166215056872,0.451102696301809,0.46683018309851,0.483391301116694,0.500801732090223,0.51914236310703,0.538423237427486,0.558804151578332,0.5802017100317,0.602877579736856,0.62673933161008,0.651957108561164,0.678543617698147,0.705990784016966,0.737466866712487,0.767478371670692,0.801020912153005,0.836069566733142,0.873106242200956,0.912253134650075,0.953518973916845,0.997038198971012,1.04290281432631,1.0911395022322,1.14167633335361,1.19457881478457,1.24980358962957,1.30717235608252,1.3666301778577,1.42777175610846,1.49041773514862,1.55394355506382,1.61779915779173,1.68131897382682,1.74395028047711,1.80449617345402,1.8622227715133,1.91589348231235,1.96466964635404,2.00739140643564,2.04326239384717,2.07159398081039,2.09188169296298,2.10388750044851,2.10738755875072,2.10254616363833,2.0900575346678,2.07018703146521,2.04377679403657,2.01171486873787,1.97490412168652,1.93399602665938,1.89011224140941,1.84388586580049,1.79593669294903,1.74706500183903,1.69756578833976,1.64800343554021,1.59858245022202,1.54957530621897,1.50100674437337,1.45309439335797,1.4057680426987,1.35910861396233,1.31304030573338,1.26754775688544,1.22260930357047,1.17825141433835,1.13446977201203,1.0913960709815,1.04905479070381,1.00760505584264,0.967121435786324,0.927747647202486,0.889550242760452,0.852675409159753,0.817112033685731,0.782952907934867,0.750222900185041,0.718909345243167,0.688950213041152,0.660350580434206,0.633093808004362,0.607090729574549,0.582279949549501,0.55862871635113,0.536085812110659,0.514601159976192,0.494125218120591,0.474609718350604,0.455994156464486,0.438249961437852,0.4213425951579,0.40519735926842,0.389804656639981,0.375131188937137,0.361114825897564,0.347748040672323,0.334992432314134,0.322814848237762,0.311183625557342,0.300073776127524,0.289463387297402,0.279320901870395,0.269621796361268,0.260345924224478,0.251473983189544,0.242986290383586,0.234865983995565,0.227086765583965,0.219636467583229,0.212493999857268,0.20564473748813,0.199086942118911,0.19279083767716,0.186751332040013,0.180950940853011,0.175385016919963,0.170035078808426,0.164893964767533,0.15995001449693,0.15519974315172
0.338341239188274,0.348893857045556,0.359977228008659,0.371559705838571,0.383934397052623,0.395731371820437,0.409947544296781,0.423813178327588,0.438527441295261,0.454104750367555,0.470476532427112,0.487671733368373,0.505870353857922,0.524966296556609,0.545268132548454,0.566584819463863,0.589228705662896,0.613110764870251,0.638365896149333,0.665100264614918,0.693802381463595,0.724417649865218,0.755372981856278,0.788758790370033,0.824532688843818,0.862393737200877,0.902502230945341,0.945003681043087,0.989990151149285,1.03754528330595,1.08773799404657,1.14072570501796,1.19649642043926,1.25496300478169,1.31602779985625,1.37968205074603,1.44556055003195,1.51343211269543,1.58272876076923,1.65292969646355,1.72314946875955,1.7926888383053,1.86028878862251,1.9250125675334,1.98547742233022,2.04054087412941,2.08891225912402,2.1294359524975,2.1613400860159,2.1838544136059,2.19663018484933,2.19961130285269,2.19304938873262,2.17773283357998,2.1539812250313,2.12296520553216,2.08586599133598,2.04348372121453,1.99702733748269,1.94757603087135,1.89598962137971,1.84285748790046,1.78919650151013,1.73530066049559,1.68164690729818,1.62861175190847,1.57626411128783,1.52484761758329,1.47425946343113,1.42458064954797,1.37575856508006,1.32755459383957,1.2800431075041,1.23308766725943,1.18675823561804,1.14103933989377,1.09598516877539,1.05174503793909,1.00835868812537,0.966085295620562,0.924975187647226,0.885226052722749,0.846942116472998,0.810113879960453,0.774879929749684,0.741224613341805,0.709122425423847,0.678526808918584,0.649406770694914,0.621703927471336,0.595372636442833,0.570306725758525,0.546462353985406,0.523780781782392,0.502206323567381,0.481683918034269,0.462141809716505,0.443537862715377,0.425836484233722,0.408988642382137,0.392932648069677,0.377644971875533,0.363094894380777,0.349218313697155,0.335994333241253,0.323387545894979,0.311362043625988,0.299893791523938,0.28896196781133,0.27852467986664,0.268561912506888,0.259049773747029,0.249961651784217,0.241276981658804,0.232971764128046,0.225029100758228,0.217431706791606,0.210162174135989,0.203201236409465,0.196533451222641,0.190151269657944,0.1840331596495,0.178164678501275,0.172531231917745,0.16712597578162,0.161937430023757,0.156954573237003,0.152167069620606,0.147568393942052
0.32710952838789,0.337391998756683,0.34825752680215,0.35952823525718,0.371348561859992,0.383495263746906,0.39651972621579,0.410570304492728,0.425199348908264,0.440545303178949,0.456656005281114,0.473624970338818,0.491597825731616,0.510508515022752,0.530621247165285,0.551793097391107,0.574258683794194,0.598049162978485,0.62317312022468,0.64998119971481,0.678091984781952,0.710152048586151,0.741010609711196,0.77446013364921,0.810822368167366,0.849259315247708,0.890207642641716,0.933828786700993,0.980146205281399,1.029346933925,1.08156019011432,1.13689764521088,1.1953539899355,1.25707740943011,1.32205735518053,1.39018113351365,1.46106655951525,1.53460393864916,1.61025056698495,1.68741485741266,1.7652494161635,1.84254914392773,1.91852693124929,1.99150350287278,2.06003176000556,2.12248774320469,2.1775080006781,2.22360366476459,2.25963468767763,2.28473954836819,2.29843527542661,2.30069219417803,2.29197755351767,2.27293000809123,2.2444508846893,2.20786623502443,2.16467107466159,2.11570418715701,2.06275088907569,2.00677665020245,1.9488796409558,1.89006726480999,1.83104492999392,1.77240229694288,1.71443199618567,1.65761806488123,1.60186419938569,1.54756905936275,1.49440532058151,1.44240900351209,1.39136289640329,1.3412002167587,1.29173660789556,1.24287547431284,1.19453747053091,1.14679249982814,1.09967407430851,1.05332268474297,1.00792067278579,0.963684323679533,0.920743800957064,0.87934204285352,0.839561299431224,0.801455704251593,0.765146446916992,0.730597508680595,0.697737197748215,0.666559906257459,0.636990377521039,0.608932965855527,0.582319385502483,0.55705402232297,0.533075096348307,0.510319901076528,0.488714199218849,0.468202654363617,0.448696952148247,0.430158890471699,0.412555631771757,0.395807204607089,0.379880068087328,0.364740584049865,0.350339247383677,0.336630875593353,0.323588137466639,0.311167019074078,0.2993299932708,0.288069204200068,0.277338130137687,0.267101165350695,0.257341899898295,0.248034209973846,0.239151807243186,0.230673811655691,0.222578042529903,0.21484356629185,0.207440153796506,0.200374167229707,0.193605084483069,0.187135240132763,0.180941354376012,0.175007538748115,0.169322237160282,0.163872647086267,0.158648048377699,0.153633287448676,0.148818154993656,0.144191472624198,0.139754715202298
0.315363808536938,0.3253755499385,0.33592340154559,0.346972371622872,0.358498862956686,0.3705921159391,0.382987407256297,0.396628217079477,0.411129629336875,0.426165058842647,0.441945570390204,0.458561713629552,0.476260050956304,0.49485466680385,0.514693565022192,0.535603311882778,0.557852789015981,0.581415764125004,0.606474286644245,0.633028531667439,0.660730559596819,0.693875709532454,0.725646576968482,0.757884272792215,0.794663833045516,0.833533898499214,0.875273030863359,0.919741314225858,0.967207955664195,1.01791883103352,1.07197817250861,1.12956208507953,1.19082381921873,1.25588070577291,1.32465410322758,1.39722980917419,1.47351732234728,1.55329162830494,1.63582178268955,1.72062427214557,1.8069614582198,1.89350791353881,1.97876856055533,2.06158161767895,2.1397598891141,2.21141610685247,2.27441336272562,2.32718228237435,2.36812335521594,2.39615779451139,2.4107723292794,2.41206716445781,2.40040395709159,2.37666413208553,2.34225151567785,2.29885878245973,2.24809225560314,2.191434577244,2.13076212724456,2.06742314001986,2.00241423888068,1.93715128840365,1.87215521827862,1.80822158358619,1.74577240080283,1.68495003318338,1.62599974798408,1.56878164508075,1.51316253266634,1.45905969483422,1.40604133316517,1.35402151476909,1.30268481703471,1.25190935986961,1.20161164366999,1.1517217508283,1.10244165959992,1.0538072163669,1.00621192936279,0.959799538222011,0.914874929551907,0.871696991977376,0.830345723123376,0.790937170343759,0.753558284184745,0.718157507630612,0.684608901767491,0.652917801763491,0.622968188632777,0.594645876560096,0.567852757405473,0.542483876066061,0.518443509849545,0.495674432359521,0.474100409015867,0.453650519644397,0.43423790139831,0.415826898095074,0.398368869198996,0.381775294736863,0.366022834263239,0.351084121965411,0.336869698973585,0.323366800904321,0.310536222576307,0.298332091219366,0.286727019508605,0.275698224761108,0.265195362892368,0.255194904042567,0.245665843544462,0.23658647197365,0.227932471409555,0.219681000644016,0.211806810828192,0.204294374939017,0.197121615468769,0.190265828640239,0.183709711335597,0.177457249290716,0.171461240886262,0.16572553136225,0.160239008292883,0.154981625143856,0.149944087036234,0.145114439827226,0.140482714828556,0.13603985277443,0.131770521195029
0.303166576658498,0.312878114832867,0.323080628061944,0.333806480070883,0.34500653840954,0.356852316964159,0.370177034719701,0.382366139035312,0.39653065271524,0.410853330423775,0.426262123809216,0.442545115134101,0.459875903137746,0.478134772481981,0.497606486404634,0.518199393088669,0.540093299569639,0.563393789983481,0.588105822992574,0.614518871303896,0.642382636261293,0.672693936360202,0.704601400587219,0.739076976106709,0.775812475629468,0.81514323675134,0.857334195726856,0.902530746472009,0.950998726443101,1.00296398006013,1.05860630749255,1.11824670308693,1.18216580481372,1.25038943814394,1.32311502148808,1.40045904041526,1.48224777922218,1.56829631372245,1.65835364901227,1.75185016295115,1.84777681351865,1.94456405464034,2.04132608198584,2.13538475335497,2.22495651970323,2.30751807377897,2.38049552266964,2.44174192612071,2.48859070101598,2.5203081603905,2.53595889236012,2.53553968480489,2.51981166159187,2.49002801441368,2.44821258653986,2.39647312416377,2.33642133595809,2.27054425029094,2.20075201170794,2.12873698350277,2.05573657645161,1.9832218785717,1.91188188600351,1.84233575244906,1.77514087315301,1.71027513728815,1.64803597372412,1.58806288874767,1.53027798213243,1.47424139743294,1.41955102939205,1.36589132881209,1.3129099060651,1.26031853243618,1.2080447089216,1.15598727333993,1.10430779615894,1.05321977818336,1.00313509908122,0.95430154278484,0.907175798836702,0.862042194835038,0.819039040679981,0.77831011918719,0.739887853584987,0.703698996744412,0.669583264617048,0.637471467361538,0.607235186989847,0.578748412193997,0.551874558972055,0.526498763344959,0.502492603692353,0.479793455703903,0.45833342049381,0.438015060404722,0.418754092678582,0.400525481081646,0.383252275420007,0.366871017519587,0.351345231275542,0.336650022915273,0.322660394368713,0.309406157286211,0.296839071210931,0.284881869908819,0.273548449638557,0.262770027281547,0.25252174435259,0.242782571016321,0.233518792312016,0.224702196376609,0.216303416026214,0.208300718756278,0.200674658298871,0.193403945880782,0.186468059782765,0.179845208092834,0.173526515895014,0.167490405076633,0.161722927050238,0.156193820949004,0.150921427116353,0.145870763102047,0.141032251951926,0.136396556263419,0.131950033456897,0.127688413041299,0.123601391099692
0.290526611185807,0.299881359706091,0.309748449932792,0.320075784717126,0.330897741064812,0.342313092920577,0.353929233886355,0.366198778454944,0.380490325703693,0.394777771680396,0.409729064824671,0.425521412991216,0.442419501026287,0.460232544040852,0.479197812267165,0.499368937141645,0.520810644816265,0.543691908103927,0.567983219683303,0.594060567347823,0.621966505173742,0.652106948790364,0.683945872629939,0.717491535765672,0.754034848013655,0.793752664090133,0.83619194218755,0.881853385722172,0.931004411286496,0.984007353662265,1.04109632426199,1.10260914137684,1.16879609656701,1.23999751220002,1.31653976191996,1.39851563379649,1.48598666517444,1.57897450451291,1.67719773825633,1.77977272688574,1.88629359193768,1.99521212444657,2.10509673229809,2.21278715572569,2.31619894196055,2.41217725704917,2.49727319987015,2.56848470745434,2.62303315866766,2.65934327693546,2.67597161683577,2.67308380971562,2.65191328274466,2.6144931483479,2.56339729550669,2.50103509722954,2.42976184460154,2.35283940523833,2.27232264802818,2.1901149664552,2.10805113217877,2.02738473736097,1.94911835018471,1.87367227968808,1.80143986513188,1.73275219284725,1.66742740321282,1.60504127102017,1.54537817992371,1.48777824872584,1.43177948346832,1.37687441635474,1.32251574516245,1.26835411334821,1.21409158105586,1.1597260269806,1.10538535731046,1.05151188397074,0.998514026064924,0.946942352916726,0.897330342594668,0.850057007512995,0.805316285275978,0.763272998558992,0.723864933393271,0.687003200470606,0.652453661655048,0.62008661287351,0.589724908714787,0.561195758792018,0.534349713811501,0.509052460515468,0.485171539900865,0.462640732546466,0.441366499631186,0.421251017615561,0.402216566956218,0.384236157164809,0.367209130478256,0.351089405858651,0.335842771492511,0.321396901806759,0.307713056240277,0.294750890109629,0.282473587784136,0.27083313300366,0.259781495343622,0.249295897108152,0.239342600720424,0.229891494254451,0.220907191580974,0.212368363680822,0.204251960397794,0.196529193278151,0.189177658231056,0.182168208509596,0.175487195638407,0.169112073649386,0.163042421222229,0.157248252495917,0.151710494315967,0.146420680421824,0.141370298611577,0.136539085078401,0.131910515334764,0.127478374459634,0.123228470687745,0.119165386732811,0.115270346343256
0.277396287214593,0.286394269582002,0.295899257275562,0.305798546361875,0.31620745116875,0.327201991500285,0.338868776906202,0.350350493914246,0.362726602630168,0.377599942325985,0.392139020591305,0.4075539169018,0.423904570473676,0.441145061689614,0.459607667283155,0.47927670836387,0.500154190433105,0.52248255218201,0.54635470646125,0.571912645568016,0.599449994389575,0.629102648875743,0.660347044228063,0.693711925988066,0.728917160580253,0.769178342705835,0.811721949618037,0.857483230868791,0.907032014001625,0.960687944550478,1.01879970079685,1.08182416999017,1.1501234287909,1.22410045280575,1.30409239644581,1.39049009642684,1.48358228907426,1.58359290824151,1.69022509855716,1.80313133910211,1.92177740721783,2.04412603175682,2.16888990217994,2.29312450364302,2.41377655885369,2.52590876934691,2.62648787925184,2.71064652392391,2.77442140469301,2.81591886912617,2.83327768653816,2.82720783426707,2.79917869031745,2.75173672915371,2.68813800675843,2.61240427003243,2.5277356864541,2.43753986618788,2.34455703779364,2.25063873819744,2.15837234552801,2.06871052704045,1.98274267095976,1.90110014845465,1.82402017091145,1.75159042393633,1.6833946633897,1.61906619816771,1.55800703862093,1.49949384187782,1.44278890622882,1.38712907380057,1.33180696810456,1.27622943139187,1.22005707480179,1.16317036329236,1.1058597962211,1.04870847805636,0.992239145306137,0.937426525905303,0.884954320128944,0.835309084971985,0.788773242563854,0.745458424381915,0.705217621662726,0.667822340638001,0.63303711211051,0.60060663056023,0.570288851645568,0.541878024553589,0.515214114972069,0.490130158974698,0.466471677998062,0.444197548837987,0.423192253043162,0.403341048726838,0.384611321523967,0.366934661634597,0.350214644253231,0.334412745061602,0.319501399714642,0.305387843090743,0.292025078681471,0.279403378496449,0.267445627941865,0.256132019155472,0.245419775158795,0.23526997370296,0.225643248137114,0.216510214588512,0.207844856861712,0.199607539654795,0.191798122863339,0.184367680057545,0.177304168747769,0.170578749609403,0.164182729852541,0.15808049552334,0.152274311352663,0.146735832567123,0.141455788404947,0.136411335070803,0.131588260346682,0.12698060552876,0.122575482475393,0.118367547991159,0.114336957778038,0.110473458125931,0.106771247349919
0.263809705593453,0.272404321185073,0.28147990183168,0.290986664191168,0.300943489619901,0.311427962012431,0.322480860963239,0.334393113599325,0.346134164726913,0.359641809175021,0.373784859561646,0.388543589945367,0.404307432787224,0.420919931174289,0.438765365491824,0.457756427713388,0.477954506693362,0.499610013034645,0.522699441914709,0.547633907970988,0.574551202088804,0.602876784206249,0.6350151490198,0.66670216545487,0.702225759910129,0.741724123842427,0.783555444626014,0.829195005624752,0.878784561723256,0.932712439496402,0.991405261284988,1.05544152660714,1.12523590476925,1.20146880564442,1.28468073999062,1.3753569518926,1.47387027427121,1.58069168435362,1.69604336934815,1.81980454045666,1.95136291236929,2.08929938291959,2.23202859486958,2.37584628625878,2.51676063938237,2.65025287413926,2.77004367559959,2.87047191940972,2.94663200470455,2.99478434620089,3.01243714919201,3.00127218622459,2.96382204663612,2.90276794095286,2.82367514915831,2.73128147447251,2.63012160195282,2.52357481383478,2.41574814257962,2.30883257333323,2.20494948268059,2.10562661406171,2.01160053882923,1.92349793872231,1.84155619878992,1.76573401383263,1.69515467678248,1.62955269315712,1.56778314270342,1.50919890602392,1.45252544620854,1.39685392935218,1.34116171246402,1.28453695805732,1.22651943442088,1.16691860151552,1.10611069717269,1.04484632416168,0.984108592976968,0.925326535498207,0.869497752338678,0.817211707883761,0.768840929588226,0.724406757435912,0.683576904411737,0.64596919024033,0.611186511101408,0.578924663515146,0.548859318262206,0.520753450237465,0.494409428614968,0.469667308665915,0.446362516242853,0.424437702493646,0.403786471872579,0.384286354968887,0.365928315074877,0.348610670235804,0.332259947960823,0.316849332236081,0.302306807083768,0.288559535920485,0.275586987991444,0.263352490309067,0.251775014452048,0.240832952282447,0.230479791070372,0.220681557495221,0.211414566583928,0.20264094571036,0.194328237518474,0.186436902775351,0.178949681148151,0.171832746087343,0.165082984333164,0.158670373845399,0.152562625273324,0.146754741269617,0.141226678271907,0.135959852231446,0.130935289759564,0.126154611276693,0.121583128383949,0.117218556371931,0.113052535445143,0.109063789987483,0.105251490395236,0.101602030183487,0.098116155713748
0.249826343432878,0.257990809811696,0.266554615470487,0.27561858088329,0.285094618343134,0.295041886939097,0.305614846976377,0.316771606887668,0.328503317811912,0.341086836330552,0.354413596349402,0.368649034453784,0.383710146131627,0.399590375899302,0.416743849164783,0.434902569395295,0.454370964846976,0.475175095032093,0.497527071494974,0.52142747015091,0.546770552340388,0.575184808617817,0.606325092406799,0.6370452247831,0.672179332067883,0.710274806131417,0.751605346772972,0.796689770379584,0.845891810822464,0.899615879385531,0.958425374788022,1.02295168350602,1.09372060656365,1.17153738657212,1.2571395811683,1.35123323562979,1.45481939447571,1.56847028555514,1.69261413923995,1.82743546327902,1.97303071325049,2.12825980657563,2.29128694583421,2.45862702264869,2.62541354275473,2.78554927493375,2.92991263090433,3.05259785811184,3.14384443804805,3.20052514030606,3.21855517887097,3.19983619430894,3.14820156262682,3.06948184000003,2.97073153764608,2.85748302140538,2.73565177830428,2.61008830870987,2.48472948413376,2.36268898456814,2.24578617215358,2.13598157057242,2.03367351336077,1.93914161128793,1.85269928450643,1.77378464293063,1.70170872653895,1.63565552003531,1.5743162232405,1.51663476602083,1.46112557575673,1.40646561873553,1.35122076858962,1.29410674644182,1.23441659509219,1.17182749789756,1.10666163203497,1.04011944462569,0.97381073127671,0.909989609987756,0.850131638444218,0.794905989790067,0.744792124598906,0.699523667954639,0.658525930890945,0.621133818356787,0.586764401857545,0.55497778075607,0.525404577702312,0.497810282493642,0.471964639898831,0.447667886795847,0.424830931059096,0.403349644475215,0.383130049460865,0.364074384861221,0.34615551638082,0.329277622158769,0.313346968449222,0.298373483274628,0.284259790237765,0.270947626533494,0.258409160443177,0.246592114857932,0.235437123199639,0.22490705862715,0.214964672419077,0.205573300699566,0.196698177346218,0.188292261161975,0.180346624316403,0.172823747896373,0.165702920860108,0.158946736028729,0.152529621160044,0.146435101827452,0.140633329049099,0.135136058902836,0.129908690739465,0.124929143216833,0.12019017385476,0.115677661925582,0.111369031598793,0.107266566331832,0.103340455900293,0.0995833209420136,0.0959998312677968,0.0925765695586697,0.0892980916266478
0.235463780800602,0.243129753520459,0.251247951686016,0.259765934294016,0.268669400384579,0.278077261340999,0.288106538481173,0.298675426760072,0.309779178746636,0.321547451263609,0.334472287352847,0.347807558610585,0.362116293776979,0.377201069626068,0.393475052106444,0.410730067841433,0.429295876010065,0.449174415262405,0.470510700597785,0.493428802493958,0.51805710867165,0.545294432525292,0.574868138419743,0.603952659448432,0.638707208352409,0.675654429128146,0.715895361414989,0.759927071201876,0.808185201081119,0.861053240704041,0.91933790775766,0.98368952901785,1.05467795709101,1.13331644502846,1.22055839108086,1.31731318622959,1.4249129280524,1.5441169627581,1.67658685252364,1.82288217596887,1.98344585196446,2.15732214072493,2.34376648990805,2.53925112381546,2.73763373270634,2.93158945281473,3.10903991604486,3.26087613602894,3.37329327914792,3.44085644117748,3.4575790816569,3.42760458654163,3.35706280349488,3.25381750168211,3.12811783755932,2.98910389223738,2.84262826526832,2.69448000211642,2.54871041708388,2.4099810298612,2.27915356024873,2.15785738580881,2.04686448732342,1.94617003148234,1.85586040803086,1.7746837094066,1.70204445247573,1.63662295243677,1.57694475418585,1.52162423296792,1.46872363558162,1.4164624949721,1.36286386356632,1.3061516523417,1.24515830094892,1.17915965269355,1.10836153010601,1.03470961546287,0.960793615753671,0.890310236122059,0.825420231091136,0.767219812514735,0.715762296079322,0.670280126878674,0.629752419306498,0.593109080341147,0.55964143223452,0.528736408597968,0.499928267908669,0.473032482785011,0.447868254243043,0.424165404040967,0.401901723462973,0.380963055777478,0.361234010094051,0.34270532869378,0.32529509424811,0.308896309112643,0.293495398719783,0.279004000146973,0.265363757047942,0.252544423946334,0.240489673193579,0.229120765671802,0.218427520466289,0.208363528510116,0.198865405335397,0.18991771088647,0.181466518615549,0.17349200402958,0.165956200510727,0.158823053076605,0.152071572342718,0.145678811926049,0.139624502611529,0.133880757137945,0.128424272734183,0.123238869833011,0.118324119998283,0.113641848798678,0.10920631787095,0.104984368069141,0.100952900302568,0.097106324247339,0.0934408923061566,0.0899327195489089,0.0865866221674863,0.083389814950027,0.0803333566134894
0.22065934408883,0.227811150299406,0.235487331330376,0.243429083698548,0.251765980130169,0.260558354656646,0.269948251080884,0.279863750050391,0.290399338178307,0.300994865881602,0.312959659222302,0.325994190317874,0.339464043227328,0.353724371191885,0.369064693909845,0.385311002300511,0.402883909527042,0.421600341750502,0.441889858967503,0.463515616827823,0.487113905622604,0.51295546994415,0.542031960315861,0.568997746378723,0.601822728965299,0.637010768260623,0.676220752161815,0.718749972236481,0.765512992117347,0.81700492185322,0.873980679813786,0.937200743080383,1.00737218245814,1.08581702679605,1.1735526067382,1.27176250020753,1.38212481246994,1.50610037372376,1.64557048911621,1.80191940333276,1.976841842029,2.17109574370121,2.3842612925519,2.61252296955713,2.85033351450308,3.08874864428746,3.31127109652618,3.50259800507327,3.64398616509032,3.72483874534707,3.73919373912119,3.69102772835657,3.59232480374604,3.45633187260639,3.29632240298175,3.1232609021409,2.94527863906371,2.77743621388145,2.60446873886075,2.44707353336935,2.30150098127115,2.16859506130623,2.04887872795066,1.9424421459608,1.84875465991271,1.76661661428064,1.69451953424949,1.63138852677924,1.57513473345663,1.52397065603185,1.4755524162513,1.42758593297149,1.37738391444625,1.3225957176085,1.26090124958942,1.19097572547852,1.11274965092643,1.02899564621458,0.944231675710734,0.86446791770026,0.793359495637081,0.732364024592009,0.680456765292041,0.635903808041159,0.596842368619622,0.561852451732579,0.529888775638627,0.500197523114044,0.472480264393948,0.446505467952224,0.422144771798602,0.399202035504146,0.377593640294916,0.357254197992709,0.338134849439447,0.32020447207916,0.303358151800042,0.287515571518028,0.272637197109231,0.258709266096581,0.24563649065343,0.233380375929094,0.221826114887826,0.210954684149311,0.200787157871381,0.191241687018927,0.182221574039027,0.173717886775005,0.165731869729336,0.1582174105473,0.151111743151198,0.14440071285318,0.138072700830976,0.132095159404027,0.126417545136609,0.121016137173088,0.115896245173748,0.111068592607346,0.106490218045127,0.102128894615767,0.0979922564372847,0.0940782355150696,0.090346427168767,0.086774067145542,0.0833606903273346,0.0801207086300477,0.0770399946360285,0.0740665101361111,0.0712347657956585
0.205475052093381,0.212117936436475,0.219218517465664,0.226626917928017,0.234402000244739,0.242519729730336,0.251214329444939,0.26047276334487,0.27032044194429,0.281702419229561,0.290456669858838,0.30311270190784,0.316190527385459,0.329237637839328,0.343545813353514,0.358627468306795,0.375071498466497,0.392587714145101,0.411481941898909,0.431998734776247,0.454156410466209,0.477353117834425,0.505100618978487,0.532623792317205,0.56249963980342,0.597022414574156,0.632482534807419,0.673041122161269,0.71769440548776,0.767126100222622,0.822064962971143,0.883261160112219,0.951643376924086,1.02855302663832,1.11512612811975,1.21297921269228,1.32437793068523,1.45106950836903,1.59556642648308,1.76068673609552,1.94902452591047,2.16289521513735,2.40320563976318,2.66984980509653,2.9571192310531,3.25362271108799,3.53700782141741,3.78601640778725,3.96968808552413,4.0692804747365,4.07534679631916,3.9997084026851,3.85902996831151,3.67589458333561,3.47123694916072,3.25798303732442,3.04574642503137,2.84444464782864,2.64841376559464,2.47029707080212,2.30872318707238,2.16438865447558,2.03659786284984,1.92562623424481,1.82950860284102,1.74780272339832,1.67800909847748,1.61893393416288,1.56807840563792,1.52330974802499,1.48172746824979,1.44064141669459,1.39644640047059,1.34601854138929,1.28503121814852,1.21090453324294,1.12275468125416,1.02392366570042,0.922231424526401,0.828818962934606,0.75050083241016,0.687867775530794,0.63765879572206,0.595945476708058,0.55976041358247,0.527457192051454,0.497735239685811,0.46973424296494,0.443197432689091,0.418280508922916,0.394879419988571,0.37286586623905,0.351985005847571,0.332239106929682,0.313737457628087,0.296512125869598,0.280379250613821,0.265151532065991,0.250813235779562,0.237488268160803,0.225088417591759,0.213457287031443,0.202456330391185,0.192074931140787,0.182515010414237,0.173545850765231,0.165026842873153,0.157000277573418,0.149519236756331,0.142535829167736,0.135914424393446,0.129602099896033,0.123677088832339,0.118153583443764,0.112891411265437,0.107823230208123,0.103086411262626,0.0986373233513572,0.094428538224566,0.0903483877273271,0.0865325546527455,0.0830175885013146,0.0796091361646864,0.0762773324567049,0.0731742945462931,0.0702549675138893,0.0674090112090245,0.0646664416713416,0.0621308031948211
0.18997493364806,0.196068199364311,0.202600508097402,0.209396731097117,0.216536426537556,0.224008294858999,0.232009634396476,0.240471979811396,0.249688017835909,0.259268567715273,0.26947594500877,0.279209496283465,0.291103824492776,0.303767502458731,0.316859550178585,0.330851748855171,0.34601182120903,0.362091354819287,0.379693454636044,0.398513948685826,0.418769150225091,0.441056580909063,0.466889016621782,0.490774788616449,0.519292951672186,0.55041084741901,0.584988938133965,0.622911044069712,0.664796525099154,0.711331139705087,0.763367787439551,0.821491396556032,0.8869132851601,0.960868771525777,1.04465637833149,1.14031284919748,1.25018429899377,1.37639729974317,1.52271816228222,1.69335010306593,1.89182293868678,2.12340899230346,2.39210248460376,2.7004869406858,3.04477829088774,3.41637244879369,3.78885435488984,4.1237170514341,4.36914048253163,4.49458662815518,4.48400967947205,4.35874311832568,4.15784137261941,3.91110253525269,3.64861292878263,3.38471928817299,3.13096881769764,2.89445288933611,2.67471653789952,2.47547536053641,2.29771143018647,2.14164312466817,2.00679173461224,1.89218553083146,1.79577845226996,1.71609212754574,1.65094726309167,1.59801378171788,1.55476713671441,1.51893026162269,1.4872984685274,1.45637270529739,1.42207139651142,1.37932010288834,1.32184543975992,1.24506418881272,1.14378208500448,1.02172024546705,0.890227423075277,0.775769786589392,0.690482256513637,0.631104273229384,0.586861703271468,0.550466484135011,0.518637816368226,0.49042430697835,0.463775969312991,0.437699692115667,0.412229834205716,0.388342215771745,0.366241356623857,0.345360744190398,0.325226534705843,0.3058291660956,0.287932719928095,0.271679338539109,0.256480743538799,0.241804070163199,0.227943892725049,0.215267452299901,0.203770857585298,0.192865767995328,0.182217341780155,0.172346278817717,0.163564539861332,0.155442564828655,0.147409885071959,0.139696168311224,0.132896258813554,0.126717727090531,0.12056280753604,0.11449918890301,0.109167246019981,0.10440024786384,0.0996085707362172,0.0947682259855098,0.0904935866217033,0.0867146613733362,0.0828454024219313,0.0789787563229379,0.0755537854353535,0.0725842668097474,0.0695223523164137,0.0662925438733489,0.0634817306297088,0.0610921030047945,0.0584531574511728,0.0558403645318481,0.0536083941535712
0.174173246473246,0.179695205650185,0.185629052911001,0.191786167086986,0.198221715217662,0.205012599443443,0.212316651426521,0.219952513150063,0.228279705144105,0.236999340653678,0.246537794462214,0.256460527675932,0.266151461846587,0.277515117161656,0.289434025442551,0.301978693072559,0.315737005120102,0.330331969065723,0.346277712068907,0.36336510298858,0.381490909266884,0.401013083497642,0.426168413266696,0.449554300282276,0.473643331834957,0.502006911588706,0.533625122887851,0.56846834385631,0.607064374235209,0.649986208003548,0.698062207456816,0.751963083328391,0.812915601205452,0.882322790674453,0.961406405832772,1.0523767863555,1.15789859934206,1.28040088381082,1.42455274041417,1.59503662738723,1.79746863021097,2.04075755162551,2.33307982796968,2.68267350811253,3.09466110120864,3.56334768655098,4.05978157151372,4.52900884669846,4.87757061129636,5.03748265646414,4.98971933346754,4.78166456976327,4.48324393106713,4.1499426101147,3.81575636449347,3.49411402862584,3.19680101836759,2.92356244175875,2.67705408219137,2.45520780406688,2.26294863213833,2.09656085842459,1.95632549166141,1.83938186682665,1.74526807402198,1.66908566965244,1.61153963399937,1.56676831777539,1.53391950473488,1.50995609930316,1.49204498862028,1.47573223482313,1.45715266304461,1.42615401930649,1.38160522210908,1.3038195600347,1.18986524708305,1.0325336077236,0.838215188178378,0.684715307023749,0.599218063040993,0.559760582874025,0.530206525597309,0.498433104174713,0.473892526136756,0.451897454743003,0.429415463233802,0.404923533871381,0.379305423804926,0.356111945181475,0.335747711900751,0.316786170963594,0.297363180801281,0.277465634580893,0.26003591383921,0.245463484865812,0.232179446938341,0.217997340936658,0.203767387985482,0.192385235073631,0.182825055644397,0.173165407053303,0.162463432527431,0.15301456236643,0.145825897949552,0.139130699401828,0.131330140366227,0.123447353980768,0.117690309616627,0.112831206922191,0.107299717907393,0.100811573829892,0.096044900511104,0.0924479246898534,0.0884871829686766,0.0829928896324427,0.0791024819132978,0.0765222393345706,0.0733599801357877,0.0686926720446,0.0657100376435988,0.0637010779297311,0.0611809686386152,0.0572692519915517,0.0549549031638902,0.0534113563283972,0.0511052717756007,0.047637137346564,0.0460593040646015
0.15805341116151,0.162940289301045,0.168276233760521,0.173835566715718,0.179534958094737,0.185614646042064,0.192093790778965,0.198943956253414,0.206334538281175,0.214132102618923,0.222359571315213,0.231284283911572,0.238850957286274,0.25006594682122,0.260629915571147,0.272155410611065,0.284336087556319,0.297368576929523,0.311657940986123,0.326641540671677,0.34272761538341,0.36062782958274,0.380645301920512,0.402922995677465,0.424549160037545,0.450397346867135,0.478726007490954,0.509885962862436,0.544491452937177,0.583102123558077,0.626343242020387,0.675083026149115,0.730249343883021,0.793221173951894,0.865304468467941,0.948856645222598,1.046422945336,1.16090098931636,1.29737769953402,1.46113554267224,1.65966557103325,1.90435156223505,2.20713274053378,2.58690103134679,3.06584658348551,3.65165070258169,4.32068972761236,5.02038923343673,5.5522924258487,5.76519930977495,5.61904633714001,5.26031192013419,4.82270009889366,4.37255365746971,3.95865065089701,3.57720812097956,3.22951542271139,2.92163134338502,2.64396594863274,2.40203349699976,2.19224394097283,2.02109763132397,1.8785774179484,1.76217929294698,1.67148301190118,1.6053318490096,1.55650701342026,1.52337762071155,1.5045982368548,1.49511069116705,1.49390088067188,1.49888536200611,1.49997491366804,1.48781563866641,1.46362405811091,1.40185666336708,1.2685228706044,1.09586896239884,0.705980602750291,0.566180080975665,0.502173468620027,0.477064912288815,0.4647485096015,0.444595409849481,0.425642311647469,0.408176511735412,0.39119909777956,0.369480065667985,0.341858908933854,0.320494514078703,0.304592104634413,0.28908817333493,0.271663425803151,0.249787473103965,0.233601639519673,0.222432468962697,0.211368969004542,0.197963846043355,0.182477099587194,0.172428735118602,0.16495009989041,0.157250213001626,0.145607358081482,0.136167160141918,0.130296260659082,0.125023824437411,0.117808811495925,0.109458148160134,0.104233990723235,0.100336317435738,0.095495643229866,0.0889524856687307,0.084589675866313,0.0812826777574419,0.0777249979082328,0.0728166744325697,0.0692108626203354,0.0665987278798376,0.0636445342982863,0.0599034911182274,0.0569653513164763,0.0548600225364553,0.0523163304522637,0.0494488669345252,0.0472062141397617,0.0453945216393786,0.0431625372894142,0.0407435772731961,0.0390057499037428
0.141644630800315,0.145953421275102,0.150683776316415,0.155467177307049,0.160593118601965,0.165843486723775,0.171480049890615,0.177464514985561,0.183996883347311,0.190780176622423,0.197982999374713,0.205485407539629,0.212887381376873,0.221964741972902,0.231394220302153,0.241382996340334,0.251997044328662,0.263320998088563,0.275590603581929,0.288878450623593,0.302921174417298,0.318447882688192,0.336111977583311,0.354997022949876,0.374651827650978,0.396265727905134,0.420663067647697,0.447642465386182,0.477555003205953,0.511055663829044,0.548571981365859,0.590979945639639,0.639058786387101,0.693968605769759,0.75717868895103,0.830512561796725,0.916476271198779,1.01794705353103,1.13999616979579,1.28805823518318,1.47095620122682,1.70163844416665,1.99562057297846,2.38164113093699,2.89653658936676,3.5891795470182,4.51118645080365,5.5782173553041,6.51639787484704,6.77665295521478,6.41007877473455,5.78317936728701,5.12103342732484,4.54736768596227,4.02701323521006,3.59933063623271,3.21672323834412,2.88166207735518,2.57874208881872,2.31345048637808,2.09503885111901,1.9187005190023,1.77392955401018,1.66117532918703,1.57889131756407,1.52136684836929,1.48594939607542,1.4695313104642,1.46582578607992,1.47171146322893,1.48799993004809,1.52168384342036,1.55104896552156,1.35590923627726,1.01424578690942,0.522176739428394,-0.282374104710529,-0.641481335101587,-0.362645564772883,0.229193390666485,0.365849598979427,0.372157997197906,0.390647963951964,0.382750464630188,0.372981308883965,0.360576919893762,0.348893664232445,0.33041343800824,0.307620701707989,0.287838975872531,0.271973051886659,0.257981964653555,0.24174971183394,0.224638846858618,0.209825134427653,0.197712440890225,0.186531448404901,0.174844466985932,0.163210018516663,0.15309663150536,0.144890231577001,0.136501953711171,0.128147755169448,0.12032756366998,0.113805564279486,0.107739265798838,0.101515050797278,0.0955340358077183,0.0904172551760488,0.0858431764512765,0.0811029045279709,0.0765084620370134,0.0724829430261077,0.0689209068785551,0.0652168793615985,0.0616560388026805,0.0584553957423947,0.0555786571414032,0.0526874650679104,0.0498536946457846,0.0472689532517859,0.0449883251436304,0.0426816638437246,0.0403999424416396,0.0383380930915112,0.036475082438938,0.034566788443213,0.0326637967388407,0.0309988615744338
0.125060056490578,0.128759085951888,0.132767684838081,0.136865947045185,0.141251908104,0.145767553357314,0.150548439659193,0.155607638801337,0.161204544615962,0.166983851558851,0.173066086798974,0.179257368576345,0.185356696746941,0.193323608966573,0.201701339040101,0.20994544472066,0.21873044090809,0.228334146566492,0.23867453195912,0.249648007706127,0.261623386634946,0.275052969303519,0.28944929653997,0.305037250408641,0.32097105189939,0.339449611979658,0.359692722781207,0.382117362874715,0.406928356716836,0.434616468427989,0.465622895600663,0.500495326847242,0.540154133684946,0.585384174296843,0.637612974331013,0.69803562134461,0.768989579135677,0.853039203631859,0.954150413187232,1.07745659225342,1.23025387693995,1.42637377069814,1.68082820304176,2.02697704307658,2.51683368227289,3.23955338669425,4.3689122416188,6.08369253530793,8.02937197550963,8.26811248285434,7.25380345920524,6.18845998828001,5.31464401877904,4.61435971142969,4.04303989298526,3.566276161885,3.15564187187996,2.79751514713051,2.43798108601129,1.6463375483522,1.02255998471191,0.522008044890147,0.0973966969009025,-0.265990795409986,-0.573083385212031,-0.836657012518829,-1.08432234191834,-1.31831959223934,-1.55668475800923,-1.8138281449361,-2.10440822351486,-2.45150135940483,-2.37165361721836,-2.00127520793406,-1.6487202394637,-1.3133252998548,-0.991862093682508,-0.685492484811792,-0.359806798925221,-0.00832529508951232,0.209349604862122,0.280291756121037,0.304991957509818,0.310453610247922,0.30734815450247,0.299649865257735,0.287818939504388,0.273541667487775,0.257528759647168,0.24152414953903,0.227357226081171,0.214193357030365,0.20039242790153,0.187182100695977,0.175090228468512,0.163960456249689,0.15389866383996,0.144122994589014,0.134677533930606,0.126214111720935,0.118661099532487,0.111309144838651,0.104352399653625,0.0980194920293292,0.0921361019155554,0.0867073184146473,0.0815435181810863,0.0766540978415933,0.0721323660735413,0.0680314489972804,0.0640457178853154,0.0602305433518188,0.0568141477817202,0.0535783527943104,0.0504747948821513,0.0475858176913014,0.0448435281062263,0.0422799443604515,0.0398846185172647,0.0375409732949348,0.0353474081284191,0.0333423933010847,0.0313890399562219,0.0295206982326856,0.0278212293943722,0.0261465538242057,0.0245358859495604,0.0230101621035409,0.0215833157819287
0.108237896538497,0.111304976588844,0.114665014884882,0.118067334156183,0.121662591542354,0.125361183364274,0.129264637845008,0.133495058306316,0.138020821344046,0.142818190582525,0.147787306769919,0.153024706407952,0.158053989069106,0.163139853015693,0.171064423328645,0.177459203810172,0.184709638352114,0.192443727958218,0.200675435473139,0.209665477969096,0.218999898677978,0.229376634197728,0.240673427900946,0.251814357633205,0.266335829509161,0.280676881209161,0.29626338452281,0.313703505293898,0.333008864796165,0.354359445995778,0.3782994827778,0.404926886045918,0.435102556120189,0.469258956142644,0.50830995349836,0.553460440922197,0.606137639581068,0.668514256658643,0.742415114342437,0.832645186406029,0.943433330981374,1.08403945330417,1.26655935998873,1.51246053506499,1.86650725420224,2.40935969975262,3.37759306701272,5.51075692779917,10.6411880385827,10.351275352661,7.80318765546047,4.17410103338083,1.22959504129299,-0.13621306659712,-0.931564603609278,-1.59440112652118,-2.15356418796537,-2.6163375109524,-3.0216629217238,-3.39548759465218,-3.72796238480474,-4.00123516274577,-4.23242490038653,-4.44147714565796,-4.63520391104598,-4.82671502055689,-4.78091944039426,-4.37002390866411,-3.96181286218964,-3.55852445291711,-3.16210626703559,-2.77937733609868,-2.41170062024126,-2.04904553584713,-1.72945862316083,-1.38163941065031,-1.07605907047717,-0.772567035250449,-0.477150982919093,-0.21654415925779,-0.0282755441897895,0.0759436047601462,0.130506276152468,0.159083589064992,0.174517091508282,0.180601855024827,0.180689837044348,0.177068180311753,0.171026725458982,0.16360667604952,0.155930884001866,0.148225566938103,0.139981291535838,0.131565270449271,0.123866561884097,0.116247936412856,0.109082387814919,0.102438421665609,0.0958409106373433,0.0897060368382533,0.084222629760031,0.078818812572117,0.0736744629980331,0.0691328668940063,0.0646882728207515,0.0604682089571905,0.0567531147350782,0.0529457465348808,0.0495861537062124,0.0465186051428582,0.0433659033313058,0.0405435954986521,0.0379809029159483,0.03540167050991,0.0330878316524985,0.0308820208594387,0.0287245907865191,0.0268131830139205,0.0249180484832653,0.0231195342094127,0.0215072081198541,0.0198916915732249,0.0183948058186039,0.0170353124525104,0.0156660578867418,0.0144053202936828,0.0131979144921722,0.0119972669316147,0.0109236625708303
0.091289245768793,0.0936736432712734,0.0963170851214672,0.0990500068363506,0.101877854876632,0.104711325986548,0.107793625988738,0.111090706608496,0.11449959978564,0.118319986189199,0.122150322239601,0.126239115451036,0.130323585271582,0.134497070645848,0.138726075541265,0.144370737436827,0.150082581276401,0.156177437977846,0.162109318388239,0.168734776255661,0.175780283137178,0.183497336441361,0.191653483257505,0.200870502827506,0.207949611780155,0.219164044399453,0.231034706885531,0.243191860676278,0.256468169790327,0.271111499130714,0.28730192812809,0.305164224233466,0.32503467581316,0.347356138082599,0.372094752969288,0.400436614994949,0.432279869626032,0.46887384795504,0.511202055433468,0.560958387074997,0.619726911889443,0.689107173033714,0.774518740954962,0.873586170874741,0.996618023151668,1.13525424371225,1.22062821578607,0.758125112044395,-10.5375154809709,-24.5058536167607,-20.0161879993244,-17.283182850658,-14.6641191001659,-12.150934818658,-10.4194722709366,-9.43216054141716,-8.91336055703511,-8.49988744632449,-8.00483215394137,-7.58518858815921,-7.1838054837713,-6.78180012302026,-6.38026667012726,-5.97614271611243,-5.56762743342309,-5.15684460521227,-4.75324404150049,-4.33529239946739,-3.94549741974061,-3.56061508996874,-3.16782616374196,-2.7858808927173,-2.43708522102898,-2.10556313609477,-1.7902429520762,-1.47777510117938,-1.1939741939217,-0.919231667826094,-0.665902087700945,-0.444414091952338,-0.270666635154649,-0.149494758654428,-0.068481897589553,-0.0142027772030706,0.0212807740797795,0.0448691202536108,0.0603050339361818,0.0693681560205736,0.0743010782868219,0.0763640840501014,0.0767881454718886,0.0756551327007348,0.0736439311620524,0.0709435350194433,0.0677997884648766,0.0644236091340544,0.0609663873809188,0.0575488662228027,0.0540454157119434,0.0506165993410328,0.047344838530145,0.0441847921448552,0.0411176243249459,0.038213667241473,0.0354522696207861,0.0328361879752211,0.0303900427138611,0.0279856577378146,0.0257936026322065,0.0236803480952113,0.0216839998722591,0.0198295930952666,0.0180496241472455,0.0163778188401432,0.0148113224202541,0.0133139139221447,0.0119077989734526,0.010574082279803,0.00929957407153751,0.00811142749541257,0.00698535162144607,0.005902201080301,0.00489824728094606,0.00394084233067461,0.00302964086326874,0.002179399416527,0.00134879641381419,0.00055607404493138,-0.000171515456036399
0.0742106927102142,0.0759312840139853,0.0778717331972018,0.0798440828559785,0.0819099704286382,0.0839318527307717,0.086077622034093,0.08841945647303,0.0908728991344979,0.093610571584804,0.0962279415448236,0.0990518546859981,0.101792047435567,0.104779560083965,0.107839342929698,0.109842927879723,0.116500160246346,0.119243247415088,0.123040391712706,0.126888234864328,0.131594925999363,0.136433430954982,0.142022215741634,0.149145406977793,0.151675318463883,0.157941671022619,0.164269678142004,0.171114139846402,0.178407543182812,0.186108861857168,0.194112614539245,0.202694481592306,0.21170270252729,0.221351215299795,0.231160495067273,0.241507640051382,0.251821937518365,0.261216571344632,0.27042046041342,0.275915900635081,0.27670387309669,0.26833708047425,0.242833858991791,0.179986759176167,0.0419995000263583,-0.270089209342579,-1.05987219425248,-3.29451847649803,-9.31283561685719,-16.1180085928817,-18.7714906567053,-18.2321892088615,-16.0700003905363,-13.5557976068194,-11.5199762462323,-10.1101317001865,-9.14858338624519,-8.44912482392754,-7.90097158808562,-7.44268629781471,-7.01933720173429,-6.61239537497288,-6.21357320309751,-5.80467291337562,-5.40813199829425,-5.01687704130538,-4.62423615849772,-4.24264331328052,-3.86449612550836,-3.50169302672862,-3.14439845931535,-2.79991169095919,-2.46997148598718,-2.15645977113903,-1.85421511466241,-1.57167638369753,-1.3052090936075,-1.05592549983841,-0.828796957034995,-0.629813519913855,-0.466324712963489,-0.339515034258777,-0.243717892609043,-0.173349350607619,-0.121979810380961,-0.0836081304853548,-0.0559964405866251,-0.0354315449703314,-0.020374339810646,-0.00948068598042389,-0.00167619595936318,0.00382386671300839,0.00758897038403535,0.0101099493288726,0.0115152953000039,0.0123209443690183,0.0125382989846236,0.0123190832600847,0.0118085078086546,0.0110581792137028,0.0102276695630451,0.00923230920314861,0.0081573598667458,0.00710022775894906,0.00601899343286499,0.00490176538561966,0.00382525314993954,0.00278371768727665,0.00175606442721991,0.000792183057686535,-0.00020064685689152,-0.00110030574991401,-0.00198288269643051,-0.00281530367031579,-0.00360376542538031,-0.00435856006640269,-0.005079246285198,-0.00576652518373779,-0.00641044179535059,-0.00702896127155479,-0.00762236826803382,-0.00817640984718506,-0.00869652626058814,-0.00919758156685233,-0.0096743107477359,-0.0101240773757475,-0.0105524734900168,-0.010953055169431,-0.0113317562063994
0.0570207999175276,0.0580354190916893,0.0593794586298911,0.0605427183496293,0.0617880984026674,0.0630690569944056,0.0642685837715333,0.0656020902033563,0.0670297037386189,0.0687271521699462,0.0702245861627727,0.0716262157379275,0.0731442011756314,0.0747304066138653,0.0769659023599178,0.0791294158261899,0.077623937463766,0.0813154554521311,0.0832938001319434,0.0858084026531658,0.0869965041956676,0.0889052770207041,0.0913839654403459,0.092308163422418,0.0955954962239574,0.0956471275469236,0.0971454691455228,0.0985230807907018,0.0993073105510613,0.100049345674612,0.0997811241727764,0.0991448746294758,0.0973580998045791,0.0939494656992469,0.088742386697104,0.0807095428330955,0.069177885734638,0.0517301634680471,0.0257011106758482,-0.0108186843098392,-0.0643043802204529,-0.145031449590515,-0.272733250846549,-0.476890550088887,-0.813695608883961,-1.41562531654799,-2.54003084891355,-4.56250261394924,-7.83504613887975,-11.2762414913467,-13.3648488960055,-13.8713844922295,-13.1036193036181,-11.9226756297575,-10.6632556972558,-9.60897925026556,-8.80529015744556,-8.14439006267474,-7.61954292370053,-7.15576057088722,-6.740899774465,-6.34147513049,-5.95516753723782,-5.58303289991302,-5.21093817386638,-4.84521222994833,-4.48375830469667,-4.13009981406019,-3.78522907481437,-3.44324676959241,-3.11354485540645,-2.79439153402223,-2.48769001528008,-2.19476195060123,-1.91565814128694,-1.65202799770289,-1.40453020668116,-1.17539201999176,-0.967027687417071,-0.783840112235881,-0.62693654620978,-0.498634501798532,-0.396560037663157,-0.316049944261629,-0.252867080138596,-0.203875623905799,-0.165414127033071,-0.135204545287101,-0.111752641162479,-0.0930920219102623,-0.0783680905978542,-0.0665826246501512,-0.057348966860752,-0.0499675007132248,-0.0441342817567038,-0.0394488476738082,-0.0356994153759737,-0.0327532959999701,-0.0303498710648266,-0.0284503070537428,-0.0269481195272321,-0.0257704930782553,-0.0248368477305296,-0.024090226645603,-0.0235383149457981,-0.0231158841198135,-0.0227653757968709,-0.0225138022312822,-0.0223584763178415,-0.0222261269419203,-0.0221426365593398,-0.0220960190434205,-0.0220772558902252,-0.0220809747192979,-0.0220766042134542,-0.0221098340824083,-0.0221110040280328,-0.0221591735596645,-0.0221948348869287,-0.0222361374064296,-0.0222783946376375,-0.0223094732981671,-0.0223496640925573,-0.0223918627395452,-0.0224215962978919,-0.0224511611671089,-0.0224880098098314,-0.0225146827437679,-0.0225366744354644
0.0397676165690196,0.0401671946897831,0.0407536536623158,0.0412275143002557,0.0416476265372133,0.0420803761135168,0.0423915255687302,0.0427553476335692,0.0431709930901285,0.0437044636884206,0.0440713541761063,0.0441937454032326,0.0443755699283682,0.0445401873816747,0.0446727406341448,0.0437641108429407,0.0453308472274733,0.0433722464916124,0.0434566478018618,0.0419945023376034,0.0417243388211425,0.0409838364296421,0.039872317806658,0.0386219621422577,0.0357308801296487,0.0327581079281513,0.0297921985697432,0.0256192106639414,0.020408497372241,0.0139176865599429,0.00587128164747604,-0.00415739298718658,-0.0165080275754769,-0.0324727998720578,-0.0522273311339857,-0.0775922454247826,-0.110454292566918,-0.153001958806542,-0.209056622955406,-0.284333904299076,-0.386534721650072,-0.528593601016685,-0.73329588766884,-1.03391060280655,-1.48448965660308,-2.17984976935451,-3.25963112304808,-4.83056040074701,-6.84597576278772,-8.88348632899352,-10.3334388191403,-10.9475291417726,-10.8559886522726,-10.3116748092009,-9.60643808435914,-8.90337671121424,-8.27246628081388,-7.73110880354418,-7.25521208431992,-6.83268196097031,-6.44399950409772,-6.0729937906971,-5.71444253868516,-5.36451030921482,-5.02049396688466,-4.68117526627231,-4.34745612056161,-4.01921828584723,-3.69661166418472,-3.38181333665661,-3.07717124061851,-2.78121046161384,-2.49658569287773,-2.22388930824884,-1.96475419146301,-1.71971062442035,-1.4900669352162,-1.27748542266955,-1.08432763131374,-0.911576084500638,-0.761502044602069,-0.634851975858632,-0.529031308112665,-0.442156602893477,-0.371533431955396,-0.31421854028392,-0.267425255214579,-0.22953039328425,-0.198603142643484,-0.173205980034111,-0.15233226022755,-0.135114325221092,-0.120751307795568,-0.108818057633965,-0.098771737605499,-0.0904135641477842,-0.0832941325366717,-0.0772933609709533,-0.0721258511813134,-0.0677182913183661,-0.0638447238397779,-0.0605766346923865,-0.0577229603993333,-0.0552162848946986,-0.0530240923800461,-0.0510674815763972,-0.0493472471613017,-0.0478275778832748,-0.0464551997309567,-0.0452078401574357,-0.0441000723103552,-0.043098771501196,-0.0421801731662989,-0.0413356087489807,-0.040561141454451,-0.0398520669486668,-0.0391922047782798,-0.0385701266437324,-0.0379809806577181,-0.0374436439118559,-0.0369476738648578,-0.0364688542179121,-0.0360204623015206,-0.035593778932085,-0.0351850645243335,-0.0348030982502778,-0.0344404678017181,-0.0340834842590442,-0.0337451781906565
0.0225846373734062,0.0222841383231514,0.0221028152262451,0.0218494173522442,0.0215257881167938,0.0210718069304452,0.02049091658589,0.0198956014510371,0.0192603577948781,0.0187185875504965,0.0179516237418469,0.0167930498247226,0.0155335786154925,0.0142779658844237,0.0127410661807229,0.0108320391055051,0.00918782358957599,0.00697192987900028,0.00368253211876373,0.00132063597510234,-0.00140578459859447,-0.0056475479578451,-0.0102126226452523,-0.0151492839540046,-0.0208579058478511,-0.0282577123586518,-0.0367479070948992,-0.0464981423024532,-0.057607802176345,-0.0710031134714006,-0.0868364069056708,-0.105686251518155,-0.128343140035231,-0.155913024524965,-0.189308810318035,-0.230453470312865,-0.282408418976238,-0.347446743891788,-0.429430286822479,-0.536672148533938,-0.676314204219566,-0.86344384784452,-1.11782870136524,-1.46722455438257,-1.95515260177338,-2.63804007184447,-3.56731832058331,-4.75580617165423,-6.12177543548923,-7.44985031157931,-8.48565905728289,-9.05057599811788,-9.1841568516734,-8.98996846681912,-8.60951833820332,-8.16172804906855,-7.70408842077577,-7.27053765331859,-6.86821342032037,-6.49445244175294,-6.14040931712268,-5.80129395452251,-5.47222386564984,-5.14915224666683,-4.83203915432223,-4.51844356691502,-4.2103410208688,-3.90750572836922,-3.60916334520816,-3.32180511360153,-3.03636936910024,-2.76113828529753,-2.49700208908442,-2.24419100316044,-2.0028845315675,-1.774935733173,-1.56134544417548,-1.36335645983067,-1.18227252168588,-1.01938069299427,-0.875709003170963,-0.750843819521139,-0.64404140986893,-0.553798619964441,-0.477945700030784,-0.4144705898203,-0.361646941209663,-0.317523810996875,-0.280337453362773,-0.249337324870953,-0.2230834346638,-0.200849626459983,-0.182045155637106,-0.165977204565126,-0.152167907682155,-0.140273719028674,-0.129988760411211,-0.121031336132637,-0.113257439258832,-0.10642523248053,-0.100430972574582,-0.0950686913235948,-0.0903000240354652,-0.0860570167555969,-0.082300968684122,-0.0788810403464183,-0.0757975412176961,-0.0730091426859706,-0.0704493312915027,-0.0681263951511987,-0.0660065583225411,-0.0640358436135524,-0.0622168987055387,-0.0605654028850166,-0.059017444158739,-0.0575609517111956,-0.0562125904740332,-0.0549498906208481,-0.053771516334611,-0.0526488851413197,-0.0515979546606773,-0.0506016104230966,-0.0496710033989047,-0.0487872651335749,-0.0479436153932082,-0.0471453644690923,-0.0463801930095405,-0.0456523679616045,-0.0449601497912745
0.00534811081226778,0.00442559282339254,0.00351839806157149,0.00247510802584039,0.00144353220986858,0.000125728225892882,-0.00138377007360958,-0.00288283671485043,-0.00454434058288947,-0.00617758528580011,-0.00819555510383843,-0.0103751454110329,-0.0131725215776328,-0.0159987916482406,-0.0189009018432269,-0.0223019639706089,-0.0259607584551323,-0.0301425265891669,-0.0350632134225716,-0.0403659008852483,-0.0460927363669709,-0.0524687077826045,-0.0610055536655498,-0.0708183241508314,-0.0770874269894308,-0.0909128728867731,-0.1026189502455,-0.117283239071758,-0.134176185479174,-0.153925675168878,-0.176990353803783,-0.203928029221221,-0.236075552360531,-0.274140612628833,-0.319915966454677,-0.375355583616272,-0.442968169969233,-0.526013129351663,-0.629764602917169,-0.760994300957269,-0.926768458508412,-1.14141442542695,-1.42139115212195,-1.7847231052236,-2.26160183243096,-2.87959894666713,-3.65048222324089,-4.56207493073892,-5.54570343243338,-6.48088218867995,-7.23879510299697,-7.72571271529945,-7.93559507466891,-7.91346753893925,-7.72665927989963,-7.44719158841681,-7.12742554179794,-6.79517445327405,-6.46479870542828,-6.14400310441297,-5.83306162558203,-5.52856253169147,-5.23000279749607,-4.93585831301361,-4.64537838982811,-4.35733451769664,-4.07396087166607,-3.79432748460526,-3.52032955495657,-3.2581410827879,-2.99004578454849,-2.73553406979495,-2.49037784445452,-2.25542528162148,-2.0314289866695,-1.81925468458977,-1.62017773229399,-1.43483709316961,-1.26447456171361,-1.11038657350473,-0.972269864760869,-0.850329603444121,-0.74382957490977,-0.651808577781458,-0.572971509860924,-0.505366759213346,-0.447822775613775,-0.398746363809634,-0.35675494986091,-0.320943216546964,-0.290137235286389,-0.263714447788028,-0.240840899820481,-0.220955112977464,-0.203788718357066,-0.188711413106873,-0.175530954793031,-0.163866825788329,-0.153582298711707,-0.144433699312565,-0.136283141041835,-0.129015759994238,-0.12248599170147,-0.116572353862771,-0.111254357097769,-0.106390091998321,-0.101984590212322,-0.0979800098165194,-0.0942766564654829,-0.0908838123228549,-0.0877596818493356,-0.0848563890124231,-0.0821773923926214,-0.0796952611164694,-0.0773579105696397,-0.0752106706516268,-0.0731748793405407,-0.071276201881858,-0.0694814369629524,-0.0678005807919647,-0.0662053100717247,-0.0647065930995935,-0.0632930023951617,-0.0619416936373091,-0.0606613096415402,-0.0594562927641854,-0.0583001802688115,-0.057198293378188,-0.0561498408948508
-0.0118568964631674,-0.0134066082438269,-0.0150083573326037,-0.016753092960412,-0.0186138977267048,-0.0207100007134346,-0.0231390752997207,-0.0255731284920156,-0.0282791192733991,-0.0309085080615286,-0.0340741718551694,-0.0376025156149947,-0.0416349729764205,-0.0458246577163783,-0.0501750560520813,-0.0549761735239328,-0.0605334478810361,-0.0667684782780862,-0.0738207796620665,-0.0812905758995879,-0.0898876362058219,-0.0990014690888187,-0.109574618085328,-0.122032922871721,-0.135030619569675,-0.150266539355269,-0.166802226986273,-0.186130635937888,-0.208425863853014,-0.234046165103487,-0.263713055548731,-0.29808227674386,-0.338548671106074,-0.38592530507499,-0.44204967360718,-0.509335665913759,-0.589771622507151,-0.687464163550029,-0.806844091536875,-0.953806719986983,-1.1357414876735,-1.36307956562719,-1.64775435933153,-2.00391474741725,-2.44654520366379,-2.98610520425427,-3.62473702993649,-4.33404528438482,-5.07639806405553,-5.769987217605,-6.34834993226726,-6.75598797385154,-6.97934045666663,-7.03610870150198,-6.96309967451418,-6.79689249518597,-6.5774504269823,-6.32774211639314,-6.06520193914454,-5.79558040607341,-5.52659932705383,-5.25841852698616,-4.99099625295895,-4.72514230479319,-4.46046025296744,-4.19839006227598,-3.93826984842166,-3.68146742106119,-3.42923663274208,-3.17972870416339,-2.93897087455674,-2.70373627006927,-2.47699752985611,-2.258853516055,-2.05092639834339,-1.85291341852204,-1.66692354973483,-1.4932216704815,-1.33291993763625,-1.1862973457312,-1.0538784101026,-0.935333956134887,-0.830211373698788,-0.738069463729757,-0.657254863220633,-0.586999517641981,-0.526221928377537,-0.473434255283033,-0.427607852626236,-0.387839397248154,-0.353326010297883,-0.323140927434895,-0.296818327452546,-0.273744848252739,-0.253392065405424,-0.235420743520063,-0.21954501029918,-0.205447347877348,-0.192847869305665,-0.181589359550538,-0.171442847494911,-0.16232889142023,-0.154057622856405,-0.146569763487099,-0.139755879647387,-0.133540631743789,-0.127866083200871,-0.122644598987507,-0.117823703606045,-0.11340298426838,-0.109309463167772,-0.105498077506925,-0.1019646446741,-0.0986710822457278,-0.0955918414196625,-0.0927339890986363,-0.0900299959242786,-0.08750520464422,-0.0851174017195791,-0.0828701940514655,-0.0807511383405456,-0.0787431512421921,-0.0768453720603044,-0.075044398127846,-0.0733391786715569,-0.0717206093104459,-0.0701688410480371,-0.0686980446003861,-0.0673013315729378
-0.0289127289578716,-0.0311216563726556,-0.0334939917327721,-0.0358270315200147,-0.0385341467795033,-0.0414434199249423,-0.0446976871706958,-0.0480873600275474,-0.051747139381046,-0.0555004778735114,-0.05967572969104,-0.0646059033698745,-0.0698619626122661,-0.0753523170914158,-0.081020829438327,-0.0876737533011664,-0.0947075055264743,-0.102972729055288,-0.111839061534905,-0.121559529319234,-0.132134748505809,-0.144141804369813,-0.157474430110416,-0.173067392736727,-0.189040537096577,-0.208432597866356,-0.230606718230378,-0.252501202355475,-0.279604994953146,-0.310660709750998,-0.346124074509066,-0.387135616064703,-0.434702259109753,-0.489932617250987,-0.554633778617001,-0.631370321445059,-0.721671743489417,-0.829694496074894,-0.959669640540611,-1.1155671580587,-1.30474571754636,-1.53463330223121,-1.81265440063212,-2.14820304258585,-2.54640438163612,-3.01383085187771,-3.54148602582397,-4.10655600197699,-4.68381536888375,-5.21827235401221,-5.67267573502726,-6.01458500917309,-6.23006300425778,-6.32158218065406,-6.30918455657267,-6.21786368195412,-6.07124807602288,-5.88616296727903,-5.67867086281722,-5.45739268170269,-5.22774065012469,-4.99356889755376,-4.75617115033898,-4.51824773393328,-4.27971638447462,-4.04099620383444,-3.80390854956011,-3.56901437302553,-3.33661293400838,-3.10836303276267,-2.88503407870522,-2.66783408163508,-2.45767464676546,-2.25530614635516,-2.06163965969445,-1.87724565275201,-1.70346114757678,-1.54047018544182,-1.38923211830758,-1.2499204037714,-1.12289660929341,-1.00795229018348,-0.905071622150604,-0.813169873872972,-0.731876022055162,-0.660178015002417,-0.597042007038479,-0.541508948888885,-0.492887691093747,-0.449967313701863,-0.412323191680458,-0.379128718146808,-0.349834407270851,-0.323812980404316,-0.300826696023916,-0.280320191858512,-0.261999512777221,-0.245605079658699,-0.230865541582191,-0.217635547587348,-0.205664310842289,-0.194818742764519,-0.184963254126569,-0.175967181150321,-0.167764846761853,-0.160224133787422,-0.153310389277139,-0.146939333389639,-0.141064036633194,-0.135638467963289,-0.130584231288469,-0.125889277654042,-0.121538572460126,-0.117461775322771,-0.113646750333488,-0.110080559518006,-0.106730296806919,-0.103576504035389,-0.10061773059828,-0.0978177143259234,-0.095192550551851,-0.0926864000139691,-0.0903214167440822,-0.0880669098959097,-0.0859372553844558,-0.0839125894462091,-0.0819823656836858,-0.0801469545972989,-0.0783940275582296
-0.045892349818509,-0.0486583451110736,-0.0517418247207472,-0.0548195858943562,-0.0582208800816564,-0.0619485699579172,-0.0660470840633803,-0.0703369933476403,-0.0749386657242721,-0.0798013783540853,-0.0850051724092105,-0.0910183439035275,-0.0976481618311214,-0.105335100299705,-0.110706034039303,-0.118932597877237,-0.12835153537479,-0.1383753107611,-0.149132292306852,-0.161057795026569,-0.173899948620793,-0.18801122738192,-0.203902591113446,-0.22176795932847,-0.242704524471344,-0.263921527264163,-0.287339430417312,-0.315505294931829,-0.347330753249604,-0.383081665476151,-0.423605964701147,-0.470239662372898,-0.523691546026383,-0.585324654949359,-0.656909834907199,-0.74035054436284,-0.837807963209121,-0.952461268983624,-1.08804097735105,-1.24775714901184,-1.43710616493572,-1.66130940658913,-1.92564406471143,-2.23405873944037,-2.5897666430939,-2.99232443645771,-3.43172164992483,-3.89074695353585,-4.34882092742231,-4.77500197939703,-5.14245938186079,-5.42946381671697,-5.62651471932947,-5.73110480939475,-5.75311365390517,-5.7085638537285,-5.61209245291432,-5.4777070343989,-5.31438920326368,-5.13365522876983,-4.93974185271905,-4.73752870912373,-4.52938869400286,-4.31699673775049,-4.10249979313377,-3.88669334719391,-3.67125490412731,-3.45626524623696,-3.24380794145496,-3.03427782532547,-2.82853291327988,-2.6277427636817,-2.432787983549,-2.24536243924942,-2.06472984287642,-1.89325023821366,-1.7304104540426,-1.57747151755925,-1.43444490325554,-1.30223593531604,-1.18064819276981,-1.06971763397566,-0.969228129227958,-0.878744442127437,-0.797642305244967,-0.725203330397889,-0.660731716320487,-0.60331972875614,-0.552508634324396,-0.507242938985867,-0.467219870816144,-0.431446017029961,-0.399662936841984,-0.371271216135154,-0.345897519388756,-0.323080963327995,-0.302666466116368,-0.284243757509491,-0.267604693016379,-0.252513189279577,-0.238832403949979,-0.226371849566595,-0.215033730772164,-0.204635063686099,-0.19511196566281,-0.186347151254271,-0.178267751683743,-0.170792821789702,-0.163891665377942,-0.157502587043261,-0.15154589791196,-0.146008927171027,-0.140851873853978,-0.136003557138532,-0.131481387115646,-0.127252193598958,-0.123257293112046,-0.119502886157734,-0.115976946225991,-0.112638572171269,-0.109482182705034,-0.106506120857407,-0.10367982315583,-0.101001051558569,-0.0984447635354435,-0.0960196571736126,-0.093711089275538,-0.0915150847781201,-0.0894189506530702
-0.0626976566346327,-0.0661093021528712,-0.0697881319393543,-0.0735694208366592,-0.077744918200395,-0.0821942414914582,-0.0871364616687657,-0.0922571055800699,-0.097841128974742,-0.103657488521018,-0.109953794931253,-0.116935676823511,-0.124369114951054,-0.131951368994376,-0.140226964913167,-0.151090977191483,-0.161472708877897,-0.173001604218147,-0.185474156635567,-0.199224878665621,-0.214140806509546,-0.230553132142994,-0.248730848607191,-0.269669165960319,-0.291734963383566,-0.316266681962665,-0.34417554705276,-0.375912299091341,-0.411253729842839,-0.450963359678211,-0.495867700789783,-0.547017351535987,-0.605211633789774,-0.671736670540496,-0.74840704778282,-0.836486002134573,-0.938366882597265,-1.05664959994423,-1.19386642538296,-1.35320797738574,-1.53846605475222,-1.75305217021055,-1.9992138621184,-2.27986161732173,-2.59452972888287,-2.94184961048576,-3.31094157673233,-3.6901228254949,-4.06312470478274,-4.41043700823163,-4.71161642223844,-4.95420146249244,-5.12964986604321,-5.23599159271084,-5.27772447636601,-5.26244100369818,-5.2009330175375,-5.10291004942137,-4.97693786723237,-4.82938844364612,-4.66651624102343,-4.49234697436258,-4.31039824081879,-4.12224034547739,-3.93069578614162,-3.73608296594808,-3.54043435991845,-3.34511376046706,-3.15072014053669,-2.95835398931327,-2.76922641668314,-2.58415930089857,-2.40369431732027,-2.22959729505267,-2.06173154269849,-1.90151830965704,-1.74932002037971,-1.60544231921703,-1.47060509698003,-1.34499507948799,-1.22875339957003,-1.12202922138014,-1.02429281073048,-0.935611647349276,-0.855178183524349,-0.782836481029749,-0.717684191206458,-0.659212787609046,-0.606916882605589,-0.559976913148912,-0.517846644374851,-0.480129420593456,-0.446328930189058,-0.415877777640393,-0.388470963655835,-0.363764755014166,-0.341423331518285,-0.321172884828815,-0.302810987682939,-0.286120985874604,-0.270885293167542,-0.256956379569083,-0.24419647802185,-0.23248537268327,-0.221721899553523,-0.211795750856503,-0.202632668439527,-0.194119886806608,-0.186278795557515,-0.178952063860808,-0.172127936199505,-0.165773073532152,-0.159840464882131,-0.154276385456682,-0.149067956838816,-0.14417613125267,-0.139561613184118,-0.135233352384838,-0.131154922467547,-0.127295970284412,-0.123638405380243,-0.120181544057076,-0.116900324622016,-0.113794395000922,-0.110837108809507,-0.108015781448165,-0.105341331385975,-0.102796443011388,-0.100356733061597
-0.0793036539585159,-0.0833003349869152,-0.0876301509728602,-0.0921087154096822,-0.096958560422914,-0.102165128132497,-0.107880693564078,-0.113891244205985,-0.120368827402517,-0.127173528560543,-0.134418926219679,-0.142366710997929,-0.150795465377697,-0.159634550125797,-0.171298435161761,-0.18205786428116,-0.193725017666129,-0.206587782322649,-0.220766170070839,-0.236182560295037,-0.253133407599831,-0.272021617748773,-0.291879236577348,-0.317099665308344,-0.342017739309493,-0.368264856962871,-0.398106475942702,-0.432539708285997,-0.471015464229083,-0.513997760308391,-0.562468326627024,-0.617168346065465,-0.67895212499169,-0.749096997065291,-0.829117430220762,-0.920060235369841,-1.02405525191967,-1.14332697238907,-1.27948982668737,-1.43528805609278,-1.6131375871755,-1.81518189710806,-2.04233044057337,-2.29565382691033,-2.57391568108336,-2.87411524736347,-3.18716032978862,-3.50426368057302,-3.81276244077379,-4.09981195366344,-4.35285548028098,-4.56048148349407,-4.71648338104019,-4.81749668822454,-4.86782458518449,-4.8714996365472,-4.83464634329235,-4.7625765617036,-4.66481622220069,-4.54513955460944,-4.40930290815334,-4.26026116016631,-4.1015443107268,-3.93546011650809,-3.76431223568874,-3.58979514655946,-3.41299963739975,-3.23528182886906,-3.05768652667477,-2.88166989984163,-2.707664862337,-2.53719549711638,-2.37073661931908,-2.20905991357502,-2.05291070732537,-1.90346289656888,-1.76088341899056,-1.62561645077219,-1.49849558246749,-1.37926841303814,-1.26832816325489,-1.16554033903782,-1.07107619409571,-0.984423078953313,-0.905406774100818,-0.833493366810948,-0.768342918464489,-0.709441771399694,-0.656177836187227,-0.607917282787405,-0.564581878889547,-0.525231521323015,-0.489728338538928,-0.457614924008475,-0.428565245810511,-0.402171464275604,-0.378188178322482,-0.35639252447952,-0.33648915436379,-0.318306386282545,-0.301667088284859,-0.286428633444574,-0.272406040231229,-0.259497417831699,-0.247575357405947,-0.236516725646104,-0.226363262163084,-0.216919591087957,-0.208122191204148,-0.199918376925449,-0.192280840913136,-0.185160353093913,-0.178481150186328,-0.172218069948446,-0.166348164585188,-0.16083052442402,-0.155631170816387,-0.15073668437254,-0.146108638130319,-0.141751656566566,-0.137612828302228,-0.133695081788864,-0.129978296487584,-0.126446010154025,-0.123091955717563,-0.119898434201403,-0.116864034066412,-0.113960799651485,-0.111190952195417
-0.0957040526763651,-0.100236951296245,-0.105193828970199,-0.110338400164704,-0.115822212210895,-0.121843112606361,-0.128193175408046,-0.135161542616272,-0.142363359887534,-0.150181733995693,-0.158313065728037,-0.167265733803289,-0.176852118685424,-0.187372338750396,-0.199159434535622,-0.211344086953488,-0.224846142615282,-0.239034855060815,-0.254692487543579,-0.271723066496297,-0.290630826749662,-0.310994161047202,-0.334365113974053,-0.361315148520795,-0.386562181350834,-0.41537271522396,-0.448319459117265,-0.485251408991003,-0.526382180237764,-0.572077864197814,-0.623307496398165,-0.680674006602552,-0.744996768563258,-0.817524180782185,-0.899281089723849,-0.991499978933007,-1.09584539228712,-1.2139377747436,-1.34693277199285,-1.49704609419399,-1.66564320827101,-1.85416424956589,-2.06245298343408,-2.29053344294743,-2.53658771371435,-2.79651280567465,-3.0645996174472,-3.33295727214221,-3.59255286068337,-3.83407652038655,-4.04780992903927,-4.22630040152729,-4.36443513547596,-4.45940126898037,-4.51298049103402,-4.52773136144902,-4.50690535474684,-4.45622800478192,-4.37971588446002,-4.28230037682344,-4.16825154429923,-4.04100274102884,-3.90312416714288,-3.75733983449099,-3.60484957062176,-3.44830516095657,-3.28858166732061,-3.12739651125911,-2.96585528909095,-2.80447381001193,-2.64504511023345,-2.48777828597915,-2.33393065907709,-2.18430049889529,-2.03926764211544,-1.89969468724451,-1.76606979751159,-1.63920846107871,-1.51916622290737,-1.40611265465725,-1.30024003654771,-1.20176890614445,-1.1105526903434,-1.02638456172413,-0.949011008037425,-0.878136290592747,-0.813358052263977,-0.754262681164038,-0.700525073285673,-0.651639984374903,-0.607194123177229,-0.566758093309011,-0.529972901502383,-0.496554087677179,-0.466054944577927,-0.438301054598841,-0.412949795022789,-0.389766007732087,-0.368518928628781,-0.349077420757465,-0.331184673359401,-0.314703606727935,-0.299539313432827,-0.28552873803499,-0.272579183214995,-0.260533338189149,-0.24940301011238,-0.239067337630502,-0.229408610680613,-0.220379915003047,-0.21196853326959,-0.204110917377127,-0.196719045246505,-0.189803042308764,-0.183311825701446,-0.177181581217287,-0.171411004620319,-0.16597824153404,-0.160834684659617,-0.155972770997659,-0.151377291060163,-0.147013458472459,-0.142878185728349,-0.138939560352764,-0.135200730787543,-0.131637560007015,-0.128242782239334,-0.125006475684248,-0.121915709732021
-0.111846270217102,-0.116889251897235,-0.122454904344411,-0.12825823528897,-0.134393902880872,-0.141058529969068,-0.148200795419272,-0.155881821879231,-0.163950122053192,-0.172537686900219,-0.18160572317381,-0.191565235251989,-0.20210547853967,-0.213861373459123,-0.226392641499464,-0.240063552752204,-0.254482296716588,-0.270296410335829,-0.287363084373237,-0.30604970033269,-0.326219538412535,-0.348402917901321,-0.372958970967822,-0.399834194037936,-0.430223333993349,-0.460367695998669,-0.495878117361748,-0.534283217156813,-0.577324847667565,-0.625141461378981,-0.678363310928778,-0.737564559466269,-0.803531721514235,-0.87737009950894,-0.959806937141635,-1.0519679872711,-1.15521261893745,-1.27053664707604,-1.39920325882584,-1.54238733911586,-1.7007247522553,-1.87517664664253,-2.06533700881087,-2.2704489009761,-2.48830010408469,-2.71485808941145,-2.94633789617386,-3.17622746085,-3.39732518918172,-3.60247566109818,-3.78482436717205,-3.94027315488117,-4.0618170136985,-4.1495311003837,-4.20345892644245,-4.22398210685969,-4.21454491133986,-4.17829410892479,-4.11917479478552,-4.04030666849541,-3.94443162357039,-3.83560983668823,-3.71575337737598,-3.58743504162012,-3.45235419389822,-3.31219775257321,-3.16841595105852,-3.02209142901873,-2.87500471515792,-2.72766828480316,-2.58134791106148,-2.43657208055204,-2.29456740764741,-2.15592947283067,-2.02106352014457,-1.8910613890631,-1.76609996976828,-1.64667311237698,-1.53348065772449,-1.42629053535243,-1.32555623180583,-1.23134652744224,-1.14342820606947,-1.06185293425035,-0.986363691234777,-0.91681688569718,-0.85283744167902,-0.794095700740908,-0.740355968827088,-0.69107393837374,-0.646007280066808,-0.604786735756334,-0.567081459709596,-0.532611132199825,-0.501044618100876,-0.472164751778133,-0.445605636408775,-0.421297327406555,-0.398910694326336,-0.378313698542535,-0.359310600253344,-0.341799680302101,-0.325593526009875,-0.310571843561442,-0.296648186870447,-0.283728342090671,-0.271685600915176,-0.260522074760856,-0.250073223542354,-0.240293723665242,-0.231147458913595,-0.222584704047377,-0.214541494529343,-0.206996013891685,-0.19989573339944,-0.193196220756489,-0.186890676146658,-0.180937477887343,-0.175294447225116,-0.169959922576504,-0.164915327007092,-0.160118801179823,-0.155569587188931,-0.151246350027123,-0.147132147670705,-0.143216548604878,-0.139478062599635,-0.135917792362384,-0.132511968673418
-0.127691181716551,-0.133282249089641,-0.139375523405748,-0.145787191985408,-0.152601338283043,-0.159826840340462,-0.167735472306578,-0.176099982320834,-0.185017191705166,-0.194496246630272,-0.204346781589622,-0.214953948178494,-0.226580216021624,-0.239292616382526,-0.252885961955685,-0.267592415036045,-0.283290356150927,-0.300296990115832,-0.318611150176328,-0.338614639050068,-0.360061677263865,-0.383861586432384,-0.409667790432531,-0.438002641163671,-0.470548976517508,-0.500737767040983,-0.537474675373766,-0.579108991714223,-0.623838909318138,-0.673210864112821,-0.727783678125319,-0.78801981508334,-0.854835064655534,-0.928985142090448,-1.01106008222967,-1.10209450124421,-1.20303428760429,-1.31468593959326,-1.43781852910796,-1.57327506202755,-1.7214082018898,-1.88237318518043,-2.05551452203724,-2.23992805164113,-2.43316392131605,-2.63214516268045,-2.83319531730994,-3.0311719016649,-3.22114149486893,-3.39792428980848,-3.55590328316525,-3.6905977864838,-3.79836221681091,-3.87868427269756,-3.93068959043385,-3.95505947792634,-3.95332756446924,-3.92785804618215,-3.88158969031854,-3.81711280982947,-3.73694545690203,-3.64392974431978,-3.5399127901089,-3.42684706879075,-3.3069909600927,-3.18142509385521,-3.0521369952217,-2.91992799198148,-2.78604203528302,-2.65138288349938,-2.51702607452938,-2.38411066537556,-2.25298212535835,-2.12455086076833,-1.99934223529307,-1.87809135400063,-1.76119873036627,-1.64918086261082,-1.54234794967689,-1.44079100358823,-1.3450668714397,-1.25492070343175,-1.17050616211879,-1.09165291288475,-1.01835526800542,-0.950369147663656,-0.887495260933921,-0.829388932268757,-0.775850182136391,-0.726505692552762,-0.681174379311544,-0.639487388935444,-0.6011936609638,-0.565924643976487,-0.533511010480482,-0.503706583193348,-0.476242649556838,-0.450958093204225,-0.427567525239905,-0.40603400212768,-0.38608222896312,-0.367601865847395,-0.350482725053291,-0.334594116121344,-0.319818261991749,-0.306057494375359,-0.293211426891019,-0.281246842249403,-0.27005851153742,-0.259607619243477,-0.249785856069745,-0.240572644053211,-0.231911452945866,-0.223767478240216,-0.216093113417414,-0.208857764547821,-0.202034688786167,-0.19557786514595,-0.189469876099128,-0.183691815704245,-0.178207817521039,-0.172996489282452,-0.168059346267483,-0.16335774327454,-0.158875034947005,-0.154612739742528,-0.150546830510104,-0.146667675066347,-0.142962260630226
-0.143164276937905,-0.149350277262223,-0.155964941395459,-0.162973800588447,-0.170341266398571,-0.178241467509953,-0.18677706572348,-0.195772432346289,-0.205820707618381,-0.217399651680472,-0.227123371036713,-0.236908308594468,-0.250224678948906,-0.263925364625884,-0.278423935731193,-0.294013012339982,-0.310871941531075,-0.328893632915763,-0.348473683498681,-0.369496817115197,-0.392349882065488,-0.41718389125486,-0.444163883174699,-0.473735387116896,-0.504810397854427,-0.539578906039514,-0.578346943137262,-0.620213743458472,-0.666066006655581,-0.716415373672087,-0.771743447313794,-0.832484569321928,-0.899424816624132,-0.973121815065101,-1.05409369973235,-1.14321282782627,-1.24117607072367,-1.34820962312146,-1.46536665469143,-1.59284489544081,-1.73094536050657,-1.87872226079257,-2.03632486617407,-2.20228751668659,-2.37401034484292,-2.54962952139063,-2.72545070124636,-2.89775166818687,-3.06269201362134,-3.21575730381489,-3.35348386879963,-3.47122081403379,-3.56727098313245,-3.64029120217161,-3.68954212310034,-3.71522681564422,-3.71848768809749,-3.70154620968524,-3.66536718834424,-3.61235440207419,-3.544816854886,-3.46490484244921,-3.37461190537839,-3.27540002430771,-3.16916055367137,-3.05692676409601,-2.9403719931834,-2.82071479142548,-2.69885192246149,-2.57616637011989,-2.45316175326533,-2.33077482369683,-2.20971269469471,-2.09079440885321,-1.97458920099678,-1.86163308560517,-1.75226666170226,-1.6470682120173,-1.54643999422815,-1.45041191388365,-1.35934547742303,-1.27332617800316,-1.19231640858549,-1.1163431538867,-1.04538900896037,-0.979134104687672,-0.91744835318043,-0.860276499327327,-0.807270101056825,-0.758229413408995,-0.712884151468571,-0.670965873769928,-0.632310123169758,-0.596517288642295,-0.563520249450626,-0.533044516392767,-0.504811954649729,-0.478725840530715,-0.454574458558707,-0.4321955280313,-0.411408324715121,-0.392147812568805,-0.374223602558388,-0.357502264430952,-0.341979355750118,-0.327480432612051,-0.313935007284562,-0.301261667150104,-0.289379785250531,-0.278259694287606,-0.26782900237702,-0.258016525117262,-0.248786302141537,-0.240087265429594,-0.231888094716078,-0.224141996155952,-0.21682368648825,-0.209896887466814,-0.203340874117725,-0.197132834005465,-0.191231261944311,-0.185632468888977,-0.180315127037228,-0.175252964024435,-0.17042857403558,-0.165828242838743,-0.161442265897871,-0.15724988120713,-0.153251607511041
-0.15838016948364,-0.165045043737625,-0.172157603759532,-0.179744673289809,-0.187613270831981,-0.196178932529474,-0.20522980767706,-0.214871569842932,-0.224924065561882,-0.235764067541036,-0.247068697445756,-0.259760837898366,-0.273775408192738,-0.287683896981048,-0.302997432227186,-0.31948739412555,-0.337161328348644,-0.356181462114756,-0.376690726914196,-0.398780124046414,-0.422785367624558,-0.448406377217663,-0.476651621264529,-0.507403530002471,-0.540189442867216,-0.579932668254938,-0.615204424462314,-0.657476767442703,-0.704087991681148,-0.754899319715431,-0.810461469360008,-0.871175178114571,-0.937626611929807,-1.01023936009854,-1.08951177799994,-1.17608735073258,-1.27032367020057,-1.37271222597093,-1.48352919110223,-1.6030036714323,-1.7311443282571,-1.86700633238056,-2.01025063015784,-2.15967184371741,-2.31299247381791,-2.46877603460367,-2.62373254835827,-2.77493452868047,-2.91884951042599,-3.05253779905441,-3.17294931707081,-3.27668214901294,-3.36224473626504,-3.42876052954674,-3.4748202007271,-3.50081468880789,-3.50752493044751,-3.49612635229991,-3.46797740684996,-3.42448036444867,-3.36750740925206,-3.2988011665025,-3.21994680440189,-3.13265080323156,-3.03815303514304,-2.93806384389869,-2.83326330198091,-2.72509420693028,-2.61430485504089,-2.50220888667724,-2.38949979878292,-2.27691231245286,-2.16539260012923,-2.05517653643438,-1.94734221162675,-1.8420291964696,-1.73986875109503,-1.64117799996602,-1.54635657916531,-1.45556080728151,-1.36918267001942,-1.28708562671406,-1.20951627839346,-1.13651304890967,-1.06776786722761,-1.00345809059555,-0.943329576268929,-0.887295676267068,-0.835032156224066,-0.786498951336513,-0.74130137726202,-0.699484630479319,-0.660603006142508,-0.624563053152707,-0.591148578800091,-0.560156059860195,-0.531372298118315,-0.50468286360307,-0.479864397597037,-0.456802905093303,-0.435361021341397,-0.415377620582152,-0.3967539868681,-0.379376255686052,-0.363174607272781,-0.3479977162339,-0.333786891406403,-0.320490879513907,-0.308011418392507,-0.296291888275812,-0.28527769255134,-0.274899967855867,-0.265135595394588,-0.255923621709819,-0.247228184341952,-0.239011999182292,-0.231235590515106,-0.223862001505691,-0.216883821371574,-0.21027160548519,-0.203978808201592,-0.198003592549813,-0.19232394813297,-0.18690722356073,-0.181760727763308,-0.176841002145071,-0.172148970270419,-0.167664631870355,-0.163378552806288
-0.173239902631945,-0.180382876060417,-0.18795099321717,-0.196032998508398,-0.204492851958484,-0.213579295409957,-0.22318501531606,-0.233343596249943,-0.243968957499366,-0.255694894895817,-0.267961260702912,-0.281362746278298,-0.29540852352525,-0.31014867622302,-0.326391534779207,-0.343786481306071,-0.3619836134699,-0.382038029388259,-0.403308638110776,-0.426474411650875,-0.451227416921972,-0.47785177369426,-0.506569204253619,-0.538301184924583,-0.574567633364031,-0.610451219141709,-0.647713222027468,-0.691279559061305,-0.738028211504297,-0.788990466197912,-0.844310326572943,-0.904509491189752,-0.969995014778817,-1.04105653642133,-1.11815584864127,-1.20176270414568,-1.29206478672367,-1.38932476485494,-1.49386986447324,-1.60552887703457,-1.7242018506074,-1.84900655941401,-1.97951904131891,-2.11431140487135,-2.25183290562457,-2.39043335988684,-2.5272833707657,-2.66039663752843,-2.78723624765574,-2.90492198358533,-3.01082442055391,-3.10282456362439,-3.17918176016935,-3.23925458138428,-3.28233961009229,-3.30793192374059,-3.31706545914049,-3.30979052581236,-3.28760851117276,-3.25162278290126,-3.20346377278514,-3.14442474388393,-3.07562177140652,-2.99866397455471,-2.91465170563043,-2.8249826047692,-2.73067873948703,-2.63275072081118,-2.53229260906309,-2.42998700467915,-2.32668151977804,-2.22309014371327,-2.12017032395073,-2.01834336201184,-1.91811116008194,-1.81997814914082,-1.72444883094563,-1.63199170521568,-1.54271332959337,-1.45691053188761,-1.37497364556031,-1.29680152512417,-1.22262665433998,-1.15246180379841,-1.0862175020324,-1.02389588192588,-0.965405141020178,-0.910572809279815,-0.859290036143555,-0.811374277176508,-0.766684759636969,-0.725037096249602,-0.686224815981992,-0.650104335153592,-0.616454916000146,-0.585145492809305,-0.555966769047236,-0.52879901905152,-0.503494462985051,-0.479894196201303,-0.457874639700032,-0.437310199885223,-0.418118059601338,-0.400137565624825,-0.383331291530836,-0.367577106660764,-0.352804339348777,-0.338929598882756,-0.32588350587187,-0.313639467297616,-0.302098635840976,-0.291225217336891,-0.280965553978313,-0.271272863859252,-0.262107613336542,-0.253448623598046,-0.245243390129284,-0.237470080325826,-0.230095889106576,-0.223086211744261,-0.216424030753206,-0.210096698884342,-0.204072847869184,-0.198327691847857,-0.192855032059931,-0.187632653700245,-0.182648100251946,-0.177885562715017,-0.173326619682117
-0.187711388387126,-0.195310599797192,-0.203308739405845,-0.211888918838952,-0.220882886971957,-0.230349537391896,-0.240589263448715,-0.251196359675559,-0.262699082652329,-0.274870753042654,-0.287870905991517,-0.301844808064249,-0.316324202425966,-0.331757348258701,-0.348771978015239,-0.366753764089226,-0.3858417223037,-0.406409074806186,-0.428540023543815,-0.452299070339254,-0.477787086648293,-0.505095029731051,-0.534348228000052,-0.565601916788108,-0.602739630126952,-0.637300006047619,-0.677924640956303,-0.721552170018045,-0.768090470335552,-0.818823372695592,-0.873631185428403,-0.93294917495102,-0.99709548937974,-1.06625736030826,-1.14096049596918,-1.22116298960175,-1.30737923046699,-1.39946260909328,-1.49765847245697,-1.60199614031012,-1.71165685499726,-1.82634141539509,-1.94530722119149,-2.06711129651538,-2.19085941590585,-2.31455896411978,-2.43642221592608,-2.55453118620244,-2.66667966447155,-2.7709161834305,-2.86448707662159,-2.94624090697506,-3.01500982834511,-3.06957356754275,-3.10904745237268,-3.1339001292134,-3.14409871361392,-3.14023230183812,-3.12280118509436,-3.09294159435336,-3.05191311446158,-3.00074929485988,-2.94060721207017,-2.8727229374535,-2.79817051544465,-2.71780445994946,-2.63289042568989,-2.54416035137855,-2.45282700526106,-2.35939160467126,-2.26480352347463,-2.16973425481145,-2.07470423989822,-1.98035777637569,-1.88718590137115,-1.7959093539997,-1.70667749872659,-1.61994508403252,-1.53585613702207,-1.45498451879153,-1.37730087734748,-1.30287927301839,-1.23207812298885,-1.16480149939756,-1.10097882546548,-1.04077916842349,-0.983995663554454,-0.930528509570227,-0.880342205771339,-0.833267163398196,-0.789199547196596,-0.747919416465873,-0.709342749285984,-0.673249743976557,-0.639552477135037,-0.608059448157536,-0.578635764106461,-0.551180786225898,-0.525480493538839,-0.501447086939719,-0.479002208824769,-0.457959901233988,-0.43826702172071,-0.419791383988427,-0.402485729639767,-0.386209071627095,-0.370932769020916,-0.356566729610341,-0.343040948823669,-0.330299822937393,-0.318273310005197,-0.306940293782055,-0.29623862157454,-0.286111853446876,-0.276529168596719,-0.267454279737066,-0.258846805856374,-0.25068026380055,-0.242935262411859,-0.235569645311037,-0.228568727154484,-0.221901997206508,-0.215547108049714,-0.209489679424438,-0.203720336601845,-0.198204971042882,-0.192934273214833,-0.187899753926681,-0.183080816419784
-0.201792348041774,-0.209809855316454,-0.218222860870075,-0.227258236757501,-0.236713801481952,-0.246695033390978,-0.257354714101832,-0.268565962844134,-0.280528205983232,-0.293253000048631,-0.306833889360121,-0.321278296373509,-0.336878231296315,-0.353146075008059,-0.370569398342719,-0.38856612727296,-0.40821706205033,-0.429407809145183,-0.452013780206247,-0.476375219919129,-0.502515290459242,-0.530364878288364,-0.560479490474208,-0.592831430618415,-0.627598367064953,-0.667103559986784,-0.704336616798759,-0.748032602022301,-0.794540174250399,-0.844675818728946,-0.898651685462939,-0.956772027420721,-1.01925655230242,-1.08626616655182,-1.15818632963752,-1.23509004552166,-1.31712039824997,-1.40409928515628,-1.49628865916158,-1.59341125533701,-1.69478499804973,-1.8002110391697,-1.90861295234965,-2.01910624067389,-2.13079437635645,-2.24188339421015,-2.35088324262468,-2.45603928594521,-2.55567471969871,-2.64818835466021,-2.73158652315776,-2.80449238087246,-2.86628962012259,-2.91579330840796,-2.95245060935459,-2.97615541684716,-2.98697929797181,-2.98526882815304,-2.97162012150363,-2.9470514795929,-2.91194066464948,-2.86742221221705,-2.81470069535495,-2.75453364779767,-2.68806774100909,-2.61608954871865,-2.53961457519788,-2.45944236882784,-2.3762543796,-2.29094481515663,-2.20413365402496,-2.11674689202049,-2.02901389023916,-1.94177279275434,-1.85533744299601,-1.77021076105361,-1.6868359934083,-1.60544184795562,-1.52649246611563,-1.45007925719287,-1.37652197810014,-1.30586204673385,-1.23826978841161,-1.17381461018781,-1.11253228648731,-1.05442998362643,-0.999387737612102,-0.947428231826588,-0.898441373984422,-0.852362758330505,-0.808955608611288,-0.768224724921789,-0.729989995378138,-0.694130110708352,-0.660521958239907,-0.629002151431083,-0.599495912411129,-0.571816059148792,-0.545857356451564,-0.521546355095563,-0.498742246667572,-0.477313504266598,-0.457243342776593,-0.438349549895913,-0.42060234500646,-0.403906015418069,-0.388197459122052,-0.373386446771854,-0.359420894146735,-0.346262096551401,-0.333819986079931,-0.322062196431919,-0.310944743758595,-0.300413306927833,-0.290452384127025,-0.280998801189764,-0.272029773771248,-0.263510430339059,-0.255413296371827,-0.247704261041156,-0.240370631079251,-0.233378836072886,-0.226746904386451,-0.220386080602888,-0.214333864853424,-0.208536846623525,-0.20300049953357,-0.197719781474228,-0.192645537071768
-0.215469489773797,-0.223890496200994,-0.232702037798842,-0.242121066680138,-0.252020054302912,-0.262472761731496,-0.273463114647904,-0.285264681159999,-0.297552431799228,-0.310890610746055,-0.324819076760649,-0.339740786243362,-0.355501392840418,-0.372399940129745,-0.389989937046204,-0.408994948493095,-0.429338788106588,-0.450941208355057,-0.474049778242687,-0.49885880101854,-0.525166450021702,-0.553708634258963,-0.58422196532895,-0.616670692027725,-0.652363167005584,-0.691465519604233,-0.727713278642901,-0.77147735582594,-0.817640417366678,-0.866984836945526,-0.919905592538161,-0.976599459911054,-1.03721973666475,-1.10187263860695,-1.17087425943631,-1.2442835320733,-1.32205428491599,-1.40416215181013,-1.49055234591255,-1.58084894953753,-1.67463752973713,-1.7716212380434,-1.87073597313101,-1.97125155667092,-2.07220727749202,-2.17204852770775,-2.26972977401338,-2.36395476373152,-2.45313674356783,-2.53559543851232,-2.61008936685949,-2.67559811532071,-2.73118875373003,-2.77631594306372,-2.80998148222676,-2.83252825976327,-2.84370546826324,-2.8435723260953,-2.83285352902592,-2.81216043506096,-2.78217091090844,-2.74350382352156,-2.69725649520075,-2.64390882838742,-2.58445343786208,-2.51985528269857,-2.45073134111653,-2.37809071352932,-2.30240347444001,-2.22457873222684,-2.14509933909361,-2.06458823966251,-1.98361974819725,-1.90275076485735,-1.82256002475388,-1.74322798090758,-1.66533821739145,-1.58903169813224,-1.51478956058205,-1.44277252157354,-1.37310288613692,-1.30594553571737,-1.24161992565596,-1.1799735052014,-1.12110150266152,-1.06516794276046,-1.01194981364875,-0.961513016319989,-0.913869971617944,-0.868759455931679,-0.826232432403895,-0.786157232923721,-0.748408382537729,-0.712908823135244,-0.679487734626888,-0.648074452675051,-0.618538613318477,-0.590778184389491,-0.564699165937151,-0.540183467037044,-0.517124284451582,-0.495433933309077,-0.475038022245286,-0.455807404034302,-0.437724749205566,-0.420662156905752,-0.404567532457109,-0.389394510592824,-0.375057303860747,-0.361510679180499,-0.348685728519343,-0.336569802035567,-0.325086173327742,-0.314198445421476,-0.303873066153008,-0.294070649442455,-0.284787556190152,-0.275937621292714,-0.267503468564662,-0.259483930089447,-0.251843705668624,-0.244585929657931,-0.237633610150941,-0.230998707224575,-0.224679303213625,-0.218619042344465,-0.212833147888551,-0.207297750847657,-0.201995587666871
-0.228724056558236,-0.237515725137216,-0.246726699547017,-0.256426733024051,-0.266827899680673,-0.277561428049125,-0.289074807508455,-0.301210229874631,-0.31403168104813,-0.327656933236327,-0.342126122379318,-0.357183603234727,-0.373127750948462,-0.390214871524943,-0.40866930262339,-0.428331151671043,-0.449046897366255,-0.471174836034517,-0.494589915823094,-0.519641770831651,-0.546386063973089,-0.574902860626195,-0.605559414490709,-0.638435973031464,-0.673637689602354,-0.712540822806204,-0.748980237466185,-0.792107867930841,-0.837473298510649,-0.885872240987375,-0.937544192486657,-0.992642764443562,-1.05125377945111,-1.11344474231112,-1.1795511497589,-1.2495146674968,-1.32305955585932,-1.40038110987487,-1.48128492919549,-1.56526585274243,-1.65210821203473,-1.7413005244068,-1.83199226219468,-1.92362482623752,-2.01510683598686,-2.10539067577966,-2.19344493229989,-2.27805049704648,-2.35809678882922,-2.43174717076672,-2.49877987656919,-2.55794640676447,-2.60826663351373,-2.64908843515344,-2.6800490730601,-2.70126360305439,-2.71228159045719,-2.71350344655561,-2.70527859889813,-2.68786776755395,-2.66196037604114,-2.62817249247491,-2.58728626312672,-2.53998169037576,-2.48687807910675,-2.42889435094496,-2.36643625781861,-2.30044049248903,-2.23151046925108,-2.16026107731403,-2.08740835979026,-2.01328250864775,-1.93866690756152,-1.86377208100209,-1.78922988131455,-1.71529831995552,-1.64246527668379,-1.57105465799553,-1.50123770899428,-1.43326357037401,-1.36731604054597,-1.30371118978949,-1.2424122440904,-1.18347708353241,-1.12711141805615,-1.07327742033759,-1.02188285505538,-0.9730884069842,-0.926745727083451,-0.88277981031684,-0.841191233943471,-0.801862891290181,-0.764707470443554,-0.729605481109306,-0.696510573272448,-0.665305151412634,-0.63588219755402,-0.608166588308978,-0.582040569697005,-0.557416799984538,-0.534198657602085,-0.512308925126864,-0.491686169135252,-0.472208569286245,-0.453834011484198,-0.436476855996609,-0.42008609832783,-0.404587680974053,-0.389913668944441,-0.376052885227037,-0.362906807350712,-0.350453007279531,-0.338636295852012,-0.327420787584355,-0.316762551851163,-0.306585939043289,-0.297140736808889,-0.287867888749579,-0.279186418412665,-0.270880978199673,-0.262972618817087,-0.255427487815447,-0.248214809632544,-0.241333961338315,-0.234750634914253,-0.228447186114621,-0.222432630539859,-0.216671032633908,-0.211142596075559
-0.241563003817912,-0.250685987445361,-0.260266207859221,-0.270311991019176,-0.281001510996026,-0.292164529236344,-0.303992585422268,-0.316499090957084,-0.329712171090697,-0.343735506469787,-0.35847851927411,-0.374048716963168,-0.390872769112634,-0.408380972016419,-0.426857116753484,-0.44662569994265,-0.467602524805138,-0.489903886768546,-0.513626125215893,-0.538961543601091,-0.565765781193468,-0.59440116605549,-0.624925456610155,-0.657413299110148,-0.692922634888289,-0.731034334592514,-0.768553729535887,-0.809923424658519,-0.854458023583875,-0.901711672717342,-0.951968469630499,-1.00532545230475,-1.06181101988416,-1.1216029028559,-1.18467721994933,-1.25109569818314,-1.32068277651801,-1.39343761726053,-1.46907846443357,-1.54723622569813,-1.62769882335143,-1.70976111637593,-1.79293880954647,-1.87666972260311,-1.95991172661589,-2.04178452900429,-2.12137661810448,-2.19761091013171,-2.26937384272351,-2.33598743457762,-2.39635711153475,-2.44987278806217,-2.4953466547113,-2.53252011822248,-2.56123476545777,-2.58094946565724,-2.5917856795115,-2.59383474108227,-2.58749981294444,-2.57290779121914,-2.55048087369139,-2.52090367138303,-2.48469276313175,-2.44247579350732,-2.39491507856536,-2.34261098573345,-2.28623699535883,-2.22630522934214,-2.16354717942048,-2.09831086420464,-2.03140257790886,-1.9631397480382,-1.89416300432728,-1.82487127900269,-1.75555662621737,-1.68675687767506,-1.61862571448434,-1.55170762554025,-1.48601243527656,-1.42195804583331,-1.35966447779604,-1.29928675973563,-1.2409333708291,-1.18473185185635,-1.13071132355646,-1.07901049931234,-1.0295153330427,-0.982303006826164,-0.937355736313677,-0.894584665562236,-0.853979116392654,-0.815495154823122,-0.7789780730811,-0.744430591274191,-0.711753030687799,-0.680848105360641,-0.651634294097118,-0.624017108511158,-0.59792069837471,-0.573276810190596,-0.549987320467125,-0.527993725456547,-0.507213422560541,-0.48754108589208,-0.468961380779651,-0.451379749175444,-0.434727263030498,-0.418968162081106,-0.404030954986058,-0.389883202935834,-0.376444129822335,-0.363717895406936,-0.351622139408152,-0.340120964159328,-0.329184674953258,-0.318844832037187,-0.308715945434043,-0.299455395383665,-0.2905027472727,-0.281944028519827,-0.273761374241768,-0.265956074753075,-0.258498998704674,-0.251374457149916,-0.244559482365884,-0.238036597298123,-0.231788324885031,-0.225803934924237,-0.220063144236152
-0.253975672931774,-0.263397975061754,-0.273286798653695,-0.283628132755813,-0.294662941757858,-0.306152089918092,-0.318195018287003,-0.331123154993496,-0.344574675717741,-0.358952230596076,-0.37404842564779,-0.390100493518062,-0.407004146406523,-0.42483031590807,-0.443598293662117,-0.463577628152602,-0.484891559129544,-0.50738585428293,-0.531231887050944,-0.5565731897816,-0.58365009180445,-0.612127978164718,-0.64244181675981,-0.674712601742861,-0.708878661904496,-0.747278564193524,-0.783440524316319,-0.82522858491212,-0.868737289325195,-0.914767909465736,-0.963524172864199,-1.01506298319125,-1.0693876482252,-1.12663611119194,-1.1868129184339,-1.24978550516947,-1.31548759019802,-1.38389008134003,-1.45456175003387,-1.52732621407237,-1.60196009711573,-1.67770125971038,-1.75415389486113,-1.83072396309187,-1.90649587671902,-1.9808416548893,-2.05306105877798,-2.12211178579846,-2.18715146046633,-2.24726783274655,-2.30181214476991,-2.35016765560048,-2.39149986174202,-2.42541217921119,-2.45186855336978,-2.47032331241835,-2.48088314309305,-2.48356383135091,-2.47863171972297,-2.46620323461902,-2.44672878123008,-2.42084254747359,-2.38880853316851,-2.35105962059209,-2.30837594487094,-2.2611278003209,-2.21002824331011,-2.15552695331845,-2.09821132292407,-2.03859406684218,-1.97711711011168,-1.91427584216339,-1.85042284272444,-1.78622128191773,-1.72177082061746,-1.65764644607998,-1.59406885918008,-1.53127521413795,-1.46955595227418,-1.40912317924048,-1.35027755773187,-1.29298913554911,-1.23752892458247,-1.1838835289906,-1.13228886506348,-1.08262985795725,-1.0349826806672,-0.989445214396416,-0.945888868898576,-0.904342145572308,-0.864829332412249,-0.827178286008085,-0.791420610115297,-0.75749011859743,-0.725291023841954,-0.694742734165425,-0.665798874492761,-0.638380525188343,-0.612418827390089,-0.587835302654048,-0.564556638047279,-0.542522122117805,-0.521627002480262,-0.50185543349065,-0.483128484718239,-0.4653613514529,-0.448524992563079,-0.432556900405085,-0.417380875784028,-0.403000657874983,-0.389334517205196,-0.376355571252818,-0.363994440662506,-0.35224987132991,-0.341076178051998,-0.33045031248749,-0.320316330933899,-0.310635546321509,-0.301413127592875,-0.292605734729426,-0.284187607230097,-0.276143123320777,-0.268451598815541,-0.261104737226638,-0.254074016116454,-0.247337641043747,-0.240885687939899,-0.234696365287213,-0.228762164449446
-0.265956232312764,-0.275605281460542,-0.285823460727133,-0.296393050800088,-0.3077302420997,-0.319486603414771,-0.331923248886903,-0.344993474087084,-0.358822622573729,-0.373371017344767,-0.388823181120291,-0.405046149191633,-0.422137231900207,-0.440250215563072,-0.459364024629795,-0.479496222772464,-0.500857106247714,-0.523510196844518,-0.54753910070654,-0.572791569931947,-0.599681140022573,-0.628144055528702,-0.658391436045692,-0.690112372832689,-0.723172237681587,-0.762495272665904,-0.799919659845872,-0.838203531186264,-0.880474414125174,-0.925214849183582,-0.972403586987949,-1.02209650172735,-1.07426393247805,-1.12900760910565,-1.18631378797357,-1.2459700649457,-1.30798911591534,-1.37224845215232,-1.43833859078815,-1.50615882495123,-1.57530430409366,-1.64524107939365,-1.71561705722537,-1.78581874440354,-1.85510962694596,-1.92293335120322,-1.98855698854259,-2.05112499110275,-2.11002063709779,-2.16466376350615,-2.21419280422669,-2.25802435345815,-2.29568661507262,-2.32668630541585,-2.35096640616003,-2.36830272860972,-2.378396271253,-2.38162181654183,-2.37784627595265,-2.36720576415885,-2.35036392121252,-2.32741698336619,-2.29887371089981,-2.26514636664219,-2.22678426075774,-2.18417763783017,-2.13774938601796,-2.0881274295681,-2.03567624503062,-1.98104650277342,-1.92447875572125,-1.86657420854289,-1.80764225569012,-1.7480637934688,-1.68816153217946,-1.62831487324833,-1.56886746767031,-1.50994665795005,-1.45200354609531,-1.39509905395103,-1.33941983508893,-1.28512475741566,-1.23238781638318,-1.1813306435952,-1.1320159814674,-1.08434795935279,-1.0385722578491,-0.99464402474461,-0.952524555704099,-0.912253745066194,-0.873803650188416,-0.837096092251763,-0.802139618014438,-0.768852058490024,-0.737199146953746,-0.707099114831475,-0.678518318709139,-0.651379762782353,-0.62562193130799,-0.601140159022718,-0.577927167168794,-0.55589225302455,-0.534996869289082,-0.515167397399746,-0.496341398663214,-0.478463809157247,-0.461519858123618,-0.445402783931865,-0.430004950696133,-0.415431882863431,-0.401547346142475,-0.38835440068535,-0.375811385238166,-0.36385138800567,-0.352460049215213,-0.341615511419799,-0.331250249191023,-0.321367458766211,-0.311904137481174,-0.30288918233006,-0.294248059948194,-0.285979961941542,-0.278085673312156,-0.270534382043155,-0.26330927192936,-0.256363679153767,-0.249712027706888,-0.243337737116204,-0.237232800063218
-0.277476046978088,-0.287422222693308,-0.297832601167714,-0.30869970553381,-0.320195131329058,-0.33228812457368,-0.344910703457787,-0.358231275329942,-0.372318989063394,-0.387100871863637,-0.402721158982974,-0.419188948398094,-0.436462945468086,-0.454652980058587,-0.473927887614239,-0.494294681879899,-0.515701975831913,-0.538358348839865,-0.562253478126552,-0.587690825267905,-0.614337693009164,-0.642578692213892,-0.672494343682642,-0.704186779768167,-0.737402266733534,-0.773506266616822,-0.811765401647276,-0.848916896443551,-0.890078780890826,-0.933417549711303,-0.978958840551694,-1.02675445471715,-1.07676962043252,-1.12905045330982,-1.18352234336194,-1.24002613189574,-1.29854687285784,-1.35885602090422,-1.42071954155456,-1.48393501974816,-1.54804076890425,-1.61273279743733,-1.67764624529857,-1.74214246654618,-1.80564734678419,-1.86765596726683,-1.92742990125839,-1.98440519002309,-2.03819648749187,-2.08760509305883,-2.13272787937526,-2.17260441370527,-2.2069112898032,-2.23548549396203,-2.2578891426473,-2.27393220300181,-2.28362531273469,-2.28703444591215,-2.28420388380534,-2.27522660136199,-2.26057846945928,-2.24021994239144,-2.21469405685388,-2.18444831778584,-2.14978515291423,-2.11120113101062,-2.06904920712662,-2.02386042521748,-1.97596301812052,-1.92575946332045,-1.87371766824289,-1.82021003028987,-1.76569719536874,-1.71034560639754,-1.65471146605042,-1.59893682932776,-1.5433251065025,-1.48810819311536,-1.4335920177169,-1.37995031425534,-1.32729642186496,-1.27591587581427,-1.22580936181894,-1.17716286767625,-1.12996367697335,-1.08439684494278,-1.0404194464674,-0.998122434845202,-0.957436092712116,-0.918439395851019,-0.881111542235536,-0.84536654333704,-0.811254297363159,-0.778709222241606,-0.747618118873594,-0.718025769905869,-0.689856907439266,-0.663033268468408,-0.637502515362007,-0.61323804428938,-0.590135419604508,-0.568186560422189,-0.547339707921505,-0.527508676590571,-0.508599653545698,-0.490814782880376,-0.473074749146156,-0.457186483509711,-0.441879785412034,-0.427132966319223,-0.413036692628255,-0.39974063211759,-0.38706900636032,-0.374931177466902,-0.363341925306624,-0.352279605459477,-0.341708422707341,-0.331605994099009,-0.321957067053599,-0.312881764098953,-0.303871842971129,-0.295351771018195,-0.2872767105371,-0.279846944940113,-0.272102589670979,-0.264912465691162,-0.258284556460725,-0.251810254078758,-0.244896851161616
-0.288563030586147,-0.298710073902224,-0.309353941109646,-0.320450661210469,-0.332137744056336,-0.344465197823725,-0.357231373248419,-0.370841910924801,-0.385042845340933,-0.400032076139736,-0.415873870892645,-0.432525897804056,-0.449837551019998,-0.468076719154483,-0.48745527324516,-0.507840280745479,-0.529392592751874,-0.551965592209491,-0.575841039935004,-0.600911799857671,-0.627601537489907,-0.655448177564726,-0.684995210624597,-0.716087155631911,-0.749038533568587,-0.782841408998405,-0.821576441492988,-0.857708509865805,-0.897569091393288,-0.939507510676132,-0.983446347983814,-1.02932713410239,-1.07720232651915,-1.12707583789437,-1.17878947786969,-1.23228510026473,-1.28748711661023,-1.34408139612518,-1.40197318181895,-1.46098109257887,-1.52059147858117,-1.58052875963006,-1.64042508000916,-1.6997068946477,-1.75796187318833,-1.8147979029553,-1.86960335645972,-1.92163861042453,-1.97051154988465,-2.01566874319292,-2.05676233431275,-2.09319533598871,-2.12452804112374,-2.15072642278068,-2.17139790314592,-2.18641214855415,-2.19576377923694,-2.19928756778817,-2.19712543345741,-2.18944688803509,-2.1765585331932,-2.15856271816006,-2.1357663573355,-2.10861481220852,-2.0772723141984,-2.04221784600351,-2.00386233774444,-1.96252881597321,-1.91866509836744,-1.87255631256988,-1.82470488909698,-1.77531571730965,-1.72478113900489,-1.67342327035408,-1.62158650231631,-1.56954519602753,-1.51748590154212,-1.4657819606109,-1.4145353809383,-1.36395795210041,-1.31420923070189,-1.26551967473656,-1.21795291353733,-1.1715838330421,-1.12656656039434,-1.08293433030324,-1.04077964768042,-1.00001709873026,-0.960784760464991,-0.923079327263417,-0.886835471953554,-0.852085758693677,-0.818873745995794,-0.787016670609311,-0.75656942953271,-0.727544389750627,-0.699808026377951,-0.67338527397499,-0.648288311254049,-0.624169243475472,-0.60127285475478,-0.579381367709739,-0.558688323453519,-0.538987628668523,-0.520013465590063,-0.501847588935185,-0.484385675297341,-0.468899640720559,-0.453043277857833,-0.43818292164643,-0.423781589837635,-0.411029563297171,-0.396674249794373,-0.385476352465039,-0.373675911069898,-0.361965530905712,-0.351930154735165,-0.341145074642411,-0.3315727287376,-0.322678231688071,-0.312416948173067,-0.304135720184921,-0.2962762381584,-0.288287546185778,-0.280559904264082,-0.273532197694882,-0.26639246939817,-0.260045262742334,-0.253343928249199
-0.299196768119749,-0.309498334003426,-0.320376677238093,-0.331646169179006,-0.34351106490597,-0.355988972855562,-0.369031245472998,-0.382658665021404,-0.396974134937843,-0.412010479052573,-0.42805833078189,-0.445741085759209,-0.462011647505338,-0.480534711650729,-0.500060251045573,-0.520420560810922,-0.541943708089024,-0.564446088853623,-0.588136738202872,-0.613116924305776,-0.639307001027839,-0.666972968909992,-0.695959137824055,-0.726494028483294,-0.758524873007801,-0.792632253617668,-0.829273044264756,-0.864457192901718,-0.90325927146258,-0.943769902277082,-0.98606578433582,-1.03006977327539,-1.0758482805073,-1.12336382526723,-1.17241802689826,-1.22304223252089,-1.27509503835232,-1.32828345982648,-1.38253351564216,-1.4375534862858,-1.49297362686041,-1.54857170468539,-1.60398571987884,-1.65868327807068,-1.71232564328749,-1.76449045787142,-1.81465136751356,-1.86232598168279,-1.90694662479605,-1.94831586773191,-1.98581944407774,-2.01912027353294,-2.04790462377261,-2.07197964245551,-2.09112641211248,-2.10506437988752,-2.11395693746414,-2.11756671809855,-2.11603348877641,-2.10947169765041,-2.09810601299496,-2.08203286249755,-2.06160355024073,-2.0371003581293,-2.00878412177426,-1.9769576389795,-1.94201367539894,-1.90417295905582,-1.86392053364477,-1.8215211317625,-1.77734485638571,-1.73172157914156,-1.68487646259053,-1.63725883414561,-1.58895790172977,-1.5403590800084,-1.4916337015659,-1.44311666490256,-1.39491684706504,-1.34723802027475,-1.3002949380047,-1.25416276861974,-1.20896996352199,-1.16481657001944,-1.12187906202947,-1.08017023708839,-1.0396836662804,-1.00051616725244,-0.962695511296926,-0.92623620268719,-0.891122552366873,-0.857336542908599,-0.825773652124366,-0.793948723069002,-0.764367737814149,-0.735949725924389,-0.708647124964123,-0.682677632297979,-0.657855815164153,-0.633920425857495,-0.611164620885612,-0.589734871187547,-0.569320492504427,-0.549243228695944,-0.530624450232132,-0.512050760760058,-0.494984807757098,-0.479155892979734,-0.463828252324307,-0.448416374324533,-0.434323822501027,-0.420128186108212,-0.407475065595415,-0.395167992119811,-0.383712450334814,-0.371850153335582,-0.36117591378712,-0.350964360902802,-0.340949450467583,-0.331836861444435,-0.32240518704128,-0.31315555443373,-0.304883381210613,-0.297088027401505,-0.28912979217264,-0.281694062716343,-0.274644911171751,-0.267801450479932,-0.261243542930229
-0.309374446084246,-0.319877308540448,-0.330857352484655,-0.342356164298203,-0.354323768405582,-0.366972872908894,-0.380175354238817,-0.393982312076155,-0.408395523780711,-0.423376788328146,-0.438912612323131,-0.455967560597986,-0.473684818473473,-0.492202273661294,-0.511659160271866,-0.532045124019559,-0.5532050584048,-0.575675305582158,-0.599244580280249,-0.623920470239411,-0.649759947312116,-0.67700496274733,-0.70549634372769,-0.735417132196383,-0.766574038107836,-0.798943065545085,-0.834757937824094,-0.869946993914857,-0.90728770104815,-0.946364970662821,-0.987006264619984,-1.02918583263107,-1.07292834031967,-1.11814472808362,-1.1647170248818,-1.21262290047516,-1.26165886885877,-1.31167301649337,-1.36250097419134,-1.41382900227574,-1.46544797470422,-1.51711313693844,-1.56841527828458,-1.61895498914652,-1.66842111064663,-1.71639246796452,-1.76247016926624,-1.80623120555132,-1.84710639161497,-1.88504083705799,-1.91929825730697,-1.94991182163901,-1.97645351088685,-1.9986714160124,-2.01628530190976,-2.02931600723606,-2.03768511096559,-2.04130980512512,-2.0402491683882,-2.03470945178414,-2.02471041820953,-2.01028276844462,-1.99193769138506,-1.96975806400501,-1.9440458570389,-1.91507847425153,-1.88315783451347,-1.8485624810157,-1.81160380150021,-1.77258481889934,-1.73175485390015,-1.68954559939803,-1.64609655289607,-1.60178490731862,-1.55681195507095,-1.51141338270086,-1.46583956221946,-1.42026756691662,-1.37492739381369,-1.32993750478802,-1.28558157862736,-1.24192946007831,-1.19909641390949,-1.15711598150532,-1.1161681110783,-1.07623023498881,-1.03737224008132,-0.99975443030263,-0.963404059419365,-0.928178057814559,-0.894272873646864,-0.861673595288777,-0.830657040560924,-0.799499335833744,-0.771143407998883,-0.743327761767216,-0.715739153840926,-0.692010162896221,-0.665435475881663,-0.642562259437513,-0.621038708841223,-0.597430632343507,-0.578754516935614,-0.558745332341537,-0.539210962625104,-0.522402605487667,-0.505214360868259,-0.487727196780988,-0.472350552604643,-0.458177912790917,-0.444044269410845,-0.429944403983628,-0.416721666310931,-0.404593747461793,-0.392265149116461,-0.380558464748626,-0.370239999186899,-0.359743993697631,-0.349609146394907,-0.34004449761172,-0.330706575490786,-0.321730816527681,-0.3132239354541,-0.305109790775902,-0.29722264627673,-0.289552542356201,-0.282453526142355,-0.275444163981393,-0.26870665431234
-0.319126540138224,-0.329749776483797,-0.340887442342334,-0.352514745628204,-0.364595415357415,-0.377355790539305,-0.39065284088587,-0.404577740483121,-0.419575411544689,-0.433709996453541,-0.449736636346994,-0.467291763730891,-0.484933851172787,-0.503125137256703,-0.522291301315702,-0.542521988307317,-0.563667633807826,-0.58593313500025,-0.609176096475876,-0.633535007094873,-0.6590522871461,-0.68568401920989,-0.713754715245824,-0.742928634653966,-0.773020090896563,-0.805374804954448,-0.84168993365729,-0.873660989408242,-0.909847634576538,-0.947461069502164,-0.986478575957641,-1.02687553906844,-1.06864307689751,-1.11164502666262,-1.15585074682888,-1.20117000077692,-1.24736535266739,-1.29437772205175,-1.34207039618523,-1.39008301554949,-1.43822564644202,-1.48623954892081,-1.53375381604173,-1.58048235771136,-1.62624588377402,-1.67053141927384,-1.71291378654483,-1.75308674982719,-1.79072053560242,-1.82546505925308,-1.85705199024486,-1.88515360175057,-1.90954249790903,-1.92999860265321,-1.94638719121325,-1.95856104035754,-1.96646101235623,-1.97008315914646,-1.96943244022882,-1.9646242238429,-1.9557306361156,-1.94286950114743,-1.92637250901363,-1.90631952141194,-1.88291179536454,-1.8565003499024,-1.82723781460629,-1.79549042171357,-1.76146634500995,-1.72551470258967,-1.6878557312373,-1.64875620573355,-1.6084395531006,-1.56716965497787,-1.52521160956021,-1.48275684312102,-1.44005944814802,-1.39729689571093,-1.35464390883501,-1.312268813449,-1.27032434264093,-1.22904022335419,-1.1884841416754,-1.14785461007246,-1.11070142646397,-1.06935933786862,-1.03460214105758,-0.998531060779167,-0.963627556534903,-0.929490122805627,-0.895755765403155,-0.864564930436253,-0.834889238061413,-0.804069888667148,-0.775918664780581,-0.748876691190911,-0.722281568161421,-0.697427846491293,-0.673494469747738,-0.650653085025711,-0.628826526507381,-0.607469634314034,-0.587693771930557,-0.567199772018505,-0.548166026757386,-0.530989393646788,-0.514128815995994,-0.497811802558015,-0.481579066909893,-0.467776918735212,-0.452858706287071,-0.439205054247357,-0.426853070047071,-0.413783059230731,-0.401021927379274,-0.390107303130667,-0.378343232614722,-0.367898840971489,-0.357978032250243,-0.348276870293556,-0.338926220107504,-0.329885916249487,-0.321277102168769,-0.312969087873957,-0.305022225293076,-0.297348967841064,-0.289912206154884,-0.282832291862807,-0.275927856606699
-0.328427333747077,-0.339165486502358,-0.350410022068135,-0.362128773100086,-0.374352010199081,-0.38716371822664,-0.400524473228594,-0.414456005834998,-0.428987919177557,-0.442900901719859,-0.460201713967195,-0.477261077940501,-0.494724764313918,-0.513016255625912,-0.532103214399147,-0.55214391750979,-0.573173616472458,-0.595033107750272,-0.617999127670038,-0.641999551762769,-0.667097682330957,-0.693363051295868,-0.720769292305832,-0.749386619463606,-0.779233681895806,-0.810412708333194,-0.843483326004784,-0.876083598933052,-0.911095708971416,-0.947208453068197,-0.984660874111947,-1.02331778571307,-1.06316561179488,-1.10405357515237,-1.14599155494863,-1.18885606551399,-1.23245319002728,-1.27670789426149,-1.32141808900598,-1.36630695465951,-1.41123314543302,-1.45596469103767,-1.5001377203785,-1.54353333559505,-1.58583487598854,-1.62663247381778,-1.66581316882074,-1.7027838918062,-1.73743181378465,-1.7694673144989,-1.79856445744262,-1.82440863612712,-1.84690854630249,-1.86581355725848,-1.88099828547201,-1.89241574002313,-1.89985962691883,-1.90339821552206,-1.903110255072,-1.89894694270191,-1.89097839523872,-1.87941930498181,-1.86449310380278,-1.84629111459727,-1.8250430323973,-1.80095179186758,-1.77415708672271,-1.74494474454148,-1.71357918490406,-1.6803420127501,-1.64546211089328,-1.60922786569123,-1.57191803806647,-1.53317815331019,-1.49391603569725,-1.45409214378815,-1.41411663015381,-1.37456841857383,-1.33558802552062,-1.29293416784396,-1.2547409518888,-1.21688763685397,-1.17568085181861,-1.13745465226835,-1.10178120623615,-1.06522226038792,-1.03085508461533,-0.996472769017137,-0.960959015613983,-0.928639895329998,-0.896932068958725,-0.865911564130647,-0.836276934777517,-0.805717064901807,-0.779974750621004,-0.754062369018994,-0.728725978859671,-0.702461205083445,-0.679433916843562,-0.657956334678462,-0.634782428784731,-0.615460732639467,-0.595168271427915,-0.575210496971325,-0.556720873061462,-0.539389938018523,-0.522554523178378,-0.506337793573405,-0.490872344673479,-0.475990276743529,-0.461511069076667,-0.447814309104241,-0.434459443318543,-0.423008856241475,-0.41019658808468,-0.398332406094501,-0.386999737270329,-0.376256593620263,-0.366100841308467,-0.356296908709553,-0.346794609492965,-0.337697714833761,-0.329024302207502,-0.320600556762876,-0.312508380486703,-0.304693899162379,-0.297174395590836,-0.289912061129563,-0.282972166920421
-0.337274298847531,-0.348136963844782,-0.359420122196129,-0.371270621410241,-0.383501227604561,-0.396430762039239,-0.409889938918205,-0.423703008026794,-0.437609429311636,-0.453422258328048,-0.46992365234174,-0.486492158827916,-0.503833036866159,-0.522039307324002,-0.540999221832728,-0.560910090479217,-0.581619438333989,-0.603249478147425,-0.625900044573039,-0.649544291307358,-0.674235779335877,-0.699947770464102,-0.726650469330343,-0.754433685434309,-0.783752819454136,-0.814060831800713,-0.845400930152931,-0.877556664513371,-0.911045678097863,-0.945883905298207,-0.981724344022886,-1.01867889742112,-1.0566610743188,-1.09556986570855,-1.13537411165194,-1.17590511824081,-1.21705558869474,-1.25870471044904,-1.30063039731054,-1.34268510686658,-1.38468882425548,-1.42637386032031,-1.46746726520797,-1.50778306846977,-1.54690646521103,-1.58474433667744,-1.62091238446956,-1.65505902018007,-1.68700418619896,-1.71651110248672,-1.74337584743679,-1.76731371825932,-1.78810216414056,-1.80562032012988,-1.81969926360823,-1.83028087990537,-1.83733797596664,-1.84084522930456,-1.84073080352455,-1.83723799663048,-1.83016683390037,-1.81977073718765,-1.80603405910347,-1.78967316768402,-1.77021284271863,-1.7480098207817,-1.72331077469312,-1.69761139441195,-1.66881884410756,-1.63682939771217,-1.60804925544153,-1.57263149704612,-1.54013411441,-1.50130965072932,-1.46574412872406,-1.42924464527672,-1.39074361134871,-1.35296981773521,-1.31608335469763,-1.27701900451834,-1.23963926650838,-1.20235725703132,-1.16451121281061,-1.12725863425062,-1.09336887409892,-1.05872960250997,-1.02373417895914,-0.991703212598783,-0.958765853518356,-0.927193880389471,-0.896698491162664,-0.867315544115196,-0.838872784247678,-0.810429247260707,-0.783627739330612,-0.757528273500544,-0.731934117485518,-0.708149098682339,-0.68538175038539,-0.664157924765923,-0.642166233691746,-0.62239467882131,-0.602250922934583,-0.582426773652384,-0.564319991129977,-0.547004906907633,-0.53025926634875,-0.514169803890997,-0.498696323774416,-0.48379162553029,-0.469469626475343,-0.455695344299668,-0.442431158694353,-0.430202875182887,-0.417995285172391,-0.406247826796569,-0.394951493219146,-0.384137129268655,-0.373845643126504,-0.363914980653628,-0.354389455517558,-0.345189338323411,-0.336352563478055,-0.327851147574311,-0.319657869299122,-0.311720651814824,-0.304157785443187,-0.296782495939915,-0.289715982803864
-0.345728164798467,-0.35661736483725,-0.368015329696666,-0.379869256876359,-0.392227223137363,-0.40506653497708,-0.418670283302662,-0.432721115104483,-0.445980994258108,-0.462663721294536,-0.478485251358553,-0.495073682598767,-0.512287903015205,-0.530350680124103,-0.549215742736345,-0.568796364741491,-0.589417589978473,-0.610664598780513,-0.632950328612553,-0.656178731084705,-0.680228324225133,-0.705387267446703,-0.731438795372013,-0.758582437113036,-0.786664127567487,-0.815632854343533,-0.846777674020127,-0.877369272377482,-0.910009593778644,-0.943405288757627,-0.97777531663277,-1.01312578380906,-1.04931691263017,-1.08632890098269,-1.12409077866277,-1.16240443293428,-1.20120754571791,-1.24046754212486,-1.27985856522536,-1.31928737884488,-1.35858358864736,-1.39744071405115,-1.43566707075891,-1.47314631541227,-1.5095887688406,-1.54460945152849,-1.57808362799641,-1.60968735402882,-1.63930455493784,-1.66658716143765,-1.69130842297444,-1.71355395130638,-1.73279569803738,-1.74902341622321,-1.76255238566732,-1.77223277113568,-1.77868741747156,-1.78258429892812,-1.7817428972276,-1.77870561865085,-1.77310407118833,-1.76422897944979,-1.75473985353716,-1.73941547491471,-1.72181340303186,-1.70051242116463,-1.67599683049066,-1.65230207773506,-1.62171275418501,-1.59655204677859,-1.56728064865658,-1.53432510660355,-1.50483749975566,-1.47152958726253,-1.4357736112415,-1.40014204461543,-1.36448642137182,-1.33066838292496,-1.29501218761807,-1.25768317662829,-1.22270802048017,-1.18721081673433,-1.15163268645254,-1.11708012325015,-1.08380025152256,-1.04986501446004,-1.01732530684069,-0.987053606071002,-0.954960349634843,-0.925775912632385,-0.894970301710328,-0.866856958822008,-0.83908209885121,-0.81203349127729,-0.786548221915256,-0.761649172525679,-0.736537588977178,-0.713125899178058,-0.690728817268737,-0.669171819206047,-0.648056090375054,-0.627924121261287,-0.608335217019863,-0.589218851185174,-0.571155239117424,-0.55390625911315,-0.537295795993912,-0.521314047816163,-0.505889598588298,-0.491095198463412,-0.47684400047167,-0.463178228400928,-0.450059915097268,-0.437521262413245,-0.425391379986134,-0.413623212749786,-0.402379566093891,-0.391530777081833,-0.381178619680498,-0.371176028198118,-0.361562995697214,-0.352305944867859,-0.343370839696062,-0.334814761056971,-0.326508233304968,-0.318555814543211,-0.310853832938449,-0.303395035052233,-0.296250902551087
-0.353719603480384,-0.364699211678314,-0.376103656081466,-0.388015868963955,-0.400379334110265,-0.413255642839543,-0.426688247854224,-0.440356107851512,-0.454899238299855,-0.470521009325043,-0.486348699793259,-0.502829492303541,-0.51998614576924,-0.537840759207076,-0.556525226404612,-0.575877580521358,-0.596090418846952,-0.617108922822823,-0.639076879842046,-0.661687547694861,-0.685316503675078,-0.709747285129755,-0.735197239544634,-0.76182750730746,-0.788908606351826,-0.816773220876648,-0.847083104676887,-0.876703058394687,-0.908028109211388,-0.940097904744158,-0.972775129902866,-1.00662753056485,-1.04113591425215,-1.07638023768377,-1.11218230165362,-1.14844913232921,-1.18514928119593,-1.22215281863885,-1.25916724718181,-1.29622200415319,-1.33305768048842,-1.36935876824077,-1.40507965622134,-1.43994574437017,-1.47377016285932,-1.50686341746429,-1.53828501029762,-1.56736025372968,-1.59471859417363,-1.61955556232233,-1.64476749130062,-1.66312141299963,-1.68244623716761,-1.69823701732072,-1.71082474441842,-1.71999389460051,-1.72577948559038,-1.72841688315328,-1.72851668353296,-1.72447591559654,-1.71979849484278,-1.71124109148467,-1.70024777905532,-1.68534304096027,-1.66830565100681,-1.65072042510229,-1.63017341350407,-1.60862986344383,-1.58185692459852,-1.5554306862368,-1.52884499284629,-1.49961029357163,-1.46913054480378,-1.43749687968193,-1.40578764752862,-1.37364618413865,-1.34055425808248,-1.30575703469736,-1.27463317903582,-1.23917986313439,-1.20637999642395,-1.17260697688133,-1.1395422733116,-1.10681241294781,-1.0747019059042,-1.04272846315936,-1.01180265420587,-0.981373175032283,-0.952062806371878,-0.923853575476943,-0.892925355842794,-0.865805622337264,-0.839004495739902,-0.812738983194372,-0.786824723330486,-0.764399607823941,-0.740073633567572,-0.717113380370953,-0.694915596487097,-0.673564770946748,-0.652960240268579,-0.633072162626902,-0.613815192537755,-0.59521896972749,-0.577326818839797,-0.560207743259971,-0.543714709561292,-0.527848274610152,-0.512579947804945,-0.497892447904247,-0.4837659207161,-0.470141572367649,-0.457040205342753,-0.444471064866085,-0.432340527948949,-0.420602026398454,-0.409381753377079,-0.398509107906521,-0.388107564953207,-0.378059514877716,-0.368392872489389,-0.35907075284085,-0.350067940417791,-0.341454052993269,-0.333102005112172,-0.325010728439252,-0.317267018025438,-0.309745450863937,-0.302541591379456
-0.361318159597788,-0.372316313784615,-0.383757813501593,-0.39566284833049,-0.408029495171093,-0.420878916190524,-0.434230305670304,-0.448045897130952,-0.462637112806224,-0.477789335981292,-0.493598508975858,-0.509907612628312,-0.527006159432259,-0.544641686961216,-0.563080926781627,-0.582167855979464,-0.602084587736468,-0.622720885022085,-0.644148841131229,-0.666457309896049,-0.689503915926239,-0.713564757896195,-0.738277057453005,-0.763921802781741,-0.790461844784957,-0.818038543527441,-0.846384284047066,-0.875471692581721,-0.905126603075425,-0.935951549383665,-0.967397700789973,-0.999673197644633,-1.03259019849355,-1.06610156705391,-1.10012143810476,-1.13470567011134,-1.1699559728854,-1.20536416973545,-1.23891794823069,-1.27428384440712,-1.30920099676101,-1.34178906753185,-1.37489584217183,-1.40859941040982,-1.43929021367947,-1.47077579351041,-1.49963137220059,-1.52794953719489,-1.55449877002701,-1.57500126013745,-1.59649817004746,-1.6172033352317,-1.63151795437351,-1.64535670569957,-1.65657877535694,-1.66489026511483,-1.67154806833303,-1.67545642594076,-1.67628937260672,-1.67496338454854,-1.67009760282926,-1.66101565204566,-1.65024231762393,-1.63669867690468,-1.62212100015707,-1.60532111731966,-1.58647939929585,-1.56600793014141,-1.54365871806648,-1.51601640491485,-1.4922399929451,-1.46509078530515,-1.43687648545473,-1.4076750561111,-1.37797789913688,-1.34801343031459,-1.31548130722313,-1.28522552754631,-1.25403473402224,-1.2213516993026,-1.18978475621374,-1.15810003116944,-1.1266327910985,-1.09545333297654,-1.06482971386604,-1.03437848432056,-1.00475287024896,-0.975442098440369,-0.946966136163677,-0.919039454470018,-0.890995681605557,-0.864367503458623,-0.838502362677963,-0.81335804347925,-0.789028890597871,-0.765207060728265,-0.742025077028639,-0.719805174466946,-0.698178322125443,-0.677232411593822,-0.657060464166752,-0.637509330802434,-0.618598746711937,-0.600325867293968,-0.582790944246993,-0.565831254812766,-0.549569185761771,-0.533874375095252,-0.518725995731308,-0.504143112546459,-0.490103299202711,-0.476553561415927,-0.463519083980709,-0.450964928837116,-0.438867529104124,-0.427167003879341,-0.415929840462348,-0.405090212224925,-0.394633514031846,-0.384572566378424,-0.374859505811514,-0.365500354569638,-0.356462065880965,-0.347786022152374,-0.339376517771752,-0.331268163920942,-0.323422944479919,-0.315865490756005,-0.308553475580226
-0.368498738090161,-0.379509331958158,-0.390959830235439,-0.402845927942833,-0.415218675393771,-0.427998800998599,-0.441320854389081,-0.455163854669732,-0.469623563441809,-0.484694303901054,-0.500224846928972,-0.516440462965857,-0.53323056966413,-0.550738939555736,-0.568855439865412,-0.587727648640568,-0.607219584884041,-0.62753816580591,-0.64852743814672,-0.670354664116429,-0.6929248908553,-0.716262505940823,-0.740472337516363,-0.765411219925877,-0.791139601175243,-0.817706864791337,-0.845011629705233,-0.872981102445915,-0.902102272239988,-0.931453502988304,-0.961434892972722,-0.992043255528503,-1.02154251768082,-1.05623500149392,-1.08800086277436,-1.11887750940414,-1.15361741598776,-1.18616704882283,-1.21802081900442,-1.25216602938744,-1.28389072774815,-1.31589455253626,-1.34730299152559,-1.37848000875189,-1.40543378779023,-1.43484372919932,-1.46196252500466,-1.48537901999751,-1.51066442013202,-1.53220082869057,-1.55169554811616,-1.56959986910496,-1.58533071162773,-1.59805679512551,-1.60852883273454,-1.61664248490951,-1.62269634798543,-1.62587552196917,-1.62670852346094,-1.62389908488065,-1.61845691721186,-1.61267773940053,-1.60305441818959,-1.59145806071972,-1.57775003553075,-1.56217867582151,-1.54476400364687,-1.52542998110994,-1.50421502049644,-1.48095201365462,-1.45719269162285,-1.43203636942264,-1.405890798634,-1.37842425215864,-1.35071518804823,-1.32190570109809,-1.29320069666745,-1.26762192935816,-1.23353052365689,-1.20325746117579,-1.17335245142601,-1.14324516873256,-1.1134238429785,-1.08384531035311,-1.05452442534019,-1.02562149885136,-0.997110645923174,-0.969071555092847,-0.941684653708436,-0.914693556742584,-0.888102963491694,-0.862321141322521,-0.837315990866354,-0.812883768193422,-0.789195575578995,-0.766079450836016,-0.74359373454914,-0.721843678066694,-0.700690009802872,-0.680248953144987,-0.660473742144651,-0.641321339930754,-0.622782423085278,-0.604861671557596,-0.587571394083319,-0.570914216938675,-0.554820834837624,-0.539291411072758,-0.524322969777773,-0.509874312221412,-0.495932696897443,-0.482503859718472,-0.469517932420714,-0.457016035575323,-0.444951193869321,-0.433318439447239,-0.422077482388907,-0.411230201050208,-0.400801877988299,-0.390719984749987,-0.380991404502854,-0.37161086053094,-0.36254256091214,-0.353799721449309,-0.345368804620263,-0.337208504171961,-0.329334997298164,-0.321706756004155,-0.314339640353805
-0.375265433013709,-0.386295113213551,-0.397714530051336,-0.409594450438821,-0.421918541519134,-0.434678453222686,-0.447908710553966,-0.461708429000408,-0.476047249294632,-0.490895555279969,-0.506355591616792,-0.522336967590922,-0.538971302653667,-0.556156610822812,-0.574034809811414,-0.592509796080816,-0.611742163388811,-0.631583401874666,-0.652194286557546,-0.673450078419914,-0.69549564777531,-0.7182598750416,-0.741742641355946,-0.765877936807769,-0.790886052854842,-0.816494521001346,-0.842815251102552,-0.869625769331634,-0.89740851189461,-0.926131703419432,-0.953664676139833,-0.984178699561213,-1.01346325078071,-1.04300028105002,-1.0751003354781,-1.10503544352307,-1.13710840262867,-1.16785576969221,-1.19769040837213,-1.22888946452668,-1.25989558794052,-1.28921823237442,-1.31796598894408,-1.34726199586318,-1.37467044623984,-1.40111049092357,-1.42590306308622,-1.44886885077396,-1.47052322161368,-1.49150296835593,-1.50990447091464,-1.52658396675912,-1.54109501265633,-1.55327205178997,-1.56323091541402,-1.57072817373651,-1.57616797158579,-1.57940810307071,-1.58008961284646,-1.57845982675737,-1.57336945457989,-1.56720111233761,-1.55884078502769,-1.54826799778292,-1.53548739919571,-1.52111112520996,-1.50478323884069,-1.48691529546793,-1.46739335423028,-1.44606026701915,-1.4236405374441,-1.40021096838957,-1.37573001425806,-1.3501181891642,-1.32398420853445,-1.29707169075538,-1.26965266727341,-1.24169164088938,-1.21368280109767,-1.18538441630063,-1.15671528774007,-1.12831550476227,-1.09996868424845,-1.0718592588391,-1.04391486529915,-1.01630399599036,-0.988996775474594,-0.962122325497271,-0.935812443200024,-0.909825325219022,-0.884368319946205,-0.859567143264494,-0.835384347478269,-0.811736795406393,-0.788743320708056,-0.766270233165897,-0.744423845819518,-0.723241559618103,-0.702613808020252,-0.682646844182285,-0.663275212207446,-0.644500683770432,-0.626340164138381,-0.608814512781122,-0.591821240319907,-0.575380670087405,-0.559544917833574,-0.544189985800841,-0.529391433257075,-0.515094321476104,-0.50129056059197,-0.487959483539307,-0.475073692591045,-0.462631278494769,-0.450633117438263,-0.439045051585471,-0.42781595839379,-0.417011242807779,-0.406589209636678,-0.396520450183399,-0.386794975486948,-0.377403544116202,-0.368314456900934,-0.359547747463978,-0.351077698866844,-0.342883592985714,-0.334967996335831,-0.327297844209243,-0.319903295527306
-0.381665113869232,-0.39264831963563,-0.404071264846462,-0.415877207555109,-0.428170605029886,-0.440854915516981,-0.4540294671257,-0.467670158218429,-0.481909665189601,-0.496604210479456,-0.511887172823295,-0.527660357615023,-0.544050448413164,-0.560981507554688,-0.57856141160634,-0.596720408377775,-0.615557835735098,-0.634988608023397,-0.655088419637129,-0.675872159255076,-0.697312341834538,-0.719455123181474,-0.742250918926142,-0.765600924155405,-0.789835747607699,-0.814486256189492,-0.839817887991643,-0.865825666248358,-0.892370108106733,-0.919055069460215,-0.946880318693745,-0.97501468504585,-1.00407132332332,-1.03262335612884,-1.06163019790982,-1.09077623934735,-1.12015616154875,-1.14969888418648,-1.1785566879038,-1.20745007397492,-1.236301209426,-1.26406294335731,-1.29129706461736,-1.31812790763543,-1.34383252717619,-1.36850802280293,-1.39185520553346,-1.4135416743662,-1.43400086127389,-1.45304233867744,-1.47030436714092,-1.4857825993392,-1.49920458184827,-1.51069227207787,-1.51985514536728,-1.52728317992115,-1.53232902649169,-1.53519055165499,-1.53578584211508,-1.53500855382659,-1.5336275993678,-1.52544930486325,-1.51696740763096,-1.50695524887631,-1.49544007068573,-1.48187095591641,-1.4667409382099,-1.45012801228223,-1.431928966848,-1.41240682435996,-1.39144063034845,-1.36953605077948,-1.34642557373457,-1.3226963675552,-1.29809727637226,-1.27277595392213,-1.24702341838145,-1.22081907763528,-1.19431959223688,-1.16744772970863,-1.14045449681327,-1.11330209404304,-1.08643646164543,-1.05960215896853,-1.03300982225238,-1.00663116244395,-0.98052460750308,-0.954845478466985,-0.92953144356167,-0.904584813165004,-0.880190124512638,-0.856336278155718,-0.832884203328818,-0.810032624306251,-0.787718269140453,-0.765883100170101,-0.74468341751823,-0.724057613310671,-0.703968627169572,-0.684471234130461,-0.665565638992664,-0.647202446936087,-0.629416542391991,-0.61217882937507,-0.595485399318879,-0.579353382604984,-0.563716928433894,-0.548610727342061,-0.533970036566699,-0.519828381094147,-0.506163691678448,-0.492946464094954,-0.480187234892904,-0.467835050574389,-0.455913428230262,-0.444345189660788,-0.433196260418904,-0.42242393209229,-0.412026131664753,-0.401974149288385,-0.392254926547887,-0.382855340681568,-0.373764445376089,-0.36498989590111,-0.356491354553448,-0.348321739235394,-0.340379730114395,-0.332672105095792,-0.325221302039071
-0.387651518487052,-0.398642077497015,-0.409984453768285,-0.421774341081411,-0.433944166352381,-0.446610490054754,-0.459609605728287,-0.473181071664469,-0.487202837922818,-0.501803294001674,-0.516836616634365,-0.532436114381108,-0.548543250096286,-0.565247336432877,-0.582487199521055,-0.600333169257986,-0.61873522403192,-0.637772633961494,-0.657389093429935,-0.677628208735418,-0.698487485974293,-0.720004244740574,-0.742037965336454,-0.764785112932542,-0.788172603699137,-0.811943789204948,-0.836440864580575,-0.861532612387445,-0.887017127469197,-0.912832032525752,-0.939218508407959,-0.966102688830542,-0.993427315876058,-1.02103917187469,-1.0485649312672,-1.07635710368227,-1.10427730549389,-1.13186280129324,-1.15934657962769,-1.18654108603505,-1.21338008812887,-1.23948166129722,-1.26519875225203,-1.29026976505245,-1.31437022043304,-1.33739453844432,-1.35930732498659,-1.3796558392926,-1.39882500627455,-1.41653167342256,-1.43267933031803,-1.44707367517981,-1.45959057709678,-1.47027065326851,-1.47904265147233,-1.48571695994485,-1.49055726796064,-1.49339602235855,-1.49390023991133,-1.49259063619684,-1.48920492612145,-1.4835954969419,-1.47672828725891,-1.46776846884521,-1.45700411585667,-1.44444945973617,-1.43054073124719,-1.41494952934038,-1.39800228814767,-1.37980354488388,-1.36035234809298,-1.33983815887673,-1.31834428058284,-1.29593012390528,-1.27283291896026,-1.24914563185453,-1.22493899911458,-1.20028616257361,-1.17512337594043,-1.1496556536491,-1.12413658031514,-1.09852431870759,-1.07273746601737,-1.0472474138567,-1.02191257724885,-0.996699665274459,-0.971773272464147,-0.947171436735066,-0.922876609408285,-0.899009513688063,-0.875514383695013,-0.852488980227554,-0.829874174347986,-0.807722916459531,-0.786078782667717,-0.764943133272397,-0.744372641147363,-0.72430563146523,-0.70476070084524,-0.6857844960579,-0.667298461768277,-0.649340847599356,-0.631939585851794,-0.615044298672899,-0.598658830488701,-0.582773876735899,-0.567386260097416,-0.552523495387874,-0.538074317630214,-0.524111217044816,-0.510595603662953,-0.497527923581277,-0.484872636992034,-0.472651630327702,-0.460764352708129,-0.449301391332646,-0.438212267121216,-0.427486146251718,-0.41712555981549,-0.407101155442479,-0.397402566250775,-0.388023583281983,-0.378956183306449,-0.37015892057965,-0.361679554451056,-0.353477045953958,-0.345484188962963,-0.337773532788211,-0.330315340605727
-0.393307750690014,-0.404220774503324,-0.41554062526226,-0.427220676010795,-0.439352668638154,-0.451881308508424,-0.464859049765332,-0.478115423549481,-0.492026023808242,-0.506479666042474,-0.521344270228223,-0.536671791891,-0.55256061766937,-0.568929023484823,-0.585873633951168,-0.603327375397644,-0.621369583373084,-0.639952811397345,-0.659121100335707,-0.678847139364958,-0.699133645635446,-0.720018914936045,-0.741453840523614,-0.76346544583698,-0.785970752331182,-0.809082687394377,-0.83266738581688,-0.856689426076384,-0.881159030722496,-0.906069904414,-0.93132935869146,-0.956965151702189,-0.982974775201907,-1.00913392803989,-1.03547567481187,-1.06176795011655,-1.08812214109939,-1.1143245048256,-1.14043293237231,-1.16606311406821,-1.19148254451975,-1.21599870437742,-1.23982200566689,-1.26362650297223,-1.28602057826256,-1.30768498499531,-1.32818178578595,-1.34736050124493,-1.36525859334329,-1.38173514982,-1.39666817231739,-1.41010697373002,-1.42214231359188,-1.43203203935174,-1.44012979158001,-1.44654014490472,-1.45097480869882,-1.4535818673045,-1.45443032774259,-1.45317152408971,-1.45023333244366,-1.44531127174264,-1.4387471634605,-1.4303755121605,-1.42045870237671,-1.40891408575787,-1.39573578598717,-1.381304154937,-1.36557776976669,-1.3484790441624,-1.33038214753371,-1.31120184202749,-1.29113783863327,-1.27000759587517,-1.248179697954,-1.22627732578891,-1.20368322518963,-1.18011121116792,-1.1561494473075,-1.13205875380164,-1.10803315390334,-1.08358588086045,-1.05921326636308,-1.0348952998474,-1.01063693162565,-0.986609665010314,-0.962797513798505,-0.939235715580966,-0.915919770937482,-0.892950621498895,-0.870393433061216,-0.848190000884716,-0.826316766452546,-0.804950896047849,-0.784000620076453,-0.763529584652005,-0.743560326146684,-0.724030778347292,-0.705048039601582,-0.686535001137958,-0.668508101647145,-0.650969911307006,-0.633944609630534,-0.617416568233629,-0.601324377859572,-0.585724877081723,-0.570627176016166,-0.555961279154657,-0.541747692781656,-0.527968951247706,-0.514620841666684,-0.501685939924346,-0.489163339221571,-0.477021214034398,-0.46527396764345,-0.45389430659519,-0.442878598163005,-0.432215795598263,-0.421895947315067,-0.411910351220816,-0.402241654466312,-0.392885824566212,-0.383826773326485,-0.3750493919645,-0.366559106255637,-0.358308912459647,-0.350366298398407,-0.34264694238642,-0.335152854161767
-0.398577095539298,-0.409454872615159,-0.420679038394161,-0.432309429141374,-0.444303233484587,-0.456759111053055,-0.469615304229197,-0.482907901489996,-0.496368349174513,-0.510743353476896,-0.525355989854785,-0.540453936844068,-0.556027552745184,-0.57213759499,-0.588714153276705,-0.605847814762932,-0.623458875230273,-0.641634301393957,-0.660303933342714,-0.679516884867042,-0.699251742209096,-0.719464698274977,-0.740356524037677,-0.761616080928979,-0.783389859443762,-0.805665630401252,-0.828331146998949,-0.851536813919474,-0.875086761519491,-0.89888142590671,-0.923156472975479,-0.947559661955168,-0.972416022287954,-0.997291498596038,-1.0222808420221,-1.04727957142768,-1.07224622361337,-1.09705683888288,-1.1216603838679,-1.1458606352315,-1.16986664813674,-1.19582112455806,-1.21654219858888,-1.23799761823384,-1.25889989667452,-1.27913509770211,-1.29832261063477,-1.31642111031714,-1.33313319294405,-1.34856491900605,-1.36248480357342,-1.37508454738546,-1.38611435464413,-1.39556253163663,-1.40324953356482,-1.40913818367496,-1.41350749748427,-1.41592930186625,-1.41661601716861,-1.41571938754846,-1.41301474655503,-1.40850790880024,-1.40245016521016,-1.39484353025306,-1.38544218015095,-1.37477249359666,-1.36265990324318,-1.3491337984903,-1.33436603201672,-1.31853691521251,-1.30150637316203,-1.28349110654305,-1.26465717875318,-1.2449751448283,-1.22447603582585,-1.20326796721485,-1.1808799130967,-1.16051674649505,-1.13717677707795,-1.11476117195796,-1.09185070436439,-1.06885858859737,-1.04567382105596,-1.02239101526743,-0.999260920982514,-0.976348263260542,-0.953635335012519,-0.931023840423552,-0.908694939392955,-0.886658869392234,-0.864932407511551,-0.843448675505924,-0.822404100096481,-0.801772086843262,-0.781503417958592,-0.761679006245859,-0.742316286034697,-0.723327358436869,-0.704818634561181,-0.686851400525917,-0.669245541883102,-0.652129248789796,-0.635489655092428,-0.619300374425478,-0.603545085736933,-0.588243013298099,-0.573387287818286,-0.558977624240152,-0.544991296312795,-0.531408388536577,-0.518232123451416,-0.505423018175989,-0.493048349985148,-0.481065694270338,-0.469420642304684,-0.458138724286246,-0.447207669110824,-0.436617621644798,-0.426358487357069,-0.416420155086299,-0.40679329348972,-0.397474829810496,-0.388430065731109,-0.379677467591386,-0.371155534828546,-0.362953592729138,-0.35496794187216,-0.347271313023029,-0.339779209412844
-0.403513625148811,-0.414308567792168,-0.425471859363202,-0.436979618176392,-0.448899882108882,-0.461206354830642,-0.474008134186852,-0.487174072745178,-0.499687941016788,-0.514413877192905,-0.528907342070624,-0.543719856950065,-0.559059698703016,-0.574820611219265,-0.591107859685523,-0.607828533526095,-0.625081970249589,-0.642779890637984,-0.661003069597749,-0.679701261932449,-0.6989065949323,-0.718515101274345,-0.738672350603815,-0.759253076917268,-0.780276534480211,-0.801806400739891,-0.823754124195775,-0.845938366503624,-0.868498988126724,-0.891501009199432,-0.91458655205525,-0.938066804971425,-0.961588819010805,-0.985361585342945,-1.00909357868746,-1.03294339239026,-1.05653057698222,-1.08010435001332,-1.10330407301264,-1.12626530293215,-1.14862919432687,-1.17042638510457,-1.19212395086195,-1.21313080617462,-1.23282983934306,-1.25173811771859,-1.26967711324758,-1.28659616173787,-1.30241570532507,-1.31684723689562,-1.32991332567163,-1.34166254374093,-1.35197520768781,-1.36077090530349,-1.36813671549147,-1.37378814642689,-1.37769344369518,-1.38021162218648,-1.38100117864102,-1.37995759695897,-1.37758216905973,-1.37355295838018,-1.3678112198715,-1.36077331704966,-1.35220869665113,-1.34214128295312,-1.33084723553525,-1.31833435437202,-1.30452210026659,-1.28960499627797,-1.27369937978083,-1.25695231958365,-1.23907293834278,-1.22060061786851,-1.20140583152264,-1.18237402719102,-1.16186563806125,-1.14159474026039,-1.11925657939913,-1.09774928038569,-1.07601897556671,-1.05412345515364,-1.03217427616566,-1.00997049709696,-0.987912940502711,-0.96600299984452,-0.944265994781498,-0.922644356340698,-0.901208822586533,-0.87999898885336,-0.859066600972108,-0.838411305515374,-0.818134685887065,-0.798188712870377,-0.778606559151955,-0.7594333628904,-0.740616996774278,-0.722227020727772,-0.704244678892946,-0.686701437411139,-0.669558724109747,-0.652853867028033,-0.636592966670202,-0.620761585735986,-0.605329960571612,-0.59032558443005,-0.57573869133985,-0.561571946589349,-0.547816780438215,-0.534450818169603,-0.521395822664946,-0.508798809537072,-0.496587519522982,-0.484728393933893,-0.473222794327082,-0.46204713129846,-0.451210154357779,-0.440702363296717,-0.430514621833096,-0.420637456894244,-0.411062104733859,-0.40178603812509,-0.392766877760573,-0.384034670687977,-0.37557090137404,-0.367354939085182,-0.359391542469859,-0.351664465316643,-0.344169319250327
-0.408103157882399,-0.418829070824929,-0.429883045236073,-0.441310642190382,-0.453085751479865,-0.465262866587347,-0.477851722882749,-0.491369394905685,-0.50390333665511,-0.517787291443453,-0.531947330050203,-0.546585708784979,-0.56159136454424,-0.577093434873815,-0.592988414213921,-0.609387606831352,-0.62619121858789,-0.643497243562425,-0.661200887559254,-0.679377091436487,-0.698037813094332,-0.717107693263765,-0.736609322629562,-0.756554535463931,-0.776820012093016,-0.797618153020532,-0.818629430425642,-0.840010882827007,-0.861801745271362,-0.883714973791734,-0.905957249447182,-0.928313203131118,-0.950860141553158,-0.973439254965227,-0.996050543000871,-1.01859273019495,-1.04110855811035,-1.06340009902344,-1.08544190470248,-1.10711885035408,-1.12829385793527,-1.14904604272767,-1.16926972891727,-1.18871618286655,-1.20752621568863,-1.22541001539302,-1.2422527031001,-1.25805387029731,-1.27292127767405,-1.28647873414013,-1.29889999995994,-1.30974208555725,-1.31950853022144,-1.32767469520304,-1.33464020358158,-1.34004143495008,-1.34378141295384,-1.34602666194283,-1.34681572837372,-1.3461354122671,-1.34374942394363,-1.3400452011401,-1.33487211034079,-1.32825251420923,-1.32023838737782,-1.3110160307797,-1.3004695774646,-1.28863847921865,-1.2758542875595,-1.26192389086192,-1.24699500765783,-1.23114404148013,-1.21447353125867,-1.19705748374445,-1.17892692893368,-1.16065383404503,-1.14157473616287,-1.12181504148779,-1.10148431893243,-1.08097358406432,-1.06034106393832,-1.03957724072302,-1.01869288634203,-0.997623776616437,-0.97656491233315,-0.955576545252719,-0.934795873490863,-0.91406684927627,-0.893482515824759,-0.873115885036391,-0.852985758077202,-0.833098741717275,-0.813544095643417,-0.794246091863252,-0.775324397670996,-0.756755559913793,-0.738554988633325,-0.720696157475015,-0.703226174125041,-0.68614860592886,-0.669456780173456,-0.653162920227865,-0.637281348455307,-0.621809434441358,-0.60670938815529,-0.592003793372286,-0.577700091593894,-0.563771635717521,-0.55025049881882,-0.537039023555387,-0.52423928105998,-0.511828666504852,-0.499765306552261,-0.488049448440274,-0.476671225860667,-0.46562324496178,-0.454897170016235,-0.444480521120427,-0.434372657703794,-0.424565114783963,-0.415048243041619,-0.405811958213145,-0.396835741828429,-0.388138117047691,-0.379702382742137,-0.371515584883776,-0.363547416725946,-0.355845807802916,-0.348350238973068
-0.412371754839575,-0.423001099844571,-0.433969152324588,-0.445257189009226,-0.456923683498946,-0.468910020497711,-0.481263307098351,-0.493897574202282,-0.507348604516622,-0.520739250309912,-0.53464915908165,-0.548958695914325,-0.563748947861984,-0.578878400902548,-0.594486018678577,-0.61046079412116,-0.626909972267313,-0.643736774588366,-0.661028884505516,-0.678670170902414,-0.696791966049083,-0.715277229378528,-0.734151272330213,-0.753442164291916,-0.773047011359298,-0.793032518620319,-0.813337679850345,-0.83395838101301,-0.85474550333958,-0.875847688355535,-0.897052691352385,-0.918518739454362,-0.940015084981987,-0.961533854506892,-0.983088655260245,-1.00451672884821,-1.02587839802062,-1.04696890268463,-1.06789521310603,-1.08836337498761,-1.10853636471748,-1.12806781600455,-1.14716644258963,-1.16545109431827,-1.18312426795514,-1.19994398640601,-1.21588019761556,-1.23078911108277,-1.24463562688833,-1.25739815213229,-1.26903989809808,-1.27936535635535,-1.28853371535589,-1.29621617668695,-1.30264833549284,-1.30776001850999,-1.31138218030195,-1.3135734438238,-1.31434133837324,-1.31372518577163,-1.31169765209488,-1.30813296475963,-1.30329211250638,-1.29718245208505,-1.2898305911431,-1.28112116230141,-1.27131026287385,-1.26032238904529,-1.24828210604502,-1.23515319024474,-1.22122584097991,-1.20637283032121,-1.19063914597484,-1.17424210197291,-1.15718112547615,-1.13930648283927,-1.12012040633666,-1.1030970307059,-1.08386223274648,-1.06444584971455,-1.04490017662386,-1.02517050290915,-1.00526128457495,-0.985281562111303,-0.965218283651874,-0.945179960287391,-0.925221794177549,-0.905350428440602,-0.885579622252444,-0.866016524698854,-0.846655808678015,-0.827525585623674,-0.808658790508075,-0.790059573350074,-0.771742710367971,-0.753765785510025,-0.736086975847559,-0.718786550230588,-0.701833669587279,-0.685224298085631,-0.668972526111091,-0.653087875888062,-0.637584865762373,-0.622461376633718,-0.607703931529392,-0.593307605744872,-0.579257468886424,-0.565617760773061,-0.55228760186257,-0.539338089794358,-0.526743349076424,-0.514507092749805,-0.502608665414244,-0.491041183357055,-0.479797978434105,-0.468871642811629,-0.458255038623663,-0.447940655966004,-0.437920882553859,-0.428187683394178,-0.418734682683784,-0.409554005653761,-0.400630633199562,-0.391980554044135,-0.383572972745638,-0.375418425076618,-0.367475037486878,-0.359804619900329,-0.352335585022113
-0.416323204493878,-0.426859979110089,-0.43770325385717,-0.448898151787614,-0.460393433316091,-0.472233768564427,-0.484417258370613,-0.497026200315798,-0.509982906176387,-0.523320616698517,-0.536919171537602,-0.550990631067046,-0.565424080527997,-0.58031316718769,-0.595519026446405,-0.611175078734372,-0.62717746095145,-0.643590417020364,-0.660369895062894,-0.677589377914453,-0.695127167450089,-0.713070242604175,-0.731345611665662,-0.74997866453719,-0.768935315845668,-0.78822737863882,-0.807725123780818,-0.827526292756332,-0.847544021438082,-0.867744460057455,-0.888140294468903,-0.908618013249367,-0.929125629603392,-0.949711176825738,-0.970164255863049,-0.99064056251151,-1.0108658718808,-1.03096000819115,-1.05071374411829,-1.07017335818817,-1.08915889543735,-1.10772534634601,-1.12569997093843,-1.14302707129516,-1.15962718521893,-1.17541836252395,-1.19046562278119,-1.20451903654451,-1.21760882844295,-1.22964405305608,-1.24044847619237,-1.25027062196141,-1.25890697551596,-1.26610316760666,-1.27219439467042,-1.27698716976537,-1.28052721516541,-1.282648251081,-1.28336832112096,-1.2827414826786,-1.2808976026802,-1.27768021954691,-1.27332058037557,-1.26752808389125,-1.26059329307636,-1.25254950944712,-1.24332487281707,-1.23300084220608,-1.22177461249555,-1.20952151604934,-1.19638490205989,-1.18235889652837,-1.16765419797799,-1.15215879736039,-1.13594268004707,-1.11994078786529,-1.10291615631505,-1.08464958831413,-1.06659999548949,-1.04827619731138,-1.02970035955978,-1.01092700367154,-0.991968017483625,-0.972945408139431,-0.953789974613674,-0.93466816378295,-0.915543218073087,-0.896492566587461,-0.877543950916701,-0.858774069604161,-0.840134803723034,-0.821727159797771,-0.803527972414245,-0.785600374815514,-0.767883345954177,-0.7505097623357,-0.733356235704798,-0.716545888882534,-0.70010373145755,-0.683964603331466,-0.668129931116985,-0.652657541942285,-0.63752816828158,-0.622754992872892,-0.608329992738737,-0.594226360683373,-0.580488964330889,-0.567085627544953,-0.554020717969138,-0.541296654561613,-0.528907998225253,-0.516858242129427,-0.505130483288225,-0.493718412970914,-0.482616922458179,-0.471819495154704,-0.461319459700459,-0.451110073235076,-0.441184315682262,-0.431535174045121,-0.422155730304708,-0.413042753616239,-0.404178622494054,-0.39557085930834,-0.387228784460792,-0.379096562805746,-0.371196255143173,-0.363547403677659,-0.356074858139609
-0.419973474102404,-0.43039768448594,-0.4411405069901,-0.452174439665029,-0.463556217271145,-0.47524384322491,-0.487263865107981,-0.49963371944291,-0.512411054381995,-0.525447421260179,-0.538873298910086,-0.552578193356657,-0.566759853280515,-0.581271315774046,-0.59623525258492,-0.611472749980975,-0.627098019039551,-0.64308438473983,-0.659399531528036,-0.676090062634659,-0.693148134834617,-0.710542802232285,-0.72820410463977,-0.746253829804483,-0.764532111773376,-0.783094697197662,-0.801946757818404,-0.820937533092447,-0.840175911634856,-0.859603089771221,-0.879103297462485,-0.898650755026998,-0.918309644552127,-0.937860617076835,-0.957471854221078,-0.976884958661476,-0.99616804063101,-1.01522764302019,-1.03397427843258,-1.05240856700911,-1.07038346916993,-1.08792570428025,-1.10487449837263,-1.12130717897672,-1.13695400385209,-1.15200382071413,-1.16607561632375,-1.17932570634227,-1.19168705830228,-1.2029462869326,-1.21329122670691,-1.22245346614912,-1.23061536369538,-1.23742250874676,-1.24316323804215,-1.24770488334672,-1.25093835556743,-1.25289904062396,-1.25368945119267,-1.25333143518354,-1.2515499818059,-1.24851520146141,-1.24444050273964,-1.23913901904375,-1.23267741023889,-1.22508663630149,-1.21650031609347,-1.20688790254711,-1.19625765529919,-1.18472301729276,-1.1724276590782,-1.15925847776904,-1.14540863349851,-1.1307752935378,-1.11542968954162,-1.1000115276793,-1.0836107070233,-1.06700223153641,-1.04983690366204,-1.0324403292007,-1.01478005425461,-0.996899395379424,-0.978795709820747,-0.960644263724334,-0.942390654461793,-0.924126018455647,-0.905798842144289,-0.887551721490892,-0.869435685051067,-0.851367499970707,-0.833458406032548,-0.815738206193443,-0.798195748360501,-0.780852831366723,-0.763758431550912,-0.746923304584758,-0.730354701225342,-0.714061223821685,-0.698042680393019,-0.682369166023309,-0.66697455589194,-0.651894193841521,-0.63714447625866,-0.622708394507997,-0.608620752473114,-0.594849350283578,-0.581397658690414,-0.56824909445298,-0.555430144768297,-0.542917851157045,-0.53075901276286,-0.518896624842421,-0.507345042033184,-0.496095106646107,-0.485141388822331,-0.474479037374463,-0.464101962453584,-0.454003957233208,-0.444178700245231,-0.434619745232183,-0.425320698922573,-0.416286085672804,-0.407506561390987,-0.398964487900635,-0.390646689574553,-0.38257790899444,-0.37470338417793,-0.367042767302462,-0.359616875457478
-0.423330054590557,-0.433648618675125,-0.444247000126843,-0.455171451038219,-0.466375727475124,-0.477917895620615,-0.489743164721438,-0.501961219371986,-0.514465429461659,-0.527338556918515,-0.540474222100563,-0.553823973202479,-0.567492997449217,-0.581954397866556,-0.596582388654775,-0.611425010840364,-0.626655191365531,-0.642206939157166,-0.65810385020522,-0.674323795305865,-0.690828211339989,-0.707707844666633,-0.724788889090608,-0.742210011331774,-0.759863891202324,-0.777796113087054,-0.795883927995828,-0.814201752248033,-0.832640029012175,-0.851298002225619,-0.869946663600815,-0.888741204575884,-0.907453347984302,-0.926219943122728,-0.944844988276797,-0.963364132056405,-0.981722795710581,-0.999783635018338,-1.01764819516643,-1.03506106307531,-1.05215594299327,-1.06874115052693,-1.08480682776242,-1.1002811182507,-1.11510228868915,-1.12918970335703,-1.14253832715193,-1.15507268063797,-1.16657868233608,-1.17739446883324,-1.1871013688616,-1.19572341970447,-1.20342053141247,-1.20989523894423,-1.21535543920797,-1.2195750822057,-1.22276593058503,-1.2246138862692,-1.22536786294479,-1.22499956239971,-1.22349087288768,-1.22072801358002,-1.21686243609501,-1.21191012115925,-1.20591340611092,-1.19881347210034,-1.19070080458694,-1.1816849728949,-1.1717736498789,-1.16095757899698,-1.14930860187058,-1.1368807129889,-1.12385153928624,-1.11016574557269,-1.09588592495938,-1.08093911979638,-1.06576695796926,-1.04979563334939,-1.03346850243335,-1.0169267013664,-1.00015652480199,-0.983055038275917,-0.965847721571633,-0.948500567690497,-0.931071140187659,-0.913567906293534,-0.896037196111308,-0.878561801105118,-0.861165188784355,-0.843857678243953,-0.826593803033011,-0.80954271552019,-0.792631137972533,-0.775890079691604,-0.759409155557618,-0.743138371817118,-0.727074373364794,-0.711286942039177,-0.695714959021237,-0.680476544541549,-0.66551242960996,-0.650831894965552,-0.636428257751721,-0.622376392038135,-0.608582338662576,-0.595124477221568,-0.581949465638504,-0.569078056076161,-0.556518565173819,-0.544268316869824,-0.53229708572425,-0.520641796398864,-0.509267112730658,-0.498184299489836,-0.487384267279914,-0.476862431170131,-0.466613931726011,-0.456633008442184,-0.446914052469279,-0.437453614163622,-0.428255718159056,-0.419303185773751,-0.410591358053376,-0.402094516882354,-0.39383054454915,-0.385801420440373,-0.37797002967918,-0.370363270946374,-0.362967541410896
-0.426409236522334,-0.43659747997828,-0.44708973433733,-0.457838632059527,-0.468912229269694,-0.480265900609346,-0.491938206964516,-0.503885877006795,-0.516224071975083,-0.528850796061423,-0.54181758175617,-0.555310492400792,-0.567361108048625,-0.582258284485185,-0.596640893266546,-0.611111657102375,-0.62587210577199,-0.641040209569847,-0.656449477944904,-0.67222797733924,-0.688302466015683,-0.70459018681726,-0.721095855140878,-0.737986667036544,-0.755019097173105,-0.772239396799262,-0.789707998234542,-0.807300110161241,-0.825060787894247,-0.842866071904542,-0.860836329209453,-0.878749765560094,-0.896724449207571,-0.91458866800615,-0.932375383825937,-0.95006294032749,-0.967464677962911,-0.984752893852939,-1.00163794417264,-1.01824343865889,-1.03442834596674,-1.05011431709708,-1.06536395739207,-1.07995508515167,-1.0939872307861,-1.1073180410347,-1.11992389383702,-1.13172049432437,-1.14273038756719,-1.15279296777085,-1.16197262111272,-1.17025534921384,-1.17735495920559,-1.18355312336103,-1.18873819099238,-1.19271320944799,-1.19563287211875,-1.19754558782181,-1.19832085889095,-1.19797913016473,-1.19647602469079,-1.1939833105826,-1.19043642443221,-1.18576401139588,-1.1801139271984,-1.17354680916221,-1.16598956043563,-1.15751470118616,-1.14810412861084,-1.13794889894119,-1.12703589460627,-1.11534769397552,-1.10296139643693,-1.09004708566387,-1.07662844633389,-1.06337752940313,-1.04900675879329,-1.03287512361221,-1.01740768067715,-1.00169768963779,-0.985735313419127,-0.969479604908644,-0.953046775354629,-0.93648101717824,-0.919814710287592,-0.903059004165148,-0.886284427585606,-0.869537922657179,-0.852839076331261,-0.836179119381052,-0.81962824490812,-0.803207360681371,-0.786922860972642,-0.770789734354218,-0.754818667224951,-0.739083663875663,-0.723550674873675,-0.708207968505205,-0.693132100649533,-0.678310119536901,-0.663765296104846,-0.649459344492792,-0.635475461498792,-0.621713270292128,-0.608272048379698,-0.595090823378235,-0.582215168859704,-0.569632961846653,-0.557322151705344,-0.545300136323993,-0.533569064146178,-0.522092226577724,-0.510913182096119,-0.499999504892485,-0.489357918760294,-0.478981363139935,-0.4688663845682,-0.459007722269877,-0.449411762010761,-0.440064215432059,-0.430953526039016,-0.422074311107891,-0.413433643605082,-0.405000435863199,-0.396798810224438,-0.388811486136435,-0.381039251105683,-0.373480016246914,-0.366119791684754
-0.429211520950519,-0.439290163474425,-0.44961778849666,-0.460251343175556,-0.471138565410212,-0.482332556555192,-0.493783581587767,-0.505576082559166,-0.517639806357087,-0.530030840655931,-0.542686526126084,-0.555749222588424,-0.568063619725246,-0.582284981804423,-0.596274166351278,-0.610400953306529,-0.624856586815641,-0.639542302462551,-0.654568722214639,-0.669874846940041,-0.685394529207205,-0.701189000859383,-0.717221585016414,-0.733492763684482,-0.749971977868962,-0.766586603117989,-0.783365083146161,-0.800327907056745,-0.817338288784636,-0.834501662494058,-0.85168182857696,-0.868890628304061,-0.885982832855685,-0.903050815088489,-0.920083819995763,-0.936872469547328,-0.953566532155743,-0.969932001976016,-0.986055748878596,-1.00183228129129,-1.01713504830211,-1.03210904387765,-1.04647616414434,-1.0603584668982,-1.07363040204695,-1.08620540970396,-1.09814426657544,-1.10927603085093,-1.11964581918883,-1.12919487424685,-1.13787187701171,-1.14558472170344,-1.1524298363196,-1.15829253504572,-1.16310283412534,-1.16698218489693,-1.16979230390339,-1.17156115092594,-1.17229511560018,-1.17201344622662,-1.17073378790151,-1.16840216349732,-1.1650104664674,-1.16075408202933,-1.15550015579275,-1.14924391900142,-1.14214064471022,-1.13421213847096,-1.12542475125066,-1.11581914003223,-1.10546839364977,-1.09444378794443,-1.08274783265525,-1.07054218444125,-1.05783388946907,-1.04497250702072,-1.03110930991685,-1.01641924249532,-1.00172183059508,-0.986793485938121,-0.971593283535169,-0.956092866943759,-0.940414060385042,-0.924594172610465,-0.908665876424456,-0.892618688659215,-0.876560211535544,-0.860506216004842,-0.844471162910134,-0.828446102390522,-0.812509170126406,-0.796685897072171,-0.780962313622834,-0.765385790177742,-0.749966501452638,-0.734745228609391,-0.719712735783172,-0.704878528914226,-0.690264490080449,-0.675888754419253,-0.661737231257699,-0.647859782128406,-0.634202080835479,-0.620819076726263,-0.607689177594668,-0.594818554629505,-0.582220081502413,-0.569891539356126,-0.557833070419223,-0.546054961047072,-0.534527823472025,-0.52327040734535,-0.512286054401975,-0.501551965401316,-0.491074295361982,-0.480848645415713,-0.470877226135752,-0.461150515266848,-0.451664599951519,-0.442414282373748,-0.43339521802535,-0.424602059301411,-0.416039308101928,-0.40768124149216,-0.399563074839567,-0.391642826004895,-0.383929405853552,-0.376412546869745,-0.369088580879053
-0.431765188291052,-0.441695932472451,-0.451915766709133,-0.462359872817636,-0.473107796518753,-0.484097415592283,-0.495392649098155,-0.506928775351285,-0.518780855816314,-0.530912291806394,-0.543316686644848,-0.555929919410255,-0.568820625583816,-0.582085598384773,-0.595615007326218,-0.609456994491673,-0.623472473383154,-0.637823516365353,-0.652386632963361,-0.667220181513441,-0.682347494335782,-0.697608661190637,-0.713140111589192,-0.728856245183701,-0.744700481613397,-0.760739984751807,-0.776964034891324,-0.793242512842827,-0.809653870247736,-0.826069435842636,-0.842529995129926,-0.85895654344302,-0.875304412049566,-0.891704962144071,-0.907920477888438,-0.924009250788165,-0.939854669041321,-0.955466503768621,-0.970806703406593,-0.985738976976558,-1.0003984420148,-1.01452877088025,-1.02822759016674,-1.04139329267685,-1.0538876368304,-1.06589081456606,-1.07713839517401,-1.08767505117999,-1.097519703209,-1.10650932370057,-1.11469372864833,-1.12203747735636,-1.1284964797235,-1.13401720901343,-1.13863440104859,-1.14229900390115,-1.14495659311569,-1.14672123813344,-1.14743134973699,-1.14716535179432,-1.14592007109611,-1.14383083928663,-1.14068913213299,-1.13663931353364,-1.1317380985448,-1.12592096904491,-1.11923929998902,-1.1117671501725,-1.10341791794537,-1.09442623373205,-1.08473744696166,-1.07429677628538,-1.06322436987266,-1.05152183123321,-1.03930271761839,-1.02689818873124,-1.0143851820916,-1.00030862504316,-0.986281611490273,-0.972147114479927,-0.95767964353688,-0.942903203585265,-0.927950951687736,-0.912846883926979,-0.897613376115621,-0.882258387953242,-0.866877045697831,-0.851484075267289,-0.836074442331374,-0.820676874392018,-0.805348366178027,-0.790105628728914,-0.774964424345534,-0.759919493669287,-0.745032905756921,-0.730294390260775,-0.715736084177349,-0.701399194684536,-0.6872139341341,-0.673250136178801,-0.659504605171928,-0.645986012837773,-0.632712718939089,-0.619657987643329,-0.606864094287686,-0.594277372788486,-0.581975879704761,-0.569912898066885,-0.55810284154486,-0.546538423146433,-0.535237177678974,-0.524194772908494,-0.513391017213264,-0.502837962515463,-0.492529120912837,-0.482461467523126,-0.472631965138207,-0.463036622989894,-0.453671544230601,-0.444532389282232,-0.435614873972153,-0.426918199304596,-0.418454291184587,-0.410179407184937,-0.402133324949093,-0.394266213138911,-0.386608062827868,-0.379135427663738,-0.37186354008215
-0.434056856179256,-0.443878388032629,-0.453914666107147,-0.464241314933587,-0.474797040060102,-0.48562249114958,-0.496690099351564,-0.508047412067939,-0.519652747505665,-0.531527749068653,-0.543668579243653,-0.556052238620983,-0.568697812611755,-0.581611506676418,-0.594854373850632,-0.608244108937148,-0.621869679854129,-0.635652904216857,-0.650029709685191,-0.664453756700436,-0.679019699407682,-0.69386775048123,-0.708866736724044,-0.72400505019687,-0.739382125940206,-0.754827302006055,-0.77041411701988,-0.786125603874709,-0.801862550372894,-0.817633704598691,-0.833432808349178,-0.849116376861336,-0.864865119465311,-0.880502988313449,-0.896028917031915,-0.911337805681712,-0.926432047851889,-0.941329483456911,-0.955894481058499,-0.970174732895748,-0.984027100413923,-0.997487001902861,-1.01049772306934,-1.02292518270189,-1.03490294882143,-1.04621685073835,-1.05688063597051,-1.06692065240379,-1.0761620195377,-1.08470920068412,-1.09247988161543,-1.09939156114441,-1.10550088357616,-1.11075780170204,-1.11511067516657,-1.11857596566066,-1.12115310556342,-1.1228142084595,-1.12349703680112,-1.12333174881248,-1.12222985333129,-1.12025786560498,-1.11728987687075,-1.1135048849481,-1.10892798206044,-1.10341294257156,-1.09709238285406,-1.09008582118266,-1.0823325735598,-1.07379139852567,-1.06459151625328,-1.05475120460867,-1.04433987591,-1.03324495403109,-1.02166868158264,-1.01006947630724,-0.998028611322793,-0.984288781147608,-0.971286425011192,-0.957860197201831,-0.944018555977018,-0.929946494938336,-0.915684348871669,-0.901269318596061,-0.886679912377856,-0.871988964146112,-0.85724763649397,-0.842485778653052,-0.827676867253743,-0.812881520582194,-0.798136778707987,-0.783475628907339,-0.76884370154039,-0.754348266735693,-0.739961724671653,-0.725721050304477,-0.711652276637851,-0.697711373959388,-0.683982120838036,-0.670406536282215,-0.657053794569016,-0.643900652137654,-0.630967084718016,-0.618269042331642,-0.60577971746216,-0.593526859156962,-0.581484947498732,-0.569690129941048,-0.558129503271228,-0.546807437188073,-0.535725158060497,-0.524879279894121,-0.514270495282622,-0.503897350372025,-0.493755779878112,-0.483844318300134,-0.474159927165465,-0.464699199395602,-0.455458342143862,-0.446433915113062,-0.437630563247317,-0.429048061794885,-0.420673306148067,-0.412495429685564,-0.404494772411319,-0.396706591610217,-0.389092706086412,-0.381670029779448,-0.374447695580012
-0.436129772747696,-0.445784229449148,-0.45571460881407,-0.465846634307872,-0.476246722618155,-0.486874678579466,-0.497769763468376,-0.508889040455777,-0.520263642840752,-0.531905751855934,-0.543786729804708,-0.555905918654372,-0.568258774257821,-0.580915015459346,-0.593754227400468,-0.606906493015263,-0.620504962909361,-0.633034507236918,-0.647573022886693,-0.661411848424503,-0.675553413115944,-0.689929069887727,-0.70438445038993,-0.71906945157821,-0.733876309730906,-0.748780083423498,-0.763798984578863,-0.778886641057148,-0.794017816999381,-0.809206211598388,-0.82430735465709,-0.839459384766834,-0.854495264207369,-0.869449290582457,-0.884280545748472,-0.898866068587251,-0.913336658195127,-0.927503205114927,-0.941392812429497,-0.954970307763398,-0.968139366584881,-0.9809527536663,-0.993276552143638,-1.00514082653942,-1.01644586377254,-1.02716802782668,-1.03734970403712,-1.04680612476133,-1.05563310274484,-1.06375075609086,-1.07104544648238,-1.07765210699259,-1.08344557952629,-1.08838713795598,-1.09254735708113,-1.09584178356827,-1.09827504611912,-1.09983845051548,-1.10060789978587,-1.10044851829643,-1.09941354498313,-1.09755738233589,-1.09481036375893,-1.09129229475116,-1.08689414375173,-1.08178199221772,-1.07588789615905,-1.06923477789911,-1.0618790764418,-1.05385363225393,-1.04515200056056,-1.03589661249386,-1.02599054017121,-1.01548899081911,-1.00440426592093,-0.99392943645377,-0.981925216165398,-0.969203241250539,-0.956693734557281,-0.943821428684642,-0.930675817455288,-0.917232040339007,-0.903623552664646,-0.889843091948952,-0.875876083108655,-0.861814604974338,-0.847686009679875,-0.833519365153708,-0.819288341243687,-0.805068060024644,-0.790881582429943,-0.776749556001014,-0.762679372157234,-0.748663700297296,-0.734769123446643,-0.721002658108968,-0.707358809096291,-0.693916390324993,-0.68054853547333,-0.667416315950808,-0.654419316536381,-0.641626022466616,-0.629035188121566,-0.616656237445337,-0.604512165127322,-0.592527326169539,-0.580777522164225,-0.569241819396613,-0.557929967033076,-0.546841998065533,-0.535978984533493,-0.525340378659129,-0.514925901919537,-0.50473360687472,-0.494761801443243,-0.485008556625463,-0.475471385092483,-0.466147961421167,-0.457034432087047,-0.448141874657704,-0.439458224632429,-0.430961547506036,-0.422659314298653,-0.414545409814858,-0.406649379375629,-0.398938425307678,-0.391412479421021,-0.384065243330886,-0.376900222103731
-0.437951050404673,-0.447501317721612,-0.457241661011291,-0.467240214240151,-0.477456374347043,-0.487901410318784,-0.498578714086686,-0.50949562477375,-0.520658719829042,-0.532023142233269,-0.5436578378715,-0.555503944211811,-0.567600495116354,-0.57987940535179,-0.592440997302467,-0.605245139635961,-0.618244213899981,-0.631634914944027,-0.643852292254124,-0.658026857651837,-0.67193114266996,-0.685775016296816,-0.69981250182804,-0.71401153231122,-0.728292669286,-0.742658342674548,-0.757144929225807,-0.771630455034881,-0.786218171996386,-0.800759809142252,-0.815286989272265,-0.829775644197586,-0.844194618855621,-0.858563349018731,-0.87268331123792,-0.886711515051769,-0.900489617600914,-0.91398959283455,-0.927265788507546,-0.94014602076618,-0.952722128625954,-0.964897963548196,-0.976609968043024,-0.987866013731732,-0.998609504437704,-1.00882762655082,-1.01841782736378,-1.0274340059575,-1.03581638151023,-1.04345488357122,-1.05046957096191,-1.05673388769164,-1.06218063457782,-1.0669320778246,-1.07088631381316,-1.07398512431259,-1.07631063385442,-1.07784423039789,-1.07852891095751,-1.07837657686386,-1.07748823161939,-1.07575425146777,-1.0731834742807,-1.06987855109935,-1.06581028500568,-1.06096465492281,-1.05538701896987,-1.04908742304217,-1.04214532960035,-1.03463803850694,-1.02633637738804,-1.01752667402701,-1.00821300577633,-0.998345081050767,-0.988059955384698,-0.978655402222387,-0.966126478131363,-0.954370959973571,-0.942384174429546,-0.930139193519815,-0.917552912308297,-0.90475549919625,-0.891757089312511,-0.878566824179422,-0.86520689295561,-0.851742238371831,-0.838199290148474,-0.824596148649234,-0.810923595405051,-0.797249948057975,-0.783596038896724,-0.76998237655046,-0.756410175086894,-0.742894553422972,-0.729472681843148,-0.71615716597008,-0.702985632605839,-0.689909455117306,-0.677002709741607,-0.664224137068716,-0.651593561750434,-0.639157089343174,-0.626906965488353,-0.61486778537834,-0.602989972669686,-0.591331799342894,-0.579857273443187,-0.568583896725446,-0.557518666716824,-0.546663805017935,-0.536020366308275,-0.525588768731813,-0.515368627843522,-0.505358689911631,-0.495557915272556,-0.485964420549418,-0.476576525556416,-0.467393936983277,-0.458427899769787,-0.449644806437233,-0.441058613415109,-0.432661988959676,-0.424470596959227,-0.416476098157285,-0.408666776664321,-0.401021702557396,-0.393547366816583,-0.386240094717754,-0.379126518688063
-0.439585147384671,-0.448962470383823,-0.458581059460743,-0.468396923664648,-0.478433216646322,-0.488695085311878,-0.499180450512567,-0.509880166882773,-0.520786103901591,-0.531946023001269,-0.5433066223382,-0.554897398668082,-0.566690921570213,-0.578695775755163,-0.590902258017494,-0.603292602924611,-0.615915012937854,-0.628862759125974,-0.641592314649827,-0.654552309880551,-0.66811746473215,-0.681454386628087,-0.695137356619776,-0.70879203735147,-0.722596529912821,-0.736512822590568,-0.750417671461306,-0.764417228630695,-0.7783969798811,-0.792377859408734,-0.806351259737071,-0.820223645229102,-0.834084798500845,-0.847781514711505,-0.861337255538066,-0.87470607103565,-0.887848807740504,-0.900808068081363,-0.913417877879784,-0.925767848190994,-0.937743588415639,-0.949271562052933,-0.960469194298923,-0.971165239099138,-0.981362787148825,-0.991064426675992,-1.00018763591078,-1.00874878988552,-1.01666898941506,-1.02397119295377,-1.03060865946327,-1.03650560091921,-1.04176481645135,-1.04627182816976,-1.04999133724354,-1.05298642591177,-1.0552302331499,-1.05665900256271,-1.05732548728376,-1.05725806986407,-1.05639605508379,-1.05474294008846,-1.05237880162955,-1.04927994744931,-1.04542137576869,-1.040846998399,-1.03562591461043,-1.02972175322358,-1.0231626034776,-1.01596645868483,-1.00815399280682,-0.999838167048069,-0.990966235147303,-0.981541706114054,-0.971735226901976,-0.962326240338981,-0.951014679757339,-0.939818279536716,-0.928458771720025,-0.916717632607756,-0.904725906881699,-0.892510672733692,-0.880090507230042,-0.867461768300647,-0.854676908273771,-0.841778616276753,-0.828792442114985,-0.815729356780594,-0.802595621345884,-0.789447238027412,-0.776305235901749,-0.763187804239207,-0.750104109465932,-0.737058046110282,-0.72409028108428,-0.711221568962091,-0.698437936252164,-0.685809210449403,-0.673274519302334,-0.660882837599077,-0.648614478713992,-0.63653502869767,-0.624616102210378,-0.612863409025321,-0.601304589914405,-0.589922300142824,-0.578728631502945,-0.567724455451578,-0.556909085619544,-0.546285849526642,-0.535861328589146,-0.525636250401337,-0.515610580519022,-0.505783660510668,-0.496154695847578,-0.486722239928107,-0.477483436609663,-0.468446509855778,-0.45959673657367,-0.450939326148464,-0.442467835267459,-0.434192144798123,-0.426106055418204,-0.418201294314025,-0.410444186874878,-0.402883838655905,-0.39550028638538,-0.388276824186938,-0.381232155423885
-0.440990559346717,-0.450244712373992,-0.459685090949331,-0.469341018194832,-0.479211789304415,-0.489271098651295,-0.499555201461067,-0.51003060231157,-0.520751575522721,-0.531634705141772,-0.54274826566619,-0.55406728948547,-0.565594956609715,-0.577287874012036,-0.58917087614296,-0.601273198882701,-0.613509845662601,-0.625972671641453,-0.638383712589341,-0.651475849281886,-0.663921030372589,-0.676894384141971,-0.690323614545608,-0.703570413640034,-0.716910917217475,-0.730259814822887,-0.743664629013008,-0.75716635321875,-0.770640597943326,-0.784081248810736,-0.797464927147802,-0.810828117122345,-0.824084024602418,-0.83719292679136,-0.850184949711736,-0.862937588336457,-0.87554017080604,-0.887872614147319,-0.899931136934279,-0.911700794844302,-0.923082249727522,-0.934162718932424,-0.944795419202355,-0.954943624254966,-0.964701381457528,-0.973897055241281,-0.98255958665313,-0.99070774672934,-0.998231484916512,-1.00516139122406,-1.01145185084664,-1.01709696840778,-1.02207064356282,-1.0263135596248,-1.02991545892384,-1.03278327466469,-1.03489412965961,-1.03629661221317,-1.03697711869393,-1.03690087430544,-1.03607399078974,-1.03457682914933,-1.03236028098724,-1.02941267505241,-1.02575822708193,-1.02149541339167,-1.01654743348076,-1.01094798907847,-1.00473610139434,-0.997944143615292,-0.990583556691028,-0.982695509265152,-0.974294185701261,-0.965363955575815,-0.9564447207804,-0.94625906971404,-0.936032575725859,-0.925610682744999,-0.914789560429397,-0.903603487626755,-0.892162835300668,-0.880494516926656,-0.868624642733763,-0.856530145796169,-0.844290182289999,-0.831929828682818,-0.819473523162728,-0.806927273016316,-0.794307548481516,-0.781661050378762,-0.769007725666413,-0.756369397002461,-0.743746158938363,-0.731161978850633,-0.718626713429529,-0.706185953935975,-0.693838853341067,-0.681569613562433,-0.669430751263967,-0.657376750429415,-0.645506518053894,-0.633745708118934,-0.622143117222258,-0.610710124745106,-0.599439096369472,-0.588338557131903,-0.577411232480428,-0.566660987979385,-0.556090655755611,-0.545702859498095,-0.535499163489154,-0.525480783711016,-0.515648045248263,-0.506000926398133,-0.496538916067926,-0.487272578406118,-0.478193236833259,-0.469295771459748,-0.460584334565848,-0.452051668529172,-0.443711204365899,-0.435553248686307,-0.427562610465766,-0.419742968372986,-0.412102589153047,-0.404625841027328,-0.397317204699192,-0.3901618750587,-0.383195303633205
-0.442210982210327,-0.45130531603284,-0.460601607199203,-0.470091719759542,-0.479762260430816,-0.489655202572606,-0.499728908800386,-0.510010165558359,-0.520469975151521,-0.531143147997479,-0.542011537605284,-0.55304585551715,-0.564289719428351,-0.575695593937283,-0.58730148979695,-0.5990302133764,-0.610965394096425,-0.623047731706301,-0.63520379060223,-0.647705973546092,-0.660039702814221,-0.671686395530822,-0.685503662350454,-0.69822258566127,-0.711096624955955,-0.723950431958991,-0.736925404302395,-0.749897630968535,-0.762876584926109,-0.775786735864626,-0.788670363014915,-0.801495822698811,-0.814183162960701,-0.826806385143288,-0.839213011332431,-0.851462423661336,-0.863493276576422,-0.875243890682507,-0.886784486033675,-0.897994705235699,-0.908881796126602,-0.919401166463559,-0.929515276685565,-0.939261554344548,-0.948506153552015,-0.957270706817164,-0.965570487299864,-0.973274371126094,-0.980414181354217,-0.987034944230839,-0.993007109814028,-0.998361748183511,-1.00308555942166,-1.0071598039978,-1.0105697568411,-1.01326744958433,-1.01532543020774,-1.01669249102526,-1.01733917627264,-1.01727982651692,-1.01656760182496,-1.01515211958558,-1.01304537957468,-1.01025678085287,-1.00686319581414,-1.00282114246787,-0.998119093587529,-0.992810383098178,-0.986971692451418,-0.980537794388244,-0.973558703507011,-0.966065265818085,-0.958067174156088,-0.949652369157023,-0.941199714823037,-0.932113323060898,-0.921839677372402,-0.911816099611694,-0.901460376841154,-0.890775646208417,-0.87985607950702,-0.86870945075376,-0.857357322316788,-0.845772964855104,-0.834049927155891,-0.822200754958132,-0.810248606897544,-0.798196949085049,-0.786067975751255,-0.7739031172923,-0.761718818498509,-0.749530072337771,-0.737377984042537,-0.725195879605468,-0.713118603120044,-0.701068522306828,-0.689096071425265,-0.677229317634377,-0.665451796547728,-0.653820407018344,-0.642235552256072,-0.630819438655043,-0.619533736634719,-0.608397803665676,-0.597416321550315,-0.586591061993652,-0.575926703148176,-0.565427018122269,-0.555095439107773,-0.544934334381104,-0.534945961873077,-0.525131509213907,-0.515491795222624,-0.506031914516201,-0.496753219132254,-0.487650832653329,-0.478721372815708,-0.469972858821129,-0.461395675179853,-0.453007167598391,-0.44479053650506,-0.436724678061802,-0.428826443600436,-0.421114797446351,-0.413568123213449,-0.406171956552318,-0.39895368106162,-0.39187435293919,-0.384952135453017
-0.443238800483487,-0.452187700810197,-0.461322268689214,-0.47063099153734,-0.480155278593965,-0.489833131519957,-0.499717517419913,-0.509779415471764,-0.520039340357492,-0.530460473370368,-0.541060189299935,-0.551858036039114,-0.562814043785634,-0.573957317315848,-0.585225597881907,-0.59666910645896,-0.60827684093404,-0.619987482963377,-0.631855371617966,-0.643871974495902,-0.655816775709638,-0.668062020280112,-0.680442703867174,-0.692797516633947,-0.705160109054632,-0.717664676473845,-0.73014113415091,-0.742672876924193,-0.755152880987279,-0.767567757355297,-0.779968522527157,-0.792247557250894,-0.804469853514236,-0.816527248040357,-0.828431196252501,-0.840172311670623,-0.851653911586904,-0.862968557470259,-0.873972354680287,-0.884648042247328,-0.895064721423677,-0.905086284475427,-0.9147432372589,-0.923993343361148,-0.932799273002643,-0.941185517057054,-0.949040657361178,-0.956401314094429,-0.963267614103772,-0.969523261948203,-0.975186338949862,-0.980322411044023,-0.984812954828214,-0.988673472695638,-0.991911452829817,-0.994526972577251,-0.996482068839411,-0.99776345072222,-0.998402772562,-0.998407529458496,-0.997738492154781,-0.996404452295649,-0.994426215372477,-0.991835221006294,-0.988614246094715,-0.984768336741679,-0.980312310650479,-0.97533170461829,-0.969785581871407,-0.963670228364971,-0.957042286763316,-0.949947985645017,-0.942371398699556,-0.934228147899379,-0.925083200286444,-0.917376660982972,-0.907838944639272,-0.898313072543824,-0.88843041074035,-0.878234274659243,-0.86780777640725,-0.857153495713157,-0.846283688690285,-0.835192597219283,-0.823958537522881,-0.812594968602474,-0.801122490847967,-0.789544754828089,-0.777882411857562,-0.766175740568543,-0.754450501820812,-0.742709479589743,-0.730936938651028,-0.719240689535382,-0.707531967007069,-0.695874587053141,-0.684288943785173,-0.672792615700129,-0.661400565070642,-0.65006517501129,-0.638870124922529,-0.627763611686067,-0.616787902120507,-0.605945789438337,-0.595247008232387,-0.584692604304567,-0.574287175281181,-0.564034713511815,-0.553938859904815,-0.544002218435659,-0.534227237840214,-0.524617627240242,-0.515178052380364,-0.505905152528019,-0.496799014536909,-0.487857971020768,-0.479081109906037,-0.470484429122205,-0.46205876400569,-0.453785713764217,-0.445673086079112,-0.437721708795115,-0.429949149567604,-0.422337271065572,-0.414877955370012,-0.40757430490526,-0.400422559796266,-0.393428920600414,-0.386582763451062
-0.444080070319327,-0.452886233491381,-0.461855073949486,-0.471017759174754,-0.480333545155631,-0.489846691123531,-0.499533398824391,-0.50937824609556,-0.519405359539845,-0.529596476003036,-0.539981861543382,-0.550489889765664,-0.561184228913091,-0.572038831811782,-0.583039118467524,-0.594159986409068,-0.605417546141345,-0.616822993101722,-0.628345583340099,-0.639989499825963,-0.651642476685477,-0.663470023759137,-0.675384380889175,-0.687302184239945,-0.699262807327102,-0.71126562675817,-0.72341294680298,-0.735514484998296,-0.747468265952009,-0.759459262668166,-0.771352372909623,-0.783175396945623,-0.794891361918582,-0.806434670067573,-0.817871552949688,-0.829089865940471,-0.840115640388204,-0.850899679644885,-0.861403862452391,-0.871684300225192,-0.881604697170103,-0.891170569286155,-0.900412265724817,-0.909214210648841,-0.917609678011693,-0.925583971431384,-0.933073595299224,-0.940101977920245,-0.946590174919639,-0.952565651310068,-0.958031307794171,-0.962895981997652,-0.967144567324641,-0.970870854408262,-0.973966728377217,-0.976433252691726,-0.978280179443303,-0.979551745415491,-0.98018250712918,-0.980178606575907,-0.979538348042604,-0.97832344480096,-0.976487798002056,-0.974038414386814,-0.970979300054672,-0.967337359530361,-0.963158337410132,-0.95843006710986,-0.953147706626977,-0.947335121500395,-0.94106541690968,-0.934340642429905,-0.92716041408125,-0.919699437645533,-0.911994487506309,-0.903390593156635,-0.894268295004179,-0.885150423648007,-0.875707513411813,-0.865974994089614,-0.856012668411591,-0.845823803316253,-0.835413406110451,-0.824790205758761,-0.814019205562399,-0.803116652585491,-0.79210139124659,-0.780973809473224,-0.769757807455542,-0.75849188738293,-0.747166768817507,-0.735860940767346,-0.7245698796294,-0.713208736534638,-0.701909438163629,-0.690633448275061,-0.679433953434094,-0.668301400366401,-0.657218819072862,-0.646253498051772,-0.635371061480135,-0.624595017058323,-0.613920598928801,-0.603368379908036,-0.592944191585869,-0.582655156964645,-0.572504326566118,-0.562495429788591,-0.552632151493106,-0.542920666055997,-0.533361975033079,-0.523957950365044,-0.514709925684787,-0.505618686126729,-0.496683819447708,-0.487903623063532,-0.479291963375198,-0.470829825427618,-0.462535119916061,-0.454390334708043,-0.446400518148612,-0.438584100560696,-0.430921275730704,-0.423397522817039,-0.416027225314168,-0.408824884703282,-0.401760681725687,-0.394849495453174,-0.388062722867442
-0.444766373989628,-0.453408207565521,-0.462230357700244,-0.47120962388071,-0.480372058043694,-0.489683937890134,-0.499158750135917,-0.50881497299765,-0.518617590397409,-0.528588894366651,-0.538703862940793,-0.548987382869952,-0.559423179600397,-0.569979226042873,-0.580688250994019,-0.591508412955112,-0.602487216510817,-0.613540770937832,-0.624727536702338,-0.636007036169757,-0.647354834546644,-0.658798746518916,-0.670330235352629,-0.681896840556234,-0.693375623102782,-0.704561706177229,-0.716270806538077,-0.728315122811435,-0.7398895137742,-0.751379143508079,-0.762829700728009,-0.77421488007582,-0.785431809358891,-0.796568500266794,-0.807514849429398,-0.818252907504206,-0.828833931886191,-0.839133598991506,-0.849201576908513,-0.858995776332393,-0.868458143849688,-0.877647636351753,-0.886438200281614,-0.89486095225203,-0.90291710864476,-0.910491470423597,-0.917619409242001,-0.924323402900039,-0.93051749254037,-0.936215246550678,-0.941379098798732,-0.946023533418432,-0.950137398269905,-0.953672110228248,-0.956609307352629,-0.958994664262228,-0.960794840792412,-0.961986046580169,-0.962576446073201,-0.96257873225649,-0.96204259075059,-0.960884379883547,-0.959136196595734,-0.956809217540374,-0.95395233293859,-0.950527590107025,-0.946556926017173,-0.942065048889681,-0.937022541217291,-0.931537285114191,-0.925569943922439,-0.919066716778919,-0.912083512193853,-0.905190678044366,-0.896884163749565,-0.889663131295615,-0.880978756064103,-0.8723310969141,-0.86328998099224,-0.85399165578205,-0.84446680030793,-0.834718412808408,-0.824745325618999,-0.814565739484566,-0.804233288495045,-0.793770503506469,-0.783186845491858,-0.772499939279553,-0.761698660810717,-0.750866110333108,-0.739974059056189,-0.72905805013811,-0.71810170772195,-0.707214130176605,-0.696234805336438,-0.685369122711119,-0.674509966142814,-0.663723370937291,-0.652989760163629,-0.642339635103734,-0.631774639486669,-0.621304425031624,-0.610936653548714,-0.600674575983856,-0.590523207600746,-0.580494845899144,-0.570594502507295,-0.560826733189435,-0.551195414575992,-0.541703893004574,-0.532354962841526,-0.523150641569318,-0.514092587449492,-0.505180990331594,-0.496406518376337,-0.487789171128059,-0.479327988805678,-0.471018585263787,-0.462854695628468,-0.454843896569718,-0.4470011271018,-0.439295809851506,-0.431722821996866,-0.424304944528262,-0.417041982511921,-0.409923440537404,-0.402944347601374,-0.396118393711436,-0.389408951082154
-0.445270324959283,-0.453778382061692,-0.46243946439917,-0.471253831197904,-0.480227288813217,-0.489354411294882,-0.498657819319504,-0.508079756501747,-0.517678145095049,-0.527421948508692,-0.537313427427663,-0.547334138763274,-0.557490994869036,-0.567801339112345,-0.578232659937464,-0.588774397872301,-0.599407450003017,-0.610168737356386,-0.621033087061616,-0.631970577566497,-0.643015743893177,-0.65407892632817,-0.665218609887596,-0.676400392962217,-0.687722409747435,-0.698629656879844,-0.709347505025903,-0.721199536895674,-0.732315439454809,-0.743375708670478,-0.754417449393386,-0.765345207253896,-0.776151798283827,-0.786816501058529,-0.797294301662562,-0.807650027813753,-0.817757729186414,-0.827651468525877,-0.837314538135303,-0.846649381479767,-0.855710998919154,-0.864475984603965,-0.872862994862954,-0.880928495044397,-0.888575032227442,-0.895828042156183,-0.902691805333441,-0.909068517609015,-0.914946404192864,-0.920402889930955,-0.925340729244379,-0.929756582442378,-0.933655167691585,-0.937027008729582,-0.939866512498338,-0.942155905528516,-0.943867787570327,-0.945011584410852,-0.945618683752533,-0.945667072031872,-0.945117467140971,-0.944017460365304,-0.94237784408845,-0.94021246178332,-0.937496652151181,-0.934239513871575,-0.930471065051394,-0.926217519503683,-0.921469389166741,-0.916284908826019,-0.910590983096869,-0.90433566778146,-0.897623099146487,-0.891711578238927,-0.883468306385754,-0.875907971366733,-0.868048974802453,-0.859807553539003,-0.851164278714063,-0.842279780365967,-0.833166135649236,-0.823834444695602,-0.814277899873449,-0.804519516701269,-0.794604795555796,-0.784555391621509,-0.774395067697437,-0.764095479730549,-0.7537446838301,-0.743274428480879,-0.732790065747515,-0.72224824784844,-0.711676330617407,-0.701157608540566,-0.690606562918636,-0.68003699516714,-0.669546216858251,-0.659083089583051,-0.648687366541119,-0.638351603658187,-0.628093076786468,-0.617919441491767,-0.607837303404559,-0.597854144193129,-0.587976291795584,-0.578209376266393,-0.568558709732559,-0.559028824818093,-0.549623843515142,-0.540347270873832,-0.531201861007967,-0.522190050457234,-0.513313532035174,-0.504571902658598,-0.495978099591517,-0.487526932421718,-0.479222026686717,-0.471058858624058,-0.463041096431968,-0.455176795507683,-0.44743525075342,-0.4398387844493,-0.432388420677357,-0.425083611202179,-0.417920306787311,-0.410886112307084,-0.403993275351089,-0.397228949028872,-0.390619709994715
-0.445641830088021,-0.453991046772816,-0.462484989970074,-0.47114195048899,-0.479939885447127,-0.488889025576684,-0.497973617498234,-0.507221056281384,-0.516602599241887,-0.526110641728538,-0.535768040508311,-0.545547817524651,-0.555475197749738,-0.565493713936917,-0.575644975375266,-0.585907494361035,-0.596262111974378,-0.606715383543725,-0.617237498192051,-0.627858154431951,-0.638543017286392,-0.649273198017426,-0.66005355204652,-0.670868186055841,-0.681707549971338,-0.692455448295209,-0.703160993595831,-0.714021883346126,-0.724752847929564,-0.73548256202858,-0.746136517211196,-0.756634715980706,-0.767032215076137,-0.777249157868583,-0.787333581046699,-0.797245274576602,-0.806917783151078,-0.816419811629579,-0.825644327190914,-0.834608743148842,-0.843314937674098,-0.851672898854725,-0.859701277639979,-0.867405484530061,-0.874704031066139,-0.881634744146164,-0.888145382661845,-0.894238415668134,-0.899913133950032,-0.90510828635861,-0.909798289550404,-0.914038537270418,-0.917775231140229,-0.920981556585835,-0.923680217060524,-0.925848209679979,-0.927512817778703,-0.928642756714336,-0.929227893012991,-0.929262433782183,-0.928772240015231,-0.927763523177459,-0.926222058587689,-0.924157738622604,-0.921565300461388,-0.918475582853347,-0.914889927801285,-0.910828228938498,-0.906393415664597,-0.901476678903896,-0.896083159549741,-0.890335307955015,-0.884236034733895,-0.877755106668338,-0.870437852077076,-0.863069754293688,-0.855543152326358,-0.847609041161655,-0.839331927404711,-0.830832171807245,-0.822105992616171,-0.813168698014021,-0.804009377042118,-0.79465034386478,-0.78513370753706,-0.77548356776583,-0.765688803432748,-0.755856554579636,-0.7458220836698,-0.7357747444841,-0.725654310007394,-0.715485258213559,-0.705306680442591,-0.69507763849989,-0.684906534336774,-0.67471753674095,-0.664542124141697,-0.65440966014762,-0.64432552865923,-0.634299269448244,-0.624338517804585,-0.61445239718553,-0.604649223513802,-0.594935324641602,-0.585317147778571,-0.575800532733688,-0.566390597698641,-0.557092105557554,-0.547909170910476,-0.538845264136815,-0.52990356645011,-0.521086419249336,-0.512396507267602,-0.503841827663274,-0.495421546119409,-0.487131966227783,-0.478979764332963,-0.470970086700859,-0.463093928830593,-0.455343612298941,-0.447728276411554,-0.440255196105257,-0.432923445901506,-0.425729107104569,-0.41864784835926,-0.411724156551115,-0.404910688558794,-0.398238307733867,-0.391705362363084
-0.445852182540374,-0.454049190524126,-0.462406513980523,-0.470875076313351,-0.479507692877332,-0.488273139537691,-0.497179679179597,-0.506210641135595,-0.515374575154246,-0.524689225259938,-0.534102377794031,-0.543650316279682,-0.553312244493697,-0.563087389277282,-0.572984917815942,-0.58295294096723,-0.59302021045316,-0.603166259797433,-0.613398592009494,-0.62370802148962,-0.634054940822487,-0.644467687509075,-0.65488836110523,-0.665348218707951,-0.675796460485497,-0.686225025367748,-0.696617831424978,-0.707045869241377,-0.717328187808935,-0.727503555061133,-0.737989655501214,-0.748094776364487,-0.758012404709535,-0.767850018085537,-0.777566101066189,-0.787052162654226,-0.796372949740915,-0.805462160329009,-0.814275713500332,-0.822873358885155,-0.831186810682971,-0.83918626643433,-0.846901944483544,-0.854245729396835,-0.861246339386808,-0.867885766927537,-0.874100554576454,-0.879905693450364,-0.885297713697057,-0.890263854770871,-0.894776686773544,-0.898830180241045,-0.902385795816458,-0.905463575117957,-0.908065689573808,-0.910150830289663,-0.911721815060968,-0.912790274252895,-0.913354479571488,-0.913425935528024,-0.912989577931904,-0.912041568405982,-0.910583490317457,-0.908641680929908,-0.906207106835928,-0.903289361238154,-0.89987150073012,-0.895793115486392,-0.891880713320824,-0.887077397403255,-0.881932651675283,-0.876456173967186,-0.870507250621725,-0.864276683455471,-0.857524530123706,-0.850571540321499,-0.843348921269438,-0.835729726404931,-0.827787738335783,-0.819642642975149,-0.811282002109313,-0.802717860126192,-0.793935948253887,-0.784957973340323,-0.775820005324655,-0.76653132139125,-0.757164305184072,-0.747637610176548,-0.738020958630257,-0.728329311646807,-0.71857175099158,-0.70876883821766,-0.698925038397415,-0.689098384965853,-0.679226527329856,-0.669377924537895,-0.659522086171622,-0.649704797295866,-0.639927642490761,-0.630198473623962,-0.620526027668587,-0.610918653619883,-0.60138450650018,-0.591930515735577,-0.582566188889976,-0.573294320161935,-0.56412027660406,-0.555048697323148,-0.546083848069529,-0.537229233407578,-0.528488138852216,-0.519867944157561,-0.511366070083976,-0.502994439420843,-0.494737117497061,-0.486609917061423,-0.4786132617904,-0.470739557671968,-0.4629949850649,-0.455378154334002,-0.447899321725694,-0.440554706700222,-0.433325559449731,-0.426219664648053,-0.419262159818231,-0.412435011572056,-0.40571466241539,-0.39911128431333,-0.392744859485981
-0.445927795673789,-0.453984037919934,-0.462161194237519,-0.470491594957726,-0.478946913240145,-0.487522985549815,-0.49624008765212,-0.505076903109322,-0.514047081524566,-0.523120915638641,-0.532324133036434,-0.541648717025655,-0.551057975059188,-0.560580794538039,-0.570193318513,-0.579907765147565,-0.589703772093228,-0.599567402061681,-0.609488299547783,-0.619471613574393,-0.629513250626881,-0.639591882966514,-0.649685370342791,-0.65979797013175,-0.669913537809305,-0.680003461335909,-0.690089273887745,-0.700137679446037,-0.710131276814003,-0.719320123727297,-0.72905751869125,-0.73960154190115,-0.749141618178347,-0.758630652697426,-0.767942615592176,-0.777066294226896,-0.786009153585067,-0.79471310600836,-0.803216258132157,-0.811459567417427,-0.819390659610898,-0.82706384998411,-0.834434258550951,-0.841450208117523,-0.848162525234215,-0.85448972853378,-0.860437545695557,-0.866042768236786,-0.871198891613384,-0.875907269103339,-0.880211013521838,-0.884086947663495,-0.887495532774086,-0.890457520580007,-0.892937262136734,-0.894926362842021,-0.896462816230569,-0.897508328942988,-0.898057884326552,-0.898113012556299,-0.897690262627161,-0.896767680829877,-0.895445772521096,-0.893737171889384,-0.89139353837303,-0.888549241516499,-0.88509621972809,-0.882418948806328,-0.877309328600995,-0.872967177992127,-0.868156064588856,-0.862931958397495,-0.857254682772925,-0.851234843844102,-0.844829042596516,-0.838306161823449,-0.8317234898769,-0.824121699331755,-0.816513941808609,-0.808714011231577,-0.800689968466847,-0.792476114660692,-0.784058766295809,-0.775434320135321,-0.76666325760106,-0.757753730870737,-0.748694957835394,-0.739549999409006,-0.730307634802862,-0.720952160571482,-0.711546547523128,-0.702080295877074,-0.692591583785443,-0.68306243143913,-0.6735423038823,-0.664004469978968,-0.65448359948123,-0.644972116132732,-0.635490616322984,-0.626049401244058,-0.616657029444899,-0.607321764551494,-0.5980511836514,-0.588852254153562,-0.579731964029968,-0.570699492652326,-0.561756399711544,-0.552907313192553,-0.544156418874968,-0.535509340528362,-0.526972471402497,-0.518542762301316,-0.510225337984189,-0.502018390605591,-0.493930676033009,-0.485954690629399,-0.478107258639131,-0.470381631701322,-0.462775740149424,-0.455301296608552,-0.447952033765057,-0.440707524583231,-0.433590674741722,-0.426612810299244,-0.419751956908251,-0.413001266889292,-0.406373974863552,-0.399889361458509,-0.393682929562698
-0.44587321604328,-0.453775654603469,-0.461814806465926,-0.469966803559586,-0.4782448462985,-0.486664447160519,-0.495178988054778,-0.503826709769409,-0.512588935998352,-0.521468408650884,-0.530442549010712,-0.539515249248309,-0.548708260295865,-0.557988766650293,-0.567353944458126,-0.576791106037009,-0.586306140862967,-0.595891021585781,-0.605532338094937,-0.615228175815808,-0.624967350516433,-0.634722804275883,-0.644512799321427,-0.654289465474308,-0.66406899280783,-0.673840441776761,-0.683539294019295,-0.693267200393284,-0.702919437592052,-0.712443316797995,-0.721791463534663,-0.731145712593099,-0.74040931472644,-0.74954439347766,-0.758545403769824,-0.767321319070316,-0.775879703336679,-0.784233937472543,-0.792381375264571,-0.800270771026045,-0.807901458686796,-0.815265993665502,-0.822306174242546,-0.829047532657253,-0.83546610938438,-0.841513092282913,-0.847209359723336,-0.85253292621837,-0.857466845156381,-0.862017324525203,-0.866159673092338,-0.869844172268692,-0.873086391932844,-0.875913000798329,-0.878297346843883,-0.88021801222241,-0.881692640141014,-0.882690781226655,-0.88320746101849,-0.883260423716546,-0.882900439378162,-0.881977693296833,-0.880465756131437,-0.879202316066644,-0.87688448087475,-0.874220596764242,-0.871225515222681,-0.867816669427991,-0.863748498071065,-0.859511668201974,-0.85485904528562,-0.849865809147257,-0.844461849839988,-0.838666492943424,-0.832391482475785,-0.82538094071097,-0.819815141869789,-0.812524842878363,-0.805411195570362,-0.798000335975601,-0.790323499530657,-0.782445159685289,-0.774358294683108,-0.766104544688804,-0.757652535704788,-0.749087519342006,-0.740388265543948,-0.731581142659828,-0.722666185014502,-0.713669110037859,-0.704590061139261,-0.695459474915087,-0.686290463358134,-0.677091624535616,-0.667868629529172,-0.658642319656985,-0.649418295941831,-0.640208211403672,-0.631021079248278,-0.621859935125654,-0.612739635942457,-0.603668950243233,-0.594654918109884,-0.585704829840529,-0.576824774916798,-0.568024272207285,-0.559307043477756,-0.550676517206611,-0.542140214216355,-0.533699317700735,-0.525356441165708,-0.517110300609617,-0.508962092545263,-0.500921175752488,-0.49299437543397,-0.485184159533392,-0.477491282035053,-0.469907844980573,-0.462452892439487,-0.455102089017826,-0.447861139030283,-0.440743097575346,-0.4337534277333,-0.426885069685046,-0.420124819756582,-0.413469673404928,-0.406887968199388,-0.400386753354105,-0.393923719766237
