0.385916867319064,0.391021704395672,0.396167709055222,0.401348586875896,0.406560116295681,0.411804088992994,0.417069942306462,0.422368461166533,0.427679215045941,0.433007564560281,0.438347603514776,0.443708009968304,0.449048030768072,0.454411660695592,0.459756022285873,0.465101208225638,0.470421061193627,0.47572593447363,0.480998358400659,0.486235431830772,0.491444883889567,0.496611280902522,0.5017143602026,0.506758238214529,0.511752834188161,0.516684229452892,0.521521974719169,0.526288412086861,0.530955329580715,0.535522318991738,0.539974636421112,0.544307345922902,0.548516019990415,0.552583442393761,0.556282234950261,0.560123018408802,0.564119372450274,0.567655490768094,0.571011613192102,0.57421292287581,0.577222014084009,0.580078857492875,0.582742452134847,0.585227274194472,0.587504886543995,0.589604527364609,0.591499348153688,0.593175361138175,0.594672398174648,0.595938342746672,0.596997245026014,0.597853306409727,0.598479469671854,0.598904566461057,0.599112632748003,0.599092045547032,0.598880040956362,0.598444737998469,0.597789569312505,0.596942281087616,0.59587318432157,0.594602810231919,0.59314040963553,0.591458577753279,0.589581800683799,0.587538429499965,0.585273000829126,0.58288407933861,0.580300353548252,0.577561801208416,0.574795810101347,0.57156748385875,0.568184183473267,0.564803932919778,0.561252172969553,0.557563890335998,0.553729378432826,0.549783426937434,0.545706694672705,0.541510524032593,0.537211985358586,0.532819049974502,0.52831819258718,0.523732199528472,0.519070311300028,0.514312777483231,0.509487897486536,0.504601720958183,0.499651324325089,0.494637412989422,0.4895918012466,0.48452186534213,0.479375054606418,0.474185561167654,0.4689839344573,0.463750901855618,0.458499998907729,0.453247177999458,0.447975143955439,0.442712843746335,0.437441807324828,0.432152678517995,0.426883529903428,0.421622962875062,0.416382266650876,0.411156105345163,0.405940267567649,0.400749004799325,0.395584375066592,0.390448844323692,0.385344703123143,0.380268351116034,0.375228380029492,0.370243814141386,0.365270578637666,0.360363138141991,0.355485959623697,0.350650497659999,0.345865508104238,0.341134992810674,0.336427547757979,0.331788667280989,0.327216094060275,0.322671574848697,0.318189562997537,0.313745476340054,0.309365387656839,0.305032070498752,0.300754592741079
0.387328661080208,0.392549990421357,0.397810949376465,0.403109619827656,0.408445881945998,0.41381195659597,0.419213676428973,0.424638045031869,0.430091500884604,0.435551821298775,0.441044337016694,0.446532786858318,0.452040854211365,0.457537548018386,0.463048824941445,0.468537834363296,0.474024526904304,0.479485496575583,0.48492670856445,0.490325841189586,0.495700646856318,0.501072079658069,0.506290243742157,0.511506130559043,0.516656487298347,0.521746297344163,0.526772680872902,0.531692210834291,0.5365299435026,0.541228110380699,0.545859704123493,0.550330153822827,0.554704194287352,0.558915782277716,0.563050903438465,0.567105093692714,0.57091560462208,0.574557434206101,0.578050608629061,0.581383253520379,0.584501694192077,0.587468176186726,0.590239077736837,0.592798416667147,0.595191441815518,0.597355087543673,0.599315961445154,0.601073180148155,0.602597287985597,0.603927055470889,0.605026096963801,0.605899034186414,0.60656346606712,0.606991096947866,0.607202139188885,0.607194414015158,0.606946642408267,0.606500810481924,0.605823076002633,0.604922173919861,0.603822113394419,0.602489442709198,0.600961105246366,0.599226340969541,0.597253967827909,0.595129554915149,0.592793189187615,0.590310888554624,0.587601055124891,0.584696499025145,0.581548072628872,0.578652146085603,0.574996156405043,0.571527167952911,0.567845693093554,0.564033518231568,0.560056196290382,0.555962300029729,0.551749874719102,0.547405676848231,0.542961899475619,0.538422194584449,0.533770738358306,0.529028197605923,0.524208630285055,0.519302819944693,0.514319764403748,0.50927543945538,0.504181439456373,0.499018988933709,0.493810710761947,0.4885640244304,0.48328867773294,0.477957836088223,0.472599618413239,0.467227936405526,0.461835800078396,0.456421773634353,0.451014801812192,0.445611175489298,0.440214281566425,0.434785484825205,0.429378171201297,0.423981497542259,0.418609830390954,0.4132605778363,0.407922623609083,0.402611375008986,0.397329932560204,0.392080480868503,0.386866329963203,0.381684221944288,0.37654462698191,0.37143297468869,0.366383157366142,0.361369254727965,0.35639295298046,0.351474642202267,0.346596527261154,0.341763696873003,0.33699359872369,0.332273640238981,0.327607728636052,0.322999794645528,0.318438218689286,0.313930454829843,0.309479676678407,0.305095687383491,0.300765237356489
0.388698853697382,0.394033421053095,0.399411681697231,0.404833684221549,0.410292632709975,0.415792991890441,0.421321658208629,0.426890023225215,0.432469143684771,0.438090887944775,0.443716530812623,0.449364370251605,0.455009563598916,0.460679088971368,0.466332938655062,0.471997997070371,0.477637691573032,0.48327369025822,0.488869915683612,0.494444327013236,0.500092006518513,0.505414965779314,0.511032408638914,0.51631366892052,0.521606938059884,0.526897951768288,0.532092159013468,0.537192512027079,0.542184394694309,0.547096464196021,0.551841190891539,0.556516819149707,0.561025505102619,0.565455936091629,0.569757543253696,0.573892668839091,0.577859063575735,0.581623674457206,0.585252301076373,0.588712664551765,0.591972501737268,0.595043430090722,0.597907142835869,0.600590872514339,0.603042348937412,0.60530706404474,0.607343421767374,0.609154058753196,0.61076010653451,0.612122610290761,0.613275719474207,0.614173191619976,0.614845101336718,0.61530517441846,0.615515218832515,0.615498436091464,0.615255063771595,0.614760648860365,0.614065967547926,0.613125557137858,0.611965466290057,0.61059363796478,0.608979999846328,0.607179536830304,0.605132168246754,0.6029120596056,0.600504168588852,0.597910962955437,0.595078046950704,0.592025315475061,0.5887551046061,0.586072702882309,0.582096927574673,0.578409389827883,0.574582457886553,0.570619466188951,0.566511986076674,0.56226216462218,0.557896729892302,0.553417434328639,0.548813212888148,0.544112028314374,0.539311474474057,0.534404988342234,0.529420723966046,0.524360888254407,0.51922006465832,0.514019359107049,0.508763183674591,0.503444106676224,0.498074573177747,0.492666008195937,0.487221117063499,0.481738849778858,0.476226609047592,0.470709240999212,0.465184981556376,0.45962026763754,0.45406085262598,0.448524261063448,0.443024055790056,0.437371549214182,0.431835728933906,0.426308884560715,0.420807650812409,0.415337945954453,0.409876888447995,0.404444230515642,0.39904418283984,0.393679575414662,0.388352226642496,0.383055214619161,0.377807746265761,0.372603729523638,0.367436377982346,0.362322303234442,0.357255145333219,0.352237547792187,0.347276756263867,0.342360640560112,0.337502558835875,0.332697021861155,0.327937216269578,0.32326680820852,0.318636277170025,0.314055951082624,0.309551006075578,0.305093360527744,0.300685214197015
0.390017763145942,0.395468072051042,0.400969007088687,0.406512824605607,0.412105216726349,0.417732051307875,0.423404454514589,0.429104205669839,0.434836048489434,0.440594529072246,0.446381261899503,0.452171874243467,0.457988822452462,0.463804199574511,0.469638372326782,0.475451950641357,0.481279585381911,0.487064628094282,0.492844965510443,0.498587891771999,0.504194906955731,0.509897059349457,0.515580428961997,0.521062532401931,0.526541633446979,0.532136321134841,0.537506329529767,0.542781669228259,0.547963452658142,0.553022984817043,0.55796945010915,0.562783085550097,0.567504434693145,0.572109296748392,0.576531182046912,0.580840758581896,0.584933818438505,0.588880994612788,0.592626068086388,0.596222539131016,0.599606161556178,0.602794689908156,0.605785627056191,0.608551281878103,0.611127144733487,0.613463203661659,0.615582885078599,0.617474621528391,0.619120068665618,0.620555285645465,0.621742980760249,0.622675325932696,0.623376589842264,0.623832492138362,0.624064816031251,0.624033396166001,0.623772267775944,0.623269969424659,0.622517704438958,0.621551778403865,0.620328258633709,0.61889528454632,0.61722902750948,0.615324255945456,0.613221647783046,0.610893219454535,0.608397590505508,0.605681939717586,0.602739251482565,0.599586407911422,0.596219677044439,0.59269386893134,0.58921530515793,0.585414310243775,0.581459547536677,0.577344069567414,0.573091714237829,0.568689731035897,0.564167431076527,0.559534108766935,0.554768130435824,0.549897525523045,0.544934591856605,0.539863557084003,0.534710391476971,0.529490459656085,0.524190204218785,0.518818730638815,0.513392349106991,0.507912475362696,0.502374956850582,0.49679891534394,0.491192234902987,0.485550733006624,0.479887465932386,0.474211086683652,0.468513228404306,0.462810458901609,0.457104607879862,0.451419137634683,0.445919749464938,0.439925587888802,0.434247240474215,0.428620451199628,0.423000900265485,0.417389093863932,0.411802410353734,0.406245654644879,0.400723739745326,0.395239905622027,0.389796889340338,0.384382566534688,0.379022879697856,0.373708610527572,0.368443339482967,0.363226630020594,0.358061598915346,0.352953028411991,0.347898936386053,0.342899220349573,0.337956241171539,0.333066401209343,0.328226473043132,0.323469155775628,0.318763539345332,0.314128848049072,0.309543572975655,0.30503400471458,0.30057044879386
0.391281567184643,0.396854002208857,0.40247432679843,0.408151394565276,0.413868473282219,0.419638241911648,0.425441871224662,0.431294509415177,0.437166683237733,0.443086806478863,0.449009366013497,0.454974128769644,0.460942308501971,0.466940556968872,0.472924490873979,0.478930175387146,0.484903368552415,0.490890418917853,0.496833631144915,0.502771680378856,0.508597844303345,0.514434849304546,0.52018625471195,0.525748932892708,0.531917213163542,0.537451539223413,0.542994332572141,0.548460472039447,0.553818890706415,0.559072419521919,0.564192096512933,0.56922116406553,0.574090028613605,0.578876508863123,0.583476479499414,0.587916338016858,0.592192797486463,0.596273345548752,0.600198287653468,0.603907514386896,0.607437041069284,0.610750261892747,0.613851402586884,0.616750178360431,0.619408827515608,0.621850141126656,0.6240507856497,0.626009486964149,0.627736949446484,0.629202223848986,0.630445634624785,0.631404482794484,0.632141564790244,0.63262088648173,0.632832755630318,0.632814990179545,0.632519832200615,0.631999057540497,0.631216144112988,0.630190508497272,0.628932379153678,0.627413316690562,0.625685558597137,0.623697137762461,0.621503954541089,0.619110101414921,0.61648090058129,0.613652349447159,0.610597550412042,0.607347603469433,0.603870909095433,0.600848895890158,0.596738716127857,0.592594575415882,0.588519819727637,0.584217187568923,0.579794126161619,0.575252065738979,0.570558547329391,0.565750922381971,0.56082874803007,0.555780451697693,0.550639643732304,0.545411170433474,0.540087091731939,0.534689191249113,0.529222732325757,0.523673413919779,0.518069757768954,0.512418460546551,0.50670938575345,0.500965730483218,0.495197361089275,0.489395484503638,0.483565511129631,0.477721457330115,0.471866140266983,0.465996731989547,0.460102740584716,0.454133915037119,0.44870193669229,0.442623303536514,0.436709317882486,0.430928244205614,0.425163309968614,0.419423120484933,0.413703760935002,0.408010805554643,0.402361078754135,0.39675776772084,0.391195264922552,0.385664255960935,0.38019160332513,0.37476848552482,0.369400337422707,0.364083196607298,0.358817131837969,0.353614166057082,0.348468514267909,0.343377191018927,0.338347236081177,0.333378606968129,0.328469720783529,0.323609940080854,0.318837555162091,0.314130091069145,0.309481198060153,0.304890271952317,0.300381692254427
0.392491756905287,0.398180046475735,0.403933931972066,0.409732442552268,0.415592624159677,0.421492958788507,0.427449776204126,0.433432492057535,0.439472590320594,0.445531657661934,0.451636985067456,0.457748251324083,0.463897602241881,0.470049136477872,0.476224705103437,0.482382574032633,0.488570927683093,0.494698240327259,0.50084442772397,0.506960997528712,0.513035638953951,0.519078367914867,0.525082561115991,0.531123999082181,0.537011724235762,0.542836235516075,0.54857013820037,0.55422619386018,0.559789431143138,0.565217688641298,0.570550872315087,0.575745564923618,0.580844188909791,0.585778183302338,0.590566121247762,0.595176544384305,0.599605088251461,0.603869384083612,0.607932241312034,0.611805701817322,0.615466655428825,0.618913215940064,0.622148359930319,0.625148586844576,0.627928718983352,0.630460086397992,0.632750290087508,0.634793906668579,0.636574594869686,0.63811641677779,0.6393781213679,0.640403223916084,0.641147233840656,0.641640835863326,0.641865693250159,0.641823444135204,0.641532657511832,0.640958080222113,0.640155085544853,0.639068811124234,0.637753452019043,0.636178644205048,0.63435882813495,0.632294727693497,0.630007414825962,0.627506439979041,0.624767949937014,0.621808521517056,0.618650857358593,0.6152825822543,0.611731235064052,0.607941193087397,0.604506630509708,0.600001361701228,0.59564864927517,0.591229120907082,0.586640997271052,0.58192783025663,0.577073106786833,0.57208232144599,0.566984745545308,0.561762640221277,0.556442872817635,0.551041219978391,0.545541009053266,0.539957198612272,0.534306600554921,0.528583065229403,0.522794588898383,0.516963261141681,0.511092370460865,0.505173402086796,0.499227108274036,0.493254947449859,0.487253542339859,0.481237541262841,0.475211750229893,0.469188964888445,0.463146968500869,0.457144166784914,0.451161860059829,0.445254347518104,0.439194875189787,0.433220733860467,0.427300148233211,0.421430866242984,0.415569553095002,0.409750051295076,0.403963356157072,0.398227013247177,0.392544652166682,0.386898757808424,0.381311938725075,0.375777147353133,0.370299632273302,0.364876968846063,0.359515340848282,0.354213057385671,0.348969378947941,0.343788618797013,0.338668643444804,0.333608266671286,0.32862262473028,0.323706536707078,0.318849130285589,0.314060709932639,0.309348834463313,0.304691172345041,0.300111940285081
0.393633495035072,0.399455864851953,0.405326613410432,0.411269168290491,0.417256439963619,0.423309228011704,0.429401177869164,0.435535280970447,0.441730114814926,0.447961209193229,0.454216183604806,0.460514588879318,0.466813953116509,0.473157977336029,0.479495308197284,0.485857334820419,0.492179544413424,0.498539346862885,0.504874368027717,0.511189986731345,0.51747158002842,0.523749572205373,0.529978498858071,0.536146246091044,0.542257251936651,0.548276736574126,0.55423065411618,0.56009277801144,0.565850784515216,0.5714983616309,0.577013789449674,0.582426351024808,0.587714176229966,0.592851879835893,0.597803745298375,0.602600072144135,0.607209203863358,0.611638586071892,0.615870666336287,0.619897263763514,0.623704718223599,0.627301281513447,0.630653795212836,0.633791151626639,0.636672451373238,0.639312828807583,0.641694739498678,0.643816020480533,0.645679074634214,0.647263495137748,0.648595317246808,0.649630586527656,0.650423677709612,0.650912781123883,0.651152365633568,0.651098366796382,0.650783209217832,0.650193235485838,0.64932945752073,0.648213287488959,0.646814188191878,0.64517833255815,0.643267871687494,0.641120508653608,0.638741256345428,0.63611942183465,0.633261887567962,0.630180078107157,0.626878030945474,0.623395270859857,0.619673476987128,0.615718300341534,0.611527378441604,0.607767333200748,0.602931819300366,0.598388762436572,0.593634029455052,0.588731197449056,0.583709425005162,0.578531238180113,0.57324167276682,0.567852340784761,0.562345635774514,0.556750244755368,0.551072689254949,0.545294739076647,0.53945036981927,0.533547194190741,0.527574363729349,0.52156278116399,0.515510020002088,0.509408214965478,0.503277165604041,0.497123325586057,0.490949747050077,0.48475535775619,0.478563202452642,0.472376341609309,0.466186902641971,0.460007743077405,0.453869530286807,0.447742136340255,0.441587954378874,0.435481448036853,0.429394224520173,0.423474991678091,0.417397848887105,0.411440245088609,0.405518428778381,0.399651961834852,0.39383962410139,0.388078690883482,0.382369916260707,0.376725612052598,0.37114144694363,0.365618207776273,0.360148965266935,0.354743088703032,0.349408204742811,0.344134193517706,0.338930737629102,0.333797587676985,0.328719823174858,0.323701823193017,0.318788854669162,0.313933040830872,0.309145107453379,0.304426619183168,0.299785160245135
0.39472116718395,0.400654605579781,0.406670883778985,0.412735337169327,0.418876149346811,0.425061732822554,0.431316003555721,0.437606907786409,0.443959190523452,0.450342810058319,0.456776360107749,0.463227606123248,0.469726358290171,0.476233034572511,0.482769224775692,0.489314054834792,0.495831364091488,0.502344810007594,0.508912310491671,0.515438991951024,0.521958692561945,0.528446383268756,0.534861961954479,0.541258434447282,0.547560216341138,0.553812441263232,0.559972069431621,0.566052632935285,0.572020851707901,0.577875706862851,0.583625967246819,0.58922613146491,0.594740142881323,0.600055723822539,0.605217012830393,0.610190134111238,0.614997434629566,0.619601490390322,0.624008821256684,0.628194684304302,0.632168660179075,0.635898272370053,0.639411305588444,0.64265681222302,0.645669880877074,0.648409588480329,0.650892092550237,0.653099947063899,0.655033629736127,0.656690117924873,0.658058868956702,0.659153643539824,0.659947338052334,0.660475628363973,0.660689947296195,0.660650061260345,0.660290971809898,0.659683508296133,0.658768369147976,0.65759665399698,0.656140938149224,0.654419453077371,0.652434140510603,0.650185611692802,0.647694303567148,0.64495948859983,0.641973624509069,0.638772773636399,0.635337621844322,0.631685273367563,0.627812183214908,0.623748692307166,0.619680006134268,0.615507357597838,0.610480521395128,0.605684959842645,0.600772167537484,0.595674801331067,0.590453964739901,0.585101233571157,0.579611778666912,0.574031353578833,0.568343161847924,0.56254524078671,0.556666919001004,0.550701970361631,0.5446552938602,0.538562994689418,0.532410284697801,0.52620156869201,0.519953495880763,0.513668441750341,0.507345675784833,0.501003303393568,0.494653199174655,0.488286167590315,0.481922565506282,0.47556011857247,0.469198235193344,0.462853004076965,0.456532312552077,0.450236564258407,0.443947279703434,0.43766626006191,0.431355359041636,0.425290178488528,0.419161571430242,0.413035542501187,0.406993878177014,0.401010062298978,0.395083980337384,0.389197355991266,0.383375246967142,0.377616587527653,0.371922527231339,0.366297297686944,0.360722890624225,0.35520997481818,0.349780586078372,0.344414738279315,0.339125238590921,0.333892217419161,0.328743156432361,0.323656788127352,0.318656276148995,0.31372925782077,0.308873456368783,0.30409130320004,0.299382330977825
0.395721100644768,0.401802097585817,0.407933045090473,0.414152950549199,0.420421772667437,0.426770238424242,0.433158620070848,0.439623627989015,0.446123470430073,0.452688350313852,0.459277535133306,0.465927952385564,0.472591752819951,0.479309974374415,0.486035157288405,0.492841604668268,0.499254069909326,0.506257830304489,0.512997007913469,0.519753757506959,0.526466042046149,0.53315406595718,0.53982035493189,0.546397133201863,0.55294948056905,0.559406354473911,0.565807241392383,0.572103964770563,0.57829940847832,0.584381434197522,0.590335616647631,0.596200167930298,0.601912469092374,0.607427584866699,0.612782924780558,0.617976955269683,0.622962032369249,0.627770640276721,0.632345397052654,0.636719053594166,0.640840783628555,0.644749925762298,0.648381828511694,0.651789732928561,0.654906190628284,0.657774885243355,0.660348431453046,0.662653555853882,0.664660597128122,0.666386054171679,0.667808154804909,0.668940028644451,0.669769206810646,0.670299910928171,0.670534604333052,0.67046291742203,0.670106712173483,0.669438587418748,0.668494140946133,0.667247950868425,0.665727909535941,0.663922111976897,0.661842138309225,0.659499443345139,0.656889261735229,0.654029455093149,0.650924272883741,0.647567245170192,0.644007526754475,0.64019210565075,0.636184399108799,0.631892146620214,0.627524445124237,0.623187937226823,0.618038879103365,0.613153789420294,0.608030684492116,0.602761119555835,0.597329242863969,0.591776569529752,0.586105103100262,0.580314589713508,0.574427758816179,0.56842713288332,0.562336998581225,0.556174586479836,0.549933357684374,0.543637559225785,0.537289179977677,0.5308785572724,0.52442744480658,0.517947856565584,0.511430554424394,0.504902741923353,0.49837093992394,0.491821818794642,0.485273215633931,0.478726549509149,0.472193174100047,0.465669368660189,0.459166287797493,0.452710698977977,0.446266364735289,0.439855539615487,0.433493323731341,0.427303678044246,0.420774260148132,0.414587989848052,0.408440582905377,0.402346559050369,0.39628054727093,0.390266964230092,0.384323610305504,0.378433954316916,0.372626644040242,0.366892776609456,0.361205486416007,0.355608016880035,0.350074118568802,0.344618815117366,0.339225722794476,0.333928621321172,0.328695757497097,0.323535945395158,0.318435667026478,0.313453089175046,0.308523917614543,0.303675839495603,0.298889299699066
0.396668090095275,0.402857816986804,0.409143920469422,0.415487011842606,0.421915871640091,0.428394219373662,0.434948618282778,0.441567098009013,0.448252914595156,0.454969454776006,0.461759086791068,0.468573070791061,0.475449946876806,0.482322840856824,0.489302331801842,0.496278909307215,0.502553746438587,0.510252394229308,0.517134871683167,0.524055418440176,0.530999177841608,0.537915112123176,0.544780100105597,0.551623840265891,0.558378169613882,0.565095658569217,0.571712692566825,0.578257551514378,0.584673610634026,0.590988474458835,0.597198361013439,0.603257910996256,0.609206966632392,0.614950115284959,0.620544489263994,0.625924130017377,0.631144979647604,0.636121795764349,0.640915066583399,0.645445367990672,0.649770943200232,0.653814644665532,0.657633792023926,0.661151048907804,0.664428777441133,0.66739092393417,0.670094577495365,0.672474861048749,0.674581769869241,0.676358101298182,0.677853337267341,0.679010633089236,0.679883077813236,0.680416107506163,0.680661154048352,0.680571752055644,0.680191363452312,0.679488054291156,0.678490952896086,0.677180632360747,0.675584817851171,0.673683233982954,0.671518344641968,0.669050958160414,0.666362088946971,0.663353703548152,0.660132505118311,0.656608487737661,0.652889423367208,0.648930095435599,0.644739791244655,0.640375319599905,0.635858397872741,0.6311505203343,0.625989507930714,0.620783681806319,0.615450784302506,0.609974525444671,0.604338389591085,0.598574544004211,0.592708105272129,0.586703509929449,0.580595505369911,0.574396356071517,0.568085165755696,0.561712109587366,0.555277538832508,0.548764733830812,0.542202030942435,0.535592070588925,0.528930360658357,0.522242166943768,0.515545177196714,0.508819539103983,0.502089030278267,0.495351791800233,0.48861228001712,0.481875765591968,0.475160659814308,0.468459245621488,0.461791286828159,0.455157330826289,0.448560035108682,0.441998225002622,0.435482680312521,0.429068039875322,0.42254604085247,0.416144914390307,0.409834261115728,0.403586211861373,0.39741254434289,0.391289225285534,0.385206861390109,0.379198525668396,0.37326393483294,0.367412717221624,0.361639606473003,0.355930550977566,0.350301718216023,0.344755141361649,0.339282308808299,0.333896817974211,0.328574502175485,0.323328023558641,0.318172515870355,0.31309619960658,0.308089257969749,0.303193484999377,0.298351070724395
0.397515500479747,0.403854459495874,0.410263962650091,0.416760004959746,0.423319640373004,0.429972889403762,0.436676157523011,0.443472979797055,0.450307277897476,0.457223684376813,0.464176484758536,0.471201718981076,0.478261299945525,0.48533843368851,0.492409944840987,0.49948672193488,0.50664850776894,0.514071741222527,0.521227016149507,0.528366774297748,0.535542245430505,0.542683122828504,0.54981954356721,0.556867021504893,0.563899387450399,0.570833651206702,0.577719887664636,0.584485111100076,0.591170806124678,0.597718259107399,0.604157916004489,0.61048896590286,0.616658831268064,0.622662318193296,0.628453980680816,0.634094856951969,0.639494049396058,0.644718801441161,0.64967613733194,0.654435930060572,0.658911129862851,0.663163933854793,0.667111504845751,0.67081532877556,0.674198023104408,0.67731855925445,0.680104799631713,0.682614096511501,0.684778763424119,0.686656059344096,0.688180472835479,0.689411631340456,0.690285013020365,0.690860316113876,0.691082215692072,0.690999704018424,0.690576501684394,0.689840198052313,0.68878103438429,0.687404378319529,0.685732576060898,0.683749273578106,0.681479005491227,0.678901785258959,0.676058868772151,0.672918412059921,0.669531271064413,0.665894641557117,0.661987825841796,0.657882294548007,0.653522357998314,0.648952468698542,0.644163882214887,0.639221924185938,0.633940470177451,0.62853236446469,0.623010510543363,0.617317967787717,0.611477894428209,0.605503242559869,0.599406828232378,0.593199795284636,0.58686070242159,0.580432657738062,0.573916070891926,0.567324672975823,0.560670159509141,0.553943750082116,0.547158246900315,0.540332324728597,0.533460281541337,0.526573365276546,0.519669830061666,0.512741230342284,0.505805304167326,0.498866410456296,0.491935178517082,0.485003473130504,0.478111958022346,0.471237536448311,0.464388899238133,0.45757591927321,0.450798156513499,0.444066038712701,0.43738537357092,0.43075962900819,0.424166328025383,0.417627000920908,0.411168465932843,0.404769668041842,0.398477690239483,0.392240121754492,0.385998017165911,0.379882585525312,0.373832447336642,0.367863285741453,0.361985269694567,0.356177241766869,0.350454612337722,0.344808582619687,0.339245258915599,0.333764965542108,0.328371266111722,0.323052619319248,0.317803431553,0.312635518220145,0.307587665623461,0.302628972684908,0.297733152891638
0.398291257647613,0.404754796354993,0.411306887602667,0.417940379587988,0.42466115102933,0.431456042776276,0.438345715761992,0.445288622933965,0.45231722671812,0.459400220431312,0.46655894840673,0.473757349866667,0.48100920503633,0.488266277956441,0.495543554487391,0.502949409561537,0.510414393281928,0.517822070192251,0.525258427186548,0.532702816555211,0.540092021287563,0.547508826657506,0.554859300175554,0.562197516876352,0.569448613024413,0.576669239546825,0.583789464709415,0.590846639452158,0.59777096218815,0.604566462421141,0.611289014797987,0.617833023737598,0.624268819970948,0.630518011370876,0.636582335639778,0.642420948798384,0.648090341521324,0.653491038369264,0.658707727082599,0.663630531499667,0.668339782802855,0.67273916683662,0.676894339477917,0.680725708556048,0.684286446832779,0.68751302817664,0.690445711956193,0.693036926569492,0.695315305272895,0.697247745087521,0.698853208069605,0.700110749437282,0.701032991628568,0.701607484338338,0.701839814697551,0.701734840867369,0.701275180144638,0.700498527568736,0.699365466313432,0.697946247400228,0.696162346361408,0.694103914538887,0.69169877459628,0.689018362077715,0.686015886577195,0.682767325889661,0.679215606169508,0.67542154134127,0.671367916902271,0.667070483915125,0.662520900015286,0.657744243526189,0.652739195523456,0.647662037433739,0.642633634213816,0.636446002048591,0.63072493091696,0.624808059937047,0.618739150183854,0.612561544816351,0.606224948798928,0.599781226946189,0.593224325139473,0.586554413136433,0.579826107752931,0.573006525924798,0.566117057086793,0.55916969209773,0.552156617431514,0.545099236173595,0.538033165363955,0.530922563306247,0.523800402411815,0.516664718127571,0.509516771997531,0.502367968704429,0.495242853837103,0.488126896366472,0.481041952756026,0.473977376112073,0.466945539967038,0.459948587740717,0.452994435104131,0.446091105134081,0.439233564723232,0.432458346939547,0.425721691211524,0.419035182886234,0.412412579182241,0.405863129155302,0.399400065793227,0.393285241958754,0.386646277809138,0.380437788977336,0.374299142823272,0.368241559951146,0.362236602042413,0.356336496602038,0.350513340871082,0.344776542273068,0.339126569717321,0.333546207937017,0.328080774093704,0.322662610723137,0.317371519238229,0.312137312285151,0.30699389734656,0.301959470303809,0.297013938664373
0.398967865869289,0.405563884118941,0.412258297800526,0.419040436268127,0.425911030565793,0.432874818850543,0.43992268621108,0.447053267316182,0.454251995769408,0.461521538835989,0.468859202551771,0.476265077214301,0.483717846766145,0.491302779518268,0.498482073131167,0.506491843473657,0.514030848869801,0.521667824936016,0.529344166051441,0.537005371683618,0.544686329923076,0.552327338606456,0.559969898079589,0.56753615618698,0.575087638937982,0.582548208783884,0.589960476358896,0.597264944935642,0.604485683834798,0.611598736629092,0.618501065044738,0.625356358343189,0.632020500851828,0.638557816677607,0.644851256784459,0.650991360805235,0.656854893750632,0.662540943044598,0.66792971334919,0.673118213471649,0.677991149378607,0.682622660740958,0.686927278444473,0.690956294558321,0.694649805476395,0.698036211274604,0.701082574362123,0.703793705229592,0.706164002548544,0.708175667774587,0.709848585092762,0.711145549260691,0.71210811031554,0.712685461720128,0.712927122847389,0.71279335985339,0.712311944585284,0.711484395344609,0.710306424185369,0.708810191112342,0.706907126924075,0.704751497918639,0.702233197694295,0.699405707028337,0.696288504363982,0.692853466575617,0.689154128407272,0.68519915812124,0.680943579276131,0.676451455086611,0.671712904034875,0.666751988655441,0.661456943726877,0.655998158375244,0.650439095201615,0.644594436308846,0.63858168376659,0.63244890940756,0.62614587770429,0.619719165181232,0.613163062030184,0.606467353602141,0.599673002397818,0.59277304649852,0.585800463051336,0.578755356816409,0.5716220558434,0.564430219246603,0.55719573004553,0.54991120148908,0.542616326729117,0.535286437402003,0.527938348649258,0.520576798007151,0.513220227122001,0.505860594720358,0.498538925815111,0.491223004058438,0.483936786158832,0.476674866697581,0.469455478667815,0.462269959510495,0.455139243503027,0.448071948739164,0.441051311429831,0.434100413304403,0.427204429521226,0.420368877357715,0.41361764085939,0.40690692403294,0.400200782725936,0.394193717184275,0.387262613302056,0.380939395994492,0.374685599131447,0.368511020896697,0.362416260654517,0.356405214825884,0.350493818325674,0.34466619529519,0.338927789060135,0.333262427696177,0.327687619653355,0.322212914405855,0.316827820124431,0.311514660706128,0.306305637336398,0.301216482826585,0.296206680052145
0.399539136552139,0.406282555566594,0.413112143939554,0.420047920015821,0.42708262142891,0.434206255228399,0.441410338587675,0.448718689369844,0.456099625877611,0.463562925561575,0.471093940101321,0.478703276934,0.486398151922951,0.494193412893842,0.501506711669101,0.509724640233496,0.517632033648352,0.525500103349132,0.533409210459467,0.541341125275901,0.54926351384033,0.557191536346259,0.565083265439922,0.572952644604666,0.580751033523216,0.588520896232245,0.596194579656219,0.603793107367474,0.611319350597226,0.618664327416462,0.625879810428713,0.632991533420031,0.639986049667992,0.646755316204231,0.653366497482661,0.659718995013885,0.665889093300163,0.671773226212387,0.67745350753745,0.682821929763567,0.687954608501903,0.692757000184981,0.69728257349609,0.701470429308633,0.705341539283758,0.708872638678678,0.712049726060467,0.714889087818854,0.717341453902922,0.719462043750432,0.721176509078487,0.722551877249772,0.723526181120265,0.724128408688185,0.724361897463101,0.724210445112769,0.7237227669923,0.722796987880053,0.721591175344559,0.719946111035681,0.718021918891428,0.715710522717377,0.713081597217749,0.710112688592082,0.706803426266429,0.703251039329789,0.699330582590798,0.69521499922788,0.690790681240323,0.686052446437208,0.681144872477949,0.675860206223419,0.670387443881699,0.664591398908738,0.659016095025245,0.652847713906222,0.646618047054247,0.640216202767269,0.633699668601075,0.627009331477059,0.620201944456175,0.613264360033529,0.606205653001696,0.599082261972508,0.591852888859516,0.584551497166017,0.577183267837159,0.569739224082334,0.562261056326371,0.554756536934538,0.54721696173031,0.53965451905286,0.532077697718644,0.524484381569046,0.516911215324153,0.509347525618249,0.501807640701209,0.494283456237011,0.486791834468086,0.479330410823048,0.471913414078631,0.464550085077531,0.457236978801444,0.449991959054446,0.44280138910678,0.435678507378571,0.428611306752798,0.421629778160424,0.414716847895577,0.407901705378522,0.401190036629922,0.394655558048172,0.387946978205193,0.381400514857484,0.375007229164519,0.368709514970069,0.362501842850856,0.356394091238624,0.350372145197559,0.34444422928298,0.338613711116391,0.332866938168415,0.327213444223356,0.321656236904434,0.31618144565134,0.310822148416433,0.305540982871209,0.300383585002316,0.295315089514478
0.400022426951845,0.406884898055978,0.413875577668303,0.420950561886532,0.428143907703599,0.435422687348011,0.44282966208981,0.450295390400711,0.457874300334136,0.465521530129245,0.473255803378084,0.481066730354772,0.488943157026857,0.496875071289427,0.5048342209687,0.512964781478951,0.521167310438821,0.529291801067882,0.53746845425944,0.545656371523266,0.553857630059325,0.562056509561534,0.570244655937183,0.578380098980134,0.586493843022709,0.594536394414706,0.602524862501952,0.610418733592497,0.61820437748869,0.625873192998943,0.63344331703978,0.640798338623746,0.648083319255404,0.655181327657066,0.662026496589922,0.668712061057977,0.675101611752675,0.68129866432703,0.687183099086905,0.692841201585361,0.698165887283876,0.703216469830225,0.70792644451353,0.712314049942068,0.716360412547911,0.720037768742299,0.7233789110152,0.726312665403797,0.728910361190291,0.731092185876798,0.732902107360478,0.734307366814276,0.735307539321913,0.735940995932589,0.736153970927309,0.736006816902621,0.735442631560391,0.734507591708006,0.733180156124236,0.731482919551886,0.729420085940034,0.727013325660361,0.72421314850714,0.721128283860254,0.717681341259558,0.713927516932635,0.709827344238664,0.70551671339219,0.700836105538046,0.695964694724321,0.690698629800819,0.685245515220425,0.679537548543605,0.673520163596313,0.667538481015211,0.661301137641875,0.654802491915144,0.648150723063511,0.641366456602192,0.634433526274929,0.627353130067683,0.620159480796799,0.612842138527303,0.605454579011597,0.597983598079567,0.590415835444213,0.582783168648892,0.575095964443948,0.567369104379938,0.559622004492847,0.551834356906775,0.544026309234148,0.536212853934721,0.528385591432212,0.52059283194354,0.512811439012631,0.505045348813885,0.497306620568275,0.48960479236756,0.481929390881921,0.474324870349118,0.466779670246986,0.459277340066395,0.451841007015633,0.444469557046252,0.437174732922097,0.429944307744058,0.422812481712073,0.415747697189174,0.408785318431259,0.401920845562205,0.395163235344576,0.388428481156307,0.381785787392222,0.375230827456575,0.368803912725211,0.362488410746128,0.356274656738417,0.350159918962551,0.344139941735415,0.338210144585817,0.332378769126023,0.326638981525953,0.321004522595919,0.315469978405067,0.310030131478548,0.304687049940452,0.299444488377253,0.294323417255532
0.400377924774595,0.40740009712883,0.414514690924783,0.421756327819659,0.429089745736241,0.436571169982575,0.444104020575893,0.451793031351652,0.459548293803984,0.467392842520051,0.475321789242639,0.483333013915563,0.49146586759438,0.499648014159815,0.50792395322484,0.516231682928233,0.524635697346449,0.5330510906263,0.541497265814624,0.549961617470753,0.558450719728341,0.566936019918013,0.575414531764841,0.583860085186762,0.592262786066856,0.6006302639999,0.608919757439062,0.617094369946828,0.625228189359383,0.633221278110114,0.641080655305707,0.648784585799364,0.656372792487897,0.663748789023503,0.670952331289437,0.677863473449817,0.68460467292337,0.691023378382055,0.697230547585511,0.70310185817725,0.708705256666928,0.713965635057486,0.718901493838682,0.723494693088892,0.727707453980744,0.731584395990846,0.735046604839402,0.738147931372402,0.740834965695915,0.74311387580565,0.744991561012071,0.74642889424355,0.747507391928847,0.748137593604916,0.748360516341791,0.748171476353977,0.74756919283833,0.746557388393876,0.745175879026901,0.743389426053963,0.741192000159891,0.738616730799247,0.735748640203082,0.732461562086987,0.728805365755355,0.724906480913344,0.720607857376975,0.716063959068334,0.711216038367208,0.706017956643535,0.700519129345549,0.694854681329572,0.688850697700688,0.682683765453376,0.676375267024702,0.66989647855714,0.663116118065273,0.656222358901979,0.649180936940086,0.641969852935744,0.634628150920754,0.627144939145886,0.619582756168401,0.611914661055254,0.604166411647954,0.596340956251781,0.588433310130772,0.580489800274921,0.572511929794801,0.564503545859904,0.556463985673184,0.54840543459594,0.540334059991547,0.532293315388004,0.524254713364465,0.516241219650492,0.50824741140115,0.500280294566889,0.492362972574803,0.484498022670714,0.476690509927781,0.46893544904525,0.461240538545083,0.453623023967556,0.446057303548602,0.438587099801312,0.431206436056605,0.423916368583109,0.416694387194392,0.409575946626596,0.402538533141254,0.39563526922674,0.388801735688254,0.382047966305712,0.375383432630554,0.368815226806926,0.362362681735483,0.355905789275438,0.349894408728206,0.343746192084215,0.337722291375784,0.331788243425505,0.325977345246886,0.320256244909155,0.314630761920885,0.309138857537676,0.303726750105495,0.298419436272087,0.293237918951534
0.400630170389118,0.407780921436333,0.415051630367549,0.422436425307686,0.42996115433676,0.437581115408597,0.445340003672916,0.45318954496206,0.461141902654911,0.469202832192154,0.477117219854225,0.485446237413997,0.493927687405748,0.502368453957593,0.510865660043655,0.519454898240015,0.528078855351753,0.536775585259457,0.545488164012064,0.554253975010994,0.563023353003472,0.571828073171401,0.580598681601328,0.589362326212453,0.598088691511805,0.606774220613134,0.615391934331954,0.623913868128102,0.63236346887418,0.640691214906241,0.648884433507353,0.656914195105345,0.664830947853218,0.672562003618183,0.680025163211127,0.687317542359475,0.694291200673172,0.701067148427191,0.707509451285424,0.7136925754423,0.71953140292492,0.725047655045118,0.730219443619494,0.735003709136592,0.739451722629774,0.743479066376514,0.747123956078357,0.750355541921176,0.753141901897882,0.755534914833426,0.757471293469073,0.759007697872451,0.760099310346944,0.760738912174185,0.76095241196744,0.760737131727553,0.760099450050063,0.759009857144092,0.75756383942606,0.755620613232476,0.753294887932928,0.750576702037006,0.747538641994741,0.744071541303739,0.74027790856655,0.736185706735201,0.731668712336831,0.726926511246312,0.721765303103545,0.716339630368899,0.710632437513585,0.704649708195227,0.698506282007336,0.69212201386911,0.685438416483552,0.678747761396668,0.671616281754501,0.664465093608457,0.6571391016743,0.649634865049218,0.64200467684531,0.63424646965417,0.626393661101594,0.61846264405539,0.610422020329863,0.602310770030944,0.594139604816394,0.585918213185606,0.577681153781373,0.569397922734856,0.56109127705811,0.552780637326315,0.544452537872798,0.536172061224558,0.527893202240473,0.519642091433386,0.511404243356469,0.503216692693523,0.495071430436917,0.487009731132194,0.478977129830155,0.47102575228974,0.463133338845564,0.455320562868015,0.447580730530587,0.439944395136238,0.432377991794167,0.424918150028467,0.417529449169605,0.410263437511062,0.403070398553078,0.396011985661695,0.38904662908192,0.382185528440751,0.375412721782836,0.368770087690289,0.361987888812532,0.355562490835588,0.34971405780466,0.34328652476522,0.337125064642001,0.331122027556589,0.325191853642581,0.31940522808459,0.313719771364673,0.308142699777573,0.302665057483046,0.297296748486662,0.29203431157888
0.400753671017378,0.40803954711098,0.415459776958874,0.423010117681225,0.430690905422179,0.43849315152127,0.446405269219806,0.454447941540543,0.46262890755204,0.470966512299163,0.478555354766984,0.487589870486373,0.49633645123775,0.50498852808299,0.513738573462508,0.52256304839496,0.531483865892494,0.540427655530332,0.549457797553162,0.558498221052885,0.567606015690199,0.576692351747321,0.585807599130502,0.59488039500853,0.603951614728803,0.612972750717083,0.621946758637104,0.630826328983255,0.639608954771762,0.648269325583473,0.656824537419898,0.665207329286185,0.673496449391273,0.681524301690565,0.689381352837133,0.696928817050681,0.704296908908154,0.711329832619348,0.718118850283236,0.724563713506373,0.730691681586101,0.736474505035109,0.741866617677146,0.746921760921076,0.751551765586826,0.755782499226617,0.759595586872747,0.762935633589617,0.76588637146042,0.768367332434733,0.77041546396223,0.772002064379439,0.773093446711296,0.773765656506552,0.773960919172628,0.773750230027351,0.772996467502453,0.7718761663165,0.77025906191922,0.768214124772959,0.765778233658373,0.762962014721526,0.759706398440407,0.756072346123908,0.75210180095712,0.747747559058207,0.743137089181372,0.738022739912411,0.732638525272221,0.726923570359837,0.720998980261509,0.714744119457318,0.708369001416319,0.701677827510912,0.694713661079323,0.688405431125197,0.680365981711423,0.67287380315193,0.665213351262145,0.657436353281393,0.649491145504822,0.641443650445562,0.633302550962514,0.625067854900546,0.616747099910771,0.608339663134323,0.599873758262358,0.591387041454027,0.582864274629424,0.57430950236199,0.565731070640579,0.557134605110142,0.548574028681559,0.540020950016383,0.531496905643799,0.522985525099972,0.514515422388768,0.506104212483792,0.497734857469878,0.489440257604419,0.481206094387778,0.473039490895965,0.464932673865705,0.456935881522833,0.449013346923032,0.441196578624329,0.433451789344526,0.425825589329467,0.418274511785455,0.410838458731511,0.403510133898973,0.396309075486405,0.389197092764594,0.382202938713369,0.375322053368141,0.368532255059328,0.361885174261385,0.355690268100474,0.349178079909791,0.342417495513051,0.336345469139173,0.330323721570858,0.324319066155022,0.318438159847583,0.31268316421084,0.307040109657023,0.301497903573715,0.29607656075153,0.290757033358539
0.400729703386485,0.40817546446318,0.415728531469839,0.423450084872808,0.431284020108156,0.439272073733958,0.447362634280568,0.455603729531533,0.463954480812307,0.472311827465763,0.480936096720234,0.48971931214685,0.498570505307737,0.507481292141854,0.516508186800622,0.525617693293799,0.534799516089456,0.544058611542178,0.553361679944724,0.5627422695088,0.572132014537142,0.581579970018563,0.590988302070572,0.600439861902986,0.609832830272086,0.619229777807123,0.628579934340787,0.637792957412513,0.646907515276671,0.655951801129716,0.664881182509017,0.673680583478498,0.682313637451785,0.690734911111335,0.698894534642591,0.706856180494297,0.714502128864152,0.72192103508037,0.728999030544909,0.73576906083415,0.742195068707288,0.748231252504827,0.753930639987112,0.759201123345084,0.764061599141906,0.768494588115514,0.772445411980949,0.775991336213774,0.779056018068337,0.781653631534873,0.783809122187918,0.785394858909452,0.786612465785099,0.787223496632288,0.787458731863592,0.787124786293478,0.786363137723299,0.78512027779743,0.783380571612532,0.781296286378195,0.778677856511561,0.775726622816472,0.77224708229754,0.768461198519746,0.764213749813241,0.759660273973382,0.754758839380042,0.749434423947401,0.743772440384677,0.737789351031625,0.731562625148354,0.725117719358539,0.718429684183752,0.711463897922118,0.704276585922147,0.696183519387083,0.68912544105957,0.681373676390922,0.673442703659244,0.665335888728321,0.657106237741527,0.648737652861724,0.640302132581965,0.631751441883575,0.623120176305155,0.614420857090382,0.60565387479214,0.596889488343873,0.588059245671681,0.579213590305423,0.570354248829587,0.561483529574958,0.552669206585453,0.543847364431835,0.53505206741238,0.526292450299949,0.517576670138183,0.508914279133808,0.500336933336617,0.491808155184877,0.483341103995019,0.474965598795592,0.466653057722218,0.45846338371191,0.450350570523969,0.442341602392128,0.434421244255206,0.426611462166958,0.418904029768825,0.411325893570813,0.403848060176262,0.396489735288173,0.389229261084265,0.382111579989247,0.375086561104367,0.36822082403248,0.361471492216637,0.354927207811557,0.348257096447085,0.34172321011241,0.335397998573025,0.32947531689723,0.323316107015922,0.317344235695549,0.31153396196263,0.305830078984245,0.300236219816273,0.294740888229558,0.289371147394868
0.400590634872045,0.408154776869261,0.415879928649209,0.423737322388386,0.431759427041495,0.439896904494161,0.448197151269387,0.456607109364616,0.46516004429129,0.473814131316306,0.482643375134401,0.491612466528797,0.50070559655371,0.509893170444054,0.519165376699581,0.528577884732282,0.538041302155654,0.547601099149647,0.557229848803859,0.566917997864983,0.576666696312409,0.586410967686967,0.596208883241708,0.605986943460381,0.615772765146732,0.625517281527087,0.635267471470313,0.644945291691785,0.654287301725889,0.663672437673606,0.673097035111573,0.682303646787801,0.691332236742067,0.700116067855281,0.708682047658013,0.716969196121618,0.725032696282288,0.732770678922073,0.740211022965986,0.747312336782689,0.754027832348045,0.760408879196612,0.766357749598072,0.77189187493275,0.776987462558968,0.781598479479585,0.785785241181596,0.789491330707116,0.792697083531477,0.795425591412831,0.797638089893065,0.799342029167262,0.800509477256763,0.801200765357106,0.801370574704548,0.800978291807051,0.800195066406018,0.798811582306455,0.797006815445487,0.79474839036543,0.792028136395296,0.788922456042544,0.785181758837599,0.781196561625475,0.776729615673581,0.771942699780919,0.766723278905403,0.761162776962352,0.755176516977704,0.749002221154903,0.74243967615118,0.735740302024317,0.728739268797589,0.721412665960982,0.713831074923109,0.705899360890295,0.698085190768787,0.690045478600303,0.681803303586993,0.673373368939926,0.66479710659479,0.656139451773447,0.647364891845356,0.638508224097389,0.629553862730092,0.620521842705458,0.611479321443735,0.602381241612776,0.593263308502381,0.584122124921946,0.574970383909551,0.565828485791969,0.556715383487322,0.547627811773308,0.53857429424389,0.529541074161931,0.520574633398316,0.511677280108471,0.502849210504977,0.494084445962636,0.48540466641771,0.47678873206321,0.468300899417121,0.459884875131462,0.451584404649138,0.44337654261283,0.435279463082403,0.427291048751689,0.419428594699124,0.411686967881221,0.404051938360654,0.396544042748688,0.38914803703179,0.381886174774954,0.37476274255164,0.367759497716609,0.360872088214658,0.354122252085671,0.34747200181948,0.340912483727505,0.334367839995614,0.328571104281302,0.322067876795435,0.316114229370139,0.310256440089226,0.3045027000311,0.298837342278037,0.293303799906865,0.287860943343769
0.400290405770926,0.408000461038495,0.415869104417601,0.423898209074583,0.432081695118419,0.440394576969576,0.448879526561256,0.457502595523651,0.466232602244272,0.47514575215521,0.484197760510468,0.493405912987676,0.502726962605829,0.512184743642789,0.521755202184672,0.531416183272739,0.541206041360341,0.55105998003251,0.561027807486291,0.571045804015719,0.581127963663388,0.591242575017621,0.601388934535673,0.611556913996746,0.621721258461509,0.63187141949457,0.642010048688006,0.652324590584556,0.661364435218525,0.671360150366512,0.681538919772522,0.691104067306389,0.700541367595786,0.709716406584053,0.718669701891685,0.727388936078981,0.735808242257886,0.743945279189507,0.751752598338132,0.759181846879188,0.766281872914028,0.772946331453296,0.779193957952734,0.78500167757125,0.790318625900222,0.795198816646873,0.799587789255029,0.803452690949005,0.806837267504722,0.809683333191837,0.811949665818144,0.81370583896648,0.814934487005887,0.815611181028477,0.815744667188685,0.815343290310967,0.814429019652235,0.812993704426344,0.811090860486778,0.808654623087887,0.805805982639949,0.802443565722158,0.798568267387101,0.794280329787042,0.789654555413537,0.784527770278699,0.779122787288601,0.773175600459534,0.766927865390884,0.760385855463795,0.753658603797682,0.746581596397925,0.739280179460862,0.731585280608932,0.723771506119111,0.716243922511647,0.707860814792553,0.698907574516166,0.690288310182929,0.681522891741608,0.672621560209443,0.663632522612408,0.654525489345277,0.645319978015943,0.636036484681385,0.626685873221574,0.617321202055116,0.607913371432299,0.598482119965156,0.589015106515185,0.579551997643782,0.570147970294501,0.560744563896552,0.551366364552437,0.542018885319348,0.532748491946665,0.523504296787219,0.514362729661385,0.505281812348362,0.496275228592738,0.487361076115045,0.478529720896694,0.469821500557291,0.461213994336821,0.45270743612815,0.444298613908873,0.436018852934855,0.427862223127555,0.419835409208929,0.411917538476472,0.404134268822577,0.396466866054569,0.388944000417226,0.381553783401543,0.374283893315077,0.367161963260768,0.360159045558562,0.353290024377942,0.346561637915456,0.339969391111572,0.333508126202731,0.327184797486608,0.320819126677895,0.314760436583826,0.308834026597304,0.303099466803275,0.297312486055961,0.291716914114499,0.286256671097175
0.399826103021674,0.407686862190011,0.415695941078779,0.423893580508646,0.432213448177304,0.440713173802027,0.449376602085574,0.458215327491887,0.467186361679555,0.476321072604365,0.485613512898334,0.495053904997156,0.504618603661073,0.514341577981146,0.524204266481771,0.534170507179572,0.544252636293975,0.554453025244559,0.564721341059208,0.5751227257282,0.585529171194499,0.59602672180224,0.606548917864711,0.617121457497704,0.627673198216198,0.63824006446666,0.648763417640615,0.659174181540319,0.668741825008,0.67996401708005,0.690031722892944,0.70008870846525,0.709901068749956,0.719528919917114,0.728915380421482,0.738039172640395,0.746895496515312,0.755438149584994,0.763613193040291,0.771468563623302,0.778884358011509,0.785896295788508,0.792461462128925,0.798540145095066,0.804155593203737,0.809282347461099,0.813871349744353,0.817962707699063,0.821489059326327,0.824445496082535,0.82680835013577,0.828647458230728,0.829848858681886,0.830525956860661,0.830644267855404,0.830192451660873,0.829219581079218,0.827730766994297,0.825626349984191,0.823051040241846,0.819983648157008,0.816400249521538,0.812320415916462,0.807825445816547,0.802922668971389,0.797514115850175,0.791748133198201,0.78550501818903,0.779046737027223,0.772187770747357,0.765068558448423,0.757728823183567,0.750037818420125,0.741944993130224,0.73355836278724,0.724832007028887,0.717028375745262,0.707903887117154,0.698946646638401,0.689800579185211,0.680559861912595,0.671199407077758,0.661748216630448,0.652207424015133,0.642567810284897,0.632896149573026,0.623199220914254,0.613463898829383,0.603704585235377,0.593939580718139,0.584158658291705,0.574427565851345,0.564726177682648,0.555050982620641,0.545438057584571,0.53584604577228,0.526369399200623,0.516954855728795,0.507620879577886,0.498381823476023,0.489201472715927,0.480166135679505,0.471226805962215,0.462407566454461,0.453691048465744,0.445097334904691,0.436633467244126,0.428298533292619,0.420107719377306,0.412024440622262,0.404078003227137,0.396266157087918,0.388598793795099,0.381070532777669,0.373685246227826,0.366422574200136,0.359311753447539,0.35235570416558,0.345506302345676,0.338819155811603,0.332259221209318,0.325824452485008,0.319497130403957,0.313273184228694,0.30707475029555,0.301552188439218,0.295649912701078,0.289948303437039,0.284495005870134
0.399211883191571,0.407194257192886,0.415378902565745,0.423705212769682,0.432200858520889,0.440874949454242,0.449723526720602,0.458749254919444,0.467986368092166,0.477327182254165,0.486867709505067,0.496556309467348,0.506383644302495,0.516359492397224,0.526499785855434,0.536797058047583,0.547193065826688,0.557730682192251,0.568373585979459,0.579078202682151,0.589895171276061,0.600743690496338,0.611695283428426,0.622640288600823,0.633659886314255,0.644602996431803,0.655497664760569,0.666219656448909,0.677113024823963,0.688165540852303,0.698811823510045,0.709173272746195,0.719490616929468,0.72954233616114,0.739399358160199,0.748981419403936,0.758287618520434,0.767236486355602,0.775886245448204,0.784077373735824,0.791903670514577,0.799251505485678,0.806137259640674,0.812573611913302,0.818479877063655,0.823861812545938,0.828712562877515,0.832988707490221,0.836675925389152,0.839716343943722,0.842149814925052,0.844018549265551,0.845374725402744,0.846023097212717,0.846123910496533,0.845619635525692,0.844546892318269,0.842884308735376,0.840689797932831,0.837984509660175,0.834663142364406,0.830811962126401,0.826523362181412,0.821789183651783,0.816579313198853,0.810923537566868,0.804734830513752,0.798258818998639,0.79142421805958,0.784270714694521,0.776819321764749,0.769103706400467,0.760948070001286,0.752581808934277,0.74387069948465,0.734809844482838,0.726112016017226,0.717036028154824,0.707684472829361,0.698213009382165,0.688598676267847,0.678891312852042,0.669060937948666,0.659141476352638,0.649146148620733,0.639138201869933,0.629099082821601,0.619008609696079,0.60890543319582,0.598794168335446,0.588718243696228,0.578683345653556,0.568662440798509,0.558686119240154,0.548744078383475,0.538909291072277,0.529156659262006,0.519453249878778,0.509869078511482,0.50034635286454,0.490979237037771,0.481689265764167,0.472530623414128,0.463479697875981,0.454553607357624,0.445760116107657,0.43710954772343,0.42860556844224,0.420205747595089,0.411974741176501,0.40389323203409,0.395934953795365,0.388141775607134,0.380453962298735,0.372916954358471,0.365562850052042,0.358332198541823,0.351242444842411,0.344316411700285,0.337548411473113,0.330885552511536,0.324366490213715,0.31798862556614,0.311718827248722,0.305587724123728,0.299932472692172,0.293511586352171,0.288236733675043,0.282643623293733
0.398416039128794,0.406548549082992,0.414859447589413,0.423366232192594,0.431987779408711,0.44078405230149,0.449899817351088,0.4591637363368,0.46859708078888,0.478193146154449,0.487949043642208,0.497895551920519,0.507976976266179,0.518269556287125,0.528672430550771,0.539254778658149,0.549995809259242,0.56086169514457,0.571891948121902,0.582985332186375,0.594161903835332,0.605436194335396,0.616773857918095,0.628189306993965,0.639591414291976,0.650986210265875,0.662322070469892,0.673709988047155,0.685088160918996,0.696364317924139,0.70753934652928,0.718496315253717,0.729233547662754,0.739813380275765,0.750153600227254,0.760215730844927,0.769978699211626,0.779428719561007,0.788423192901744,0.797127977555959,0.805302560182725,0.813053171928541,0.820336562509895,0.827112307669585,0.833320258231926,0.839013622432315,0.844081709143153,0.848549583939774,0.852378096492365,0.855578644590807,0.858102343617721,0.860111013155903,0.861427075212465,0.862082253504763,0.862177803501767,0.861629107315259,0.860404510969375,0.858635105444447,0.856285158457612,0.853315217035422,0.849816368390163,0.845744347621331,0.841167206378811,0.836186239121413,0.830672164965655,0.824663488835928,0.818141604007688,0.811332476340222,0.804141736933894,0.796660388285625,0.788879062053774,0.780726004334902,0.772140962010669,0.763397156543382,0.754545625400126,0.745855479251163,0.736495074685627,0.726445805666843,0.716628737574155,0.70672271030899,0.696741742946158,0.686633981580517,0.676414921992917,0.666127259104602,0.655773597741857,0.645410294959993,0.63498874084607,0.624541917661973,0.614094195448186,0.603642477786513,0.593261336249474,0.582874803294269,0.572543954671851,0.562240888831545,0.552017514283396,0.541871713011856,0.531821656757965,0.521862700465926,0.511987380814722,0.502235166529045,0.492580366560975,0.483070556780843,0.473683194979848,0.464422927915367,0.455307372067136,0.446291628625441,0.43744201868014,0.42875140748323,0.420194385157234,0.411800474102736,0.403553542490416,0.395473617330002,0.387483079879529,0.379716464588492,0.372042496157725,0.364534408977498,0.357223695766016,0.350007802009566,0.342993296285345,0.336096535752344,0.329371850418097,0.322799730033607,0.316296334822241,0.310037116134357,0.303895802392492,0.297930427404474,0.292023472199348,0.286229064177005,0.280675654340592
0.397432949758374,0.405712858137473,0.414186752655371,0.422890844413622,0.431501012570136,0.440451072109156,0.449991641779355,0.459424958682086,0.469010462192975,0.478850675764131,0.488848657241397,0.499047867388136,0.509409633378128,0.5199626164834,0.530704635224487,0.541600519939243,0.552662486159103,0.563908114495217,0.575245662817895,0.586743013337803,0.598324794875402,0.610043703724483,0.621810741246639,0.633643549582685,0.645499434590095,0.657377681264077,0.669209200421413,0.681066339413628,0.692955434460767,0.704813451779603,0.716446459712356,0.727911515895205,0.739202044764518,0.750307653055634,0.761142845015112,0.771754688310378,0.782035050485047,0.791919024270638,0.80145635058411,0.810543359850362,0.819178877651422,0.82737753073431,0.835054321399241,0.842131700343521,0.848739830825432,0.85469108409613,0.860023307501555,0.864696909865216,0.86869050924336,0.872057656592099,0.874741370574785,0.876791294469112,0.878187680790398,0.878804164015047,0.878852108401802,0.878209055918165,0.876859244356513,0.87500267413315,0.872401763766424,0.869273519897195,0.865451403537326,0.861163760213953,0.856397556480787,0.851011855086726,0.845182904323191,0.8387811507953,0.831941117618677,0.824783952486484,0.817194797047551,0.809361370337222,0.801217510328618,0.792563045134581,0.783662604759102,0.774466829165076,0.765196211099372,0.755557262178907,0.746247305403764,0.735836908672437,0.725650375504494,0.715399519768316,0.704971962263093,0.694459041855082,0.683869529346608,0.673156157782138,0.662454351909035,0.651698010820301,0.640909152199205,0.630088072838857,0.619262540134062,0.608496834224072,0.597754983060102,0.587041547616358,0.576352304442206,0.565743689302528,0.55524300650228,0.544816029597131,0.534451897584151,0.524159574334517,0.514026963254931,0.503976640446401,0.494117525591691,0.484353728769326,0.474695545193356,0.465220645643856,0.455897706609529,0.446675323547603,0.437624099456333,0.42873110582356,0.419993444208726,0.411451002227021,0.403066795906509,0.394869246948506,0.386701104953987,0.378793610320382,0.370928842943965,0.363370888797419,0.355952288131114,0.348642629716278,0.341476615010845,0.334516127032113,0.327750333980368,0.321093613151262,0.314520981764182,0.308143239392151,0.301988204840756,0.295979869238301,0.289984658487308,0.284047186679038,0.278670313488855
0.396266243908163,0.404672752747509,0.41329896007378,0.422173320859411,0.43086532571133,0.439633307929991,0.449895913923296,0.459422134637389,0.469263063571048,0.479292221972945,0.489559855922226,0.499995466972729,0.510674440452375,0.521519752593362,0.532543654960434,0.543764674191209,0.55517972474697,0.566758712894497,0.578511081217007,0.590394093333827,0.602424923410117,0.614547473118255,0.626770004410751,0.639035999863838,0.651402466960544,0.663778547921681,0.676201938645688,0.688223668383191,0.70100476433645,0.713272315366086,0.725491814099966,0.737521682932666,0.749373269721349,0.761005841228379,0.772437830639989,0.783544719398991,0.794351210279002,0.804784477329889,0.814841548045409,0.824413192618028,0.833540076892849,0.842197526973803,0.850246168998533,0.857796720974821,0.864721285047386,0.870955448090838,0.876618593380974,0.881445165486831,0.885670049353932,0.889149384101971,0.891983643665539,0.894143069413182,0.895534788700174,0.896174937632962,0.896153781920024,0.895398196191922,0.893983325272634,0.891819229647547,0.889153557428435,0.885729710507141,0.881658079497179,0.87709755779943,0.872024950616156,0.866344901129903,0.860052856422419,0.853355010182825,0.84614973105062,0.83858366569784,0.830687275542169,0.822417597645565,0.813768418419054,0.804654717396653,0.795329188428975,0.785829442801689,0.776024409994708,0.766137664811,0.75571918469989,0.745364402603282,0.734792741139221,0.724132910417932,0.713302011859807,0.70235887878707,0.691306433435604,0.680274012853543,0.669151851136418,0.658001907991776,0.646858409480313,0.635608467598838,0.624452702869646,0.613311864862999,0.602206381208717,0.591115103010447,0.580118496811707,0.569190399559226,0.558345214788114,0.547640622963948,0.536967945066451,0.526358739106976,0.515907542302828,0.505641747347824,0.495514444245683,0.485507642755885,0.475603902107535,0.465857131860756,0.456321136826253,0.446846591087565,0.437583336975348,0.428521228356383,0.419648161425484,0.410909778461922,0.402380230852378,0.394097869781334,0.385489364841137,0.377779508581715,0.369982254083586,0.361951642032775,0.35457961977944,0.347087104416564,0.339732752763607,0.332769888181666,0.325932421178793,0.319252498945269,0.31245815038969,0.306043887856609,0.299850946643459,0.293884573141082,0.287727318602037,0.28189650078817,0.276386370652203
0.394897238209825,0.403433607153382,0.412225635703243,0.421115338963588,0.430173288573743,0.4395505508289,0.449345947158195,0.459200732970167,0.469264851268283,0.479540023428642,0.490041952575892,0.500777552869429,0.511708770209838,0.522832726627442,0.534194762622997,0.545770536439991,0.55749885512151,0.569455184331221,0.581596372036139,0.593883767710004,0.606367479528589,0.618948005490062,0.631610600328942,0.644389609265047,0.657237493638686,0.67020719342786,0.683095014063279,0.695932397398615,0.708775368545735,0.722102246611428,0.734661267459878,0.747298147229288,0.759721705309136,0.771973799478517,0.783970550509638,0.795643955101031,0.80705834801804,0.818014099790665,0.828607566310929,0.838775404074721,0.848437814151937,0.857476617362522,0.866077564852806,0.874022497529785,0.881286558755406,0.887894336969858,0.893747010831056,0.898912109462324,0.903326594559841,0.906976102971131,0.909980672402668,0.91219682797212,0.913552613353638,0.914243160605109,0.914070802008931,0.913229272433146,0.911695950184273,0.909415430767911,0.906475571341484,0.902768255740372,0.898503931003262,0.893594597252195,0.88821466152918,0.8821269117125,0.875483554626496,0.868320613783038,0.860764732355335,0.852784173425416,0.844478216389422,0.835808050417448,0.82666602857768,0.81711015458798,0.807276200199179,0.797393950843268,0.787175456059726,0.776731373696166,0.765987258610119,0.754965775488,0.744017536829589,0.733010694737283,0.721795690780462,0.710292870287448,0.698858101670391,0.687421167212172,0.675882144509337,0.66435142142304,0.652763515771245,0.641167672435918,0.629525713901123,0.618078737532073,0.606595888199025,0.595168036255316,0.583814000229095,0.572511411869706,0.561377304428786,0.55032416837395,0.539482116206911,0.528388311653815,0.517560640102413,0.507131523087156,0.496766975891113,0.486547451761343,0.476239824174665,0.466218223245917,0.45670265267604,0.44719804582819,0.437368227202409,0.428217723712342,0.419144076488594,0.410210216706093,0.401461042437941,0.39278444929884,0.38425726052844,0.376787956131142,0.368603970664172,0.360502189530034,0.353006857104753,0.345467834167539,0.337861200140835,0.330984685152034,0.324040615339607,0.317242483838504,0.309971880662498,0.303589205996298,0.297503530267951,0.291549765867769,0.285431494883991,0.279469186673128,0.273830712666813
0.393324573183732,0.40184572716195,0.41108408281323,0.419906399988131,0.429278788403244,0.438882903171479,0.448681341280098,0.458761633651553,0.469017480225086,0.47956538636282,0.490307715499983,0.501309717174456,0.512526762662258,0.523988085845092,0.535638512633196,0.547518856624539,0.559656007453064,0.571981559143272,0.584494111647558,0.597214646486389,0.610095843268449,0.623187587885441,0.636350662936452,0.649644069323496,0.663016032736606,0.676520469730965,0.690013340321699,0.703003819339126,0.716951324186929,0.730578885523278,0.743959703614685,0.757225017049962,0.770281614958426,0.78314602715302,0.795734112638635,0.808090087787191,0.820048791077894,0.831694164118906,0.842872531033853,0.85358282501049,0.863715498672213,0.873406299776041,0.882457870492016,0.890808797713609,0.898508008362086,0.905430612146793,0.911646257902722,0.917110255225199,0.921657232033825,0.925580886400035,0.928683862390239,0.930928828736176,0.932332895312151,0.932991895027657,0.932782281829868,0.931712145750953,0.930119886251948,0.927712638642786,0.924382761385987,0.920432982912351,0.915841724345564,0.910689504590649,0.904844669452584,0.898355370427421,0.891366536081279,0.883761212814339,0.875807296145765,0.867438398799853,0.858661113236763,0.849484521483542,0.83991949798227,0.829765028554653,0.819475933466125,0.809139183915161,0.798553209533483,0.787757461403827,0.776580334066453,0.764936403282497,0.753325079809694,0.742061556623237,0.730281206727015,0.718179068313116,0.70643352678372,0.694574274011817,0.682644070335678,0.670624857540856,0.658750784178568,0.646889754237547,0.634549528849832,0.622778407842608,0.610944365026691,0.599110254483277,0.587414198154728,0.575756714153381,0.56407474560046,0.552818145429786,0.541870554204958,0.531085648778258,0.519068162343099,0.50845781667951,0.497760845380402,0.487378926969945,0.477124840282716,0.466291112820544,0.456370738762517,0.447344464400883,0.437331847112839,0.427627403323683,0.418632416175454,0.409350982163177,0.400432799221967,0.391921833962414,0.382757405932114,0.375307276218166,0.366770963708861,0.359058382630113,0.35104617276431,0.343467576836685,0.335696396927644,0.328687888486717,0.321506816876564,0.315150127664203,0.307867862659901,0.301357747070632,0.295286054553509,0.289003131314618,0.282893421158257,0.277174722844865,0.271157298922727
0.39154890947416,0.400001268163302,0.408852312712485,0.418628216216782,0.428089139980757,0.437831037809262,0.44781943416934,0.458075054261099,0.468565984609889,0.479307690592991,0.490343298804671,0.501606003192192,0.513116369235163,0.524844325780634,0.536860047368054,0.549102965846766,0.561572462030837,0.574277639226707,0.587225635070132,0.6003818640859,0.613709539704679,0.627279916252471,0.640988297045213,0.654793270290802,0.668732119759076,0.682705541680355,0.696772261570673,0.71082592568102,0.725031736251243,0.739253786773149,0.753361745278639,0.767241900134499,0.781002747179676,0.794508009090107,0.807818453345419,0.820805194474706,0.833475167629341,0.84578204520834,0.857534655185833,0.868886032563991,0.879691966394041,0.889897620690881,0.899435573862604,0.908267017621179,0.916393280550654,0.923724808947848,0.930327331242159,0.935950900389903,0.940830153842824,0.944993345211814,0.948119745777634,0.950466424479381,0.951900144569585,0.952475202403485,0.952259378065567,0.951010257345387,0.949280674194589,0.94664875827851,0.943030874941324,0.938690405227363,0.933937853114295,0.928424352938392,0.922028084412051,0.915103490773649,0.907757561956935,0.899618830787085,0.891184006483205,0.882399135948045,0.873269236547665,0.863506684250306,0.853535859115977,0.842778126021203,0.831768469973714,0.821205582568446,0.810183364544091,0.798972540740998,0.787800328497406,0.77633309913947,0.763081347639093,0.750863169191517,0.738656200019029,0.727581368292925,0.714163397731749,0.701801042747992,0.689202551750933,0.676970596354157,0.664382323013516,0.652772640121172,0.639919808612076,0.627265123704456,0.615374897302335,0.603274626617121,0.590917846301391,0.579006365822656,0.56680853459277,0.555149843404488,0.543417717024038,0.532303479761978,0.521153059818242,0.509391098688398,0.49869079217659,0.487707387067508,0.477879779641386,0.46692210239921,0.456860131378277,0.446399095087923,0.436927874698029,0.427149353911274,0.41762535963681,0.408634304032753,0.398576010754955,0.390708389219226,0.38164245637203,0.37360857872339,0.36503567447339,0.357164237213873,0.349057909999379,0.341443254857833,0.334219015937961,0.326505615246382,0.319586578672642,0.312558463143837,0.305728595108072,0.299321113457661,0.292772837949606,0.286516218053267,0.280375261528113,0.274416144011948,0.268619554410558
0.389492367526068,0.398386391807165,0.407263552426122,0.416859286670013,0.426613300987823,0.43650796093668,0.446699337536194,0.457114503200829,0.467846549282753,0.478830180699088,0.490076897366065,0.501595001976773,0.513414205991504,0.525505330803936,0.537841201973045,0.55041993691747,0.563264757254769,0.576393489595123,0.589717251320714,0.60331204255742,0.617168930995307,0.631176810694141,0.645447534183964,0.659799925290927,0.674256685517814,0.688847600194085,0.703491726991083,0.718322316920465,0.733165178727554,0.748047040950974,0.76284984627835,0.777473603400275,0.791845059010191,0.806163714965529,0.820118405272943,0.833919073030731,0.847286460261455,0.860214235394971,0.872788889306588,0.8847245891658,0.896159381310109,0.906966588021178,0.91709583593997,0.926410361554722,0.935007545319307,0.942808480714339,0.949683345010898,0.955676457834221,0.960861439969663,0.965153369924466,0.968448751799976,0.970887552846523,0.972261149380033,0.972790778061374,0.972479767220876,0.971265340752476,0.969124540391281,0.966362390659556,0.962316661223893,0.957185788635031,0.952692088434396,0.946836170835525,0.939885948892119,0.93231695000671,0.924748727010841,0.915453141412826,0.906958416845576,0.89791441377333,0.888187802731422,0.877898388908467,0.867342390145257,0.855788983525702,0.844349445670875,0.833540236388523,0.821989184319489,0.810064751408417,0.797040976584284,0.786167255789512,0.773418739100089,0.760088654194778,0.747226505253861,0.73493745895532,0.722653935777505,0.708960567950218,0.696397843687285,0.682795468561776,0.670076999475103,0.657554253693185,0.644582629754572,0.63200861821932,0.619129523857388,0.607038620371176,0.595039758020291,0.582070651786028,0.56970787233229,0.557409533943025,0.545566696572674,0.53385290343768,0.523314270862092,0.510195236926614,0.49976623016982,0.488743691335411,0.477733783004017,0.466909287377413,0.456003467431734,0.446087260702089,0.435863774826553,0.426062697705003,0.416471511728334,0.407113456219505,0.39795825685337,0.38887846429568,0.380108756146352,0.371520541365901,0.36315282913015,0.354984813987214,0.347004981176085,0.339229876245972,0.331667520684444,0.324269174376136,0.317054730983155,0.310036022034089,0.303197454083974,0.296545632383012,0.290059728357828,0.28373824783986,0.277586441430452,0.27159859503529,0.265764115208793
0.387173280234782,0.396178280147937,0.405439584299928,0.414992885600434,0.424837674704172,0.434914767419396,0.445283714784955,0.455938278059524,0.466856412206518,0.478046264424618,0.489531607848242,0.501369154340446,0.51344524426021,0.525854198025752,0.538494072140522,0.551473307152299,0.564712066504815,0.578206557100233,0.591996805643316,0.606035723482618,0.620329778267006,0.634953340913616,0.649685312016601,0.664627188888265,0.679704362215095,0.694890368087912,0.710090179203956,0.725514882884203,0.741339580167755,0.756942546892562,0.772341967346529,0.787743555841417,0.802984652017857,0.818009822094358,0.832866239672468,0.847273843989996,0.861451147041259,0.8752265434372,0.888489549191909,0.901147715706389,0.913223083895368,0.92471223630401,0.935376497967473,0.945330596481808,0.954450714750398,0.962651917032434,0.969881887084202,0.97622913551421,0.981858252833351,0.986222917002324,0.989682717884606,0.992186348854864,0.993449666936212,0.993946907128494,0.993670735921029,0.992382251864725,0.989937079268769,0.986879429186927,0.982915671430656,0.978454064967609,0.972338379828201,0.965838375618539,0.957830074086395,0.950733345957763,0.942379169572926,0.933331488354323,0.9230999244439,0.914000718624678,0.903495371607614,0.892498866311842,0.881206279501394,0.870860222116158,0.858053262911622,0.846665121031373,0.834013236603571,0.821835546860371,0.808672447536555,0.796344664448262,0.783167798788738,0.769787840460643,0.757025510032568,0.743317347704066,0.729793335608729,0.716704167277147,0.703354109449085,0.69068541709388,0.675993259008266,0.662999120256432,0.649903462472778,0.636572515273219,0.623477155259223,0.610445366932555,0.597276250116554,0.58451125183979,0.572250584911079,0.559547219564865,0.547331213728631,0.535211619679503,0.52324067163938,0.51155638052676,0.500162675815093,0.48859136583743,0.477457898528363,0.466514721632874,0.455796418564125,0.445420470462407,0.435151807017677,0.42507751275621,0.415245772056709,0.405658398741025,0.396290013098906,0.387125854315009,0.378194858602261,0.369483691182888,0.360980856903734,0.352712018573772,0.344634121537872,0.336767148481768,0.329105142338888,0.321633163505365,0.314365106707474,0.307284698863646,0.300395113064032,0.293687598872475,0.287165334870291,0.280812012216358,0.274623832182234,0.268610143507981,0.262757671680968
0.38462685081675,0.393738208660449,0.403115064629012,0.412810839249428,0.422782081216838,0.43305298544074,0.443570141583849,0.454431171061436,0.465543858655551,0.477013997149475,0.488764847040678,0.500827163944397,0.513192470142536,0.525885785519154,0.538914054187534,0.55221433091379,0.565825509547223,0.579807467090245,0.594004456436186,0.608477083307323,0.623287434081775,0.638428078112142,0.653783681438848,0.669289498915203,0.685014407468666,0.700766418428603,0.71652098131888,0.733123419495678,0.749613436906499,0.765664420539551,0.781957288153809,0.798286762582921,0.81427022234534,0.830122640453024,0.845541715823864,0.86067234124369,0.87620744844123,0.890663531653121,0.904595472404717,0.918096525400785,0.930960269157375,0.943084612304399,0.954541131519219,0.965109803130021,0.974719377524261,0.983492010732824,0.990938695031638,0.997385090228729,1.0040429617555,1.0080347243944,1.01200016772312,1.01455490178006,1.01565015379234,1.0158769090837,1.01577564425564,1.01452029936975,1.01160490701895,1.00762870486474,1.00341075964512,0.997848934848957,0.992135263293618,0.985874194168352,0.978010666363163,0.969125842724017,0.961297664461005,0.952458843370845,0.939713111293552,0.930161508913837,0.91934721100091,0.907871794721347,0.896062176082607,0.884799662424686,0.871345497728084,0.858216685864333,0.845623730756654,0.83287450063406,0.819370213072723,0.80581419574207,0.792424877375848,0.778833532541975,0.764970593942613,0.751151501142219,0.737335471074486,0.723431150653143,0.709572645572223,0.695724760822837,0.681829175320963,0.668139011692776,0.65446913126088,0.640775840867483,0.627231328532326,0.61383037033039,0.600641409768885,0.587424826840734,0.574411759093169,0.561620170508087,0.549014679842559,0.536521652110918,0.524276528067144,0.512216553094582,0.500339547196373,0.488657195948518,0.47724112044741,0.466066884050659,0.455145415721816,0.44442678907078,0.4339589457928,0.423716491047274,0.413707395695938,0.403941217962386,0.394409507863894,0.385108611728814,0.376042548552509,0.367211186912782,0.358601816854807,0.350219778881042,0.342052468528823,0.334098259599212,0.326353304201035,0.318821305367428,0.311491385086127,0.304356795048416,0.297417895393108,0.290669882714149,0.28410698624758,0.277721148396622,0.271511041019995,0.265470344301873,0.259598863208355
0.381801841321538,0.39102940143082,0.400525303583233,0.410357157321881,0.420458350222098,0.430864114763135,0.441575544875835,0.452592829364843,0.463948717052432,0.475598997868412,0.487602730721515,0.499917914279985,0.51261142880205,0.52558857917649,0.538966217000511,0.552634272505849,0.566687382909702,0.581004707323076,0.595652860449192,0.610663885539427,0.625966518345975,0.641413308457772,0.657758674360129,0.673830867879579,0.690045945441609,0.706443609762994,0.723618083118663,0.741176699238981,0.757842338308544,0.77441154588603,0.791912385438771,0.809023474988106,0.825700002730497,0.842427246021636,0.858517364297079,0.875318757897941,0.891284084971654,0.906521805423141,0.920989162479144,0.935654641054742,0.949417635222303,0.962256189463826,0.974399447720557,0.985719165385778,0.995812084464162,1.00549440380294,1.01425484661036,1.02126631264862,1.02746981230752,1.03225825898568,1.03636851911987,1.03779096143262,1.04001115317008,1.04056321492442,1.03908489247001,1.03747490695064,1.03469640859599,1.03086520797283,1.02619695146562,1.01955410307321,1.01254510914895,1.0052322114448,0.996913886493108,0.987913386261452,0.978407056175708,0.968219374221769,0.957746062832687,0.946490320995621,0.934824202427555,0.922803956362968,0.910403146407632,0.897684447364432,0.884653855897247,0.871440825173424,0.857956996593556,0.844249446889939,0.830392779862253,0.81636869921688,0.802272284657632,0.788045399690558,0.773761872238947,0.759416708322016,0.745055484750906,0.730648470889601,0.716247909186455,0.701898280148236,0.687560836064991,0.673384467818986,0.659161040475503,0.645059437154832,0.631084010237854,0.617231469022784,0.603511829521724,0.589963446350732,0.576566570136239,0.563356299166234,0.550343312872864,0.537526905658432,0.524931078357805,0.512551980062917,0.50039604963978,0.488468770021288,0.476789842694439,0.465349653522907,0.454172742117546,0.443237468507802,0.432552555812434,0.42211338524437,0.411927380348989,0.401989870791974,0.392302076881557,0.382859234867455,0.373661449735514,0.364707930484248,0.355991209870336,0.347505613437219,0.339247445858177,0.331213794459062,0.3233991867722,0.315800131237299,0.308409180195061,0.301224484044383,0.294242218204951,0.287456321981182,0.280861208387234,0.274447491576054,0.26821470690375,0.262157624823188,0.256271095580155
0.378722443457236,0.388024953964815,0.397658267691165,0.407569908316299,0.417826362747706,0.428368965295948,0.439254941803744,0.450430997633991,0.461977180196543,0.473864018032302,0.486121684404351,0.498698293005239,0.511636043195168,0.524963785401104,0.5386659556274,0.552726280095478,0.56712263568782,0.58191874319568,0.597122618487272,0.612640427776506,0.628128360489695,0.644874529466611,0.661479005056749,0.678077713725101,0.694970104332241,0.711904910842467,0.729398423411394,0.747658193108605,0.765635455763155,0.783370604248982,0.802048069045742,0.819596629455747,0.837365235406197,0.855023993885036,0.87248157406282,0.890090417905684,0.906827620374987,0.922887903136607,0.939408538528033,0.954595116808794,0.96921931890126,0.98308264572335,0.995061352077529,1.00732440468314,1.01840484587522,1.02832930291014,1.03635892917251,1.04422184214557,1.05054867811815,1.05563959183813,1.05949758694153,1.06222723420606,1.06349775416575,1.06372337961832,1.06265908425172,1.0605468838595,1.05725709913407,1.05290756078319,1.04766825304524,1.04046081965558,1.03415095105355,1.02605761656933,1.01724842236821,1.00770816164076,0.997486514250283,0.986699264813856,0.975376771074817,0.963542329318568,0.951224144101472,0.938513325838352,0.925459125513075,0.912087147352914,0.898434543473031,0.884542923888831,0.87039721581482,0.856071899202813,0.841604524738403,0.827004294246477,0.812302817028072,0.797494014624424,0.782623697714197,0.767732365582015,0.752796562545343,0.737855410690125,0.722932781454769,0.708048347517016,0.69323127553547,0.678454210943371,0.663771886260512,0.64920557214064,0.634752716337353,0.620430606877256,0.606285423362203,0.592302911272632,0.578502162050463,0.564897233502044,0.551506991068672,0.538340047394414,0.525390938149666,0.512687407255206,0.500222207622516,0.488013109270403,0.476060201550673,0.464364054395704,0.452934884228545,0.441774945512599,0.430881536567337,0.420251370213195,0.409886127709619,0.399783261693236,0.389943011023466,0.380360798069568,0.371034029370779,0.361960517305943,0.353136966250241,0.344554658879464,0.336211470202034,0.328102341607498,0.320221045666157,0.312562862423994,0.30511939614484,0.297888597177686,0.290866072275518,0.284047681996996,0.277423838401137,0.270989283034244,0.264740226247995,0.258670807737211,0.252776815036525
0.375346429158519,0.384711398868176,0.394458873563422,0.404498216634911,0.414872611396748,0.425543499815128,0.436571017820878,0.447953316635139,0.459691412574535,0.471772150531879,0.484230101477515,0.497095715630132,0.510331976041811,0.523984490941803,0.537982669388729,0.552440423193034,0.567299922560285,0.582536099521506,0.598132559900079,0.614169820547834,0.631001648636563,0.647255989709353,0.664167459511193,0.681946328404787,0.699890738254326,0.71721752749937,0.736040255849281,0.755306791385928,0.773276826707252,0.792463588621851,0.810437952118918,0.829779332806735,0.849114670176745,0.868038288853015,0.885969470034404,0.904477962812049,0.922477071599723,0.939692491076566,0.956510764393452,0.972732869431538,0.988287639757299,1.00288882344482,1.01663237735039,1.02938985435672,1.04106010663104,1.0515432950323,1.06085471549714,1.06885637866538,1.07556388889801,1.08095661201174,1.08499848304124,1.08770947381468,1.08908263066216,1.08910880755251,1.08787636089554,1.08539162419767,1.08175447913157,1.07699933659884,1.07112320850171,1.06425297520959,1.0565033028406,1.0477630321387,1.03829336121526,1.02805007758513,1.01717196637382,1.0056548365122,0.993592133171825,0.981035037183902,0.968013493087672,0.954601457290165,0.940822352956101,0.926747457444895,0.91238363228457,0.897829500963862,0.883028661997932,0.868064660664169,0.852953607387318,0.837709963594832,0.822387814063156,0.806991574705344,0.791521458939757,0.776026780015989,0.760518158895697,0.745013026440846,0.729538568837493,0.714103070635953,0.698736150156199,0.683450613564093,0.6682734194253,0.653194087863427,0.638252583941721,0.623489105421303,0.608875568365892,0.594447618709365,0.580226589995813,0.566223237645199,0.552445969255313,0.538898951788683,0.525611926326102,0.51256683138112,0.499791353708395,0.487289681488178,0.475058496007678,0.463106979568029,0.451432557626612,0.440041936495281,0.428934681364581,0.418113016289443,0.407570246343237,0.397304194899707,0.387314657111536,0.377597967705356,0.368148038385007,0.35896314683506,0.350036402966522,0.341360848639113,0.332935820831264,0.324756591457575,0.316814455909217,0.309100682561614,0.301611250395864,0.294342379848595,0.287287706260502,0.280440674772434,0.273791824910044,0.267341678354061,0.261081437324487,0.255006243484798,0.249107898910186
0.37166922989913,0.381134661905159,0.390927087392417,0.401092516556989,0.411557127864785,0.42238607364276,0.433554329078793,0.445090343795104,0.456983418187377,0.469305270143825,0.482010556632858,0.49511429831749,0.508623428028673,0.522556115233299,0.536976212005621,0.55176633306908,0.566983480556568,0.58265538445322,0.598774396929799,0.615343915606461,0.63262539712963,0.64992632564767,0.666776988897856,0.68534582759001,0.70390650394626,0.722522152182885,0.741719732505217,0.761133464983018,0.780740151433168,0.800572455539275,0.820507733803971,0.840443813377759,0.860391291995624,0.880277884866286,0.89992997814726,0.919372334962504,0.938418733765147,0.957006114568271,0.975001358342054,0.992336168549144,1.008913826435,1.02459000059978,1.03927167137443,1.05287106192019,1.06529791958582,1.07647374035814,1.08639522083613,1.09488092336132,1.10196014247984,1.10762829872289,1.11183339914046,1.11458262161642,1.11588167296876,1.11575249581673,1.11427784569274,1.11143476813348,1.10734729505379,1.10204744672651,1.09561291300062,1.08811868204945,1.07963487479882,1.07025474409574,1.06004118082336,1.04905791410392,1.03736183189468,1.02508807403156,1.01225022078838,0.998922906581821,0.985131486963521,0.970951555847814,0.956439129805132,0.941621613952222,0.926576539347428,0.911297089414821,0.895788875222798,0.880141018571374,0.864372916522709,0.848487314912978,0.832515059322439,0.81648240967548,0.800406498789457,0.784303054186194,0.768201274542182,0.752119154593619,0.736072191847275,0.720070164952553,0.704149166458693,0.688329903314902,0.672608661976328,0.657029623640909,0.64159739874255,0.626330660715806,0.611248957236883,0.596382778549032,0.581730401803721,0.567304510278912,0.553127751714167,0.539210361437175,0.525550322276056,0.512171229086796,0.499078972095508,0.486275153277565,0.473764272336545,0.461551904459165,0.449637349364604,0.438021233900799,0.426705849672674,0.415689850677908,0.404969417018879,0.394540241508114,0.384405292873878,0.374557210153671,0.364990079326525,0.355699131276887,0.346675221716753,0.3379162347642,0.329416103655591,0.321169346195465,0.313169761812198,0.305407434022591,0.297879046446189,0.290577801042193,0.283497128671058,0.276627559136391,0.26996421821727,0.263501975925122,0.257235458414621,0.251159593819277,0.245262352087953
0.367673439435387,0.377187102580971,0.387069784966726,0.397311339346297,0.407901507919771,0.418850648886497,0.430143797349608,0.441848080028223,0.453948898782333,0.466437890544265,0.479348123720774,0.492697565775373,0.506509431435903,0.520721903191043,0.535426309769873,0.550557229645861,0.566198882148228,0.582272907080227,0.598877864350826,0.615917249519933,0.633647571824569,0.651847299639939,0.669577220227644,0.688363126496894,0.707625132316478,0.727264194051513,0.747246207782828,0.767572308159239,0.788183505412925,0.809010806747742,0.82998862486113,0.851095756481432,0.872201050244713,0.89322832401293,0.914121948708144,0.934748744767258,0.955033985031571,0.974867075527815,0.994103813573718,1.01264811675949,1.0303738342349,1.04714999154112,1.06286536958693,1.07742721540633,1.09077119937577,1.10270814849288,1.11323570415368,1.12230266279196,1.1298042247361,1.13573410968245,1.1400838481567,1.14284729659825,1.14403788700784,1.14370329349523,1.14191488766515,1.13869840808509,1.13407012430819,1.12817860428714,1.12113285851081,1.11290283010151,1.10367771270414,1.09353088663974,1.08249820664524,1.07067641535382,1.05817905576533,1.04503640363319,1.03136740980016,1.01721190846328,1.00257341465987,0.987608612316502,0.972316192518609,0.956750231661401,0.940911970750245,0.924860050292584,0.908662609037516,0.892335661535825,0.87586708677709,0.85930754505528,0.842681715238246,0.826001196078106,0.809284262290974,0.792556801893522,0.775842712408195,0.759161893652592,0.74251886684223,0.725939610642479,0.709456677059494,0.693072723872546,0.676822692597181,0.660702107313295,0.64476215999391,0.628986864119626,0.613425272162716,0.598086916629193,0.582980586818367,0.568131144748853,0.553542023193431,0.539228138704292,0.52520787090673,0.511485028323284,0.498068167476262,0.484953826330531,0.472159880230822,0.459684478836661,0.44752844084695,0.435689544476222,0.424167746863407,0.412963207425384,0.402069840673731,0.391484763715238,0.38120441788198,0.371226689237826,0.361547982733437,0.352154691377802,0.343042062236902,0.334206082209327,0.325638921038395,0.317334810047742,0.309281996351295,0.301476675386149,0.293914971665924,0.286588103252332,0.27948739858271,0.272602947697452,0.265930529717249,0.259465830667526,0.253200671251032,0.247125752605903,0.241236820174747
0.363360111408937,0.372968352325645,0.382812924002843,0.393183029774755,0.403886987757283,0.414943383361946,0.426382645297743,0.43819010921023,0.450444926477906,0.463114532095396,0.476292701547158,0.489800938258391,0.503855937292921,0.518383646662621,0.533411428251422,0.548868779947293,0.564881070856471,0.581363290867539,0.598317682149327,0.615599781512291,0.633526697466921,0.652908102478434,0.6716479037897,0.691105133544205,0.711136568154686,0.731626271594568,0.752515047105946,0.77379854119148,0.795410680893277,0.817305959733526,0.839391325701892,0.861655892098163,0.884003637345076,0.906322204439085,0.928514717279247,0.950474893215734,0.972087848505587,0.993273467815144,1.01385181949441,1.03369517053442,1.05271023299241,1.0707212020728,1.08758290121516,1.10322465010997,1.1175010958002,1.13030052827684,1.14152980748637,1.15114715834106,1.15911201750826,1.1653656749412,1.16986022496,1.17262752628053,1.17369079818554,1.17312366387076,1.17094225318715,1.16722433486953,1.16203175410111,1.15547364442294,1.14766697256657,1.13870060146752,1.12862148115319,1.1175739420682,1.10567655047206,1.09293330574354,1.07951327235322,1.06550352782497,1.05093063855964,1.03585673784993,1.02038953495612,1.00457007742537,0.988435034667917,0.972087421972454,0.955410615140642,0.938599423281204,0.921693450865437,0.90460411629659,0.887419522391693,0.870165239058228,0.852861722391494,0.8355246147816,0.818152912852431,0.800785871314989,0.783443867602159,0.7661441552464,0.748889461046331,0.731713223020501,0.714635860136729,0.697670190884279,0.680844646684928,0.664184238861557,0.647701056836473,0.631419201466707,0.615356132974667,0.599532667587803,0.583969948751779,0.568667709609099,0.553668071070205,0.53895058932309,0.5245554936006,0.510482082311315,0.496735206250057,0.483317151211133,0.470231580774711,0.457486329173726,0.445085770942396,0.43302620399563,0.42130198201916,0.409912056925622,0.398849784545493,0.388115049782535,0.377699744643183,0.367600651855489,0.357811352053328,0.348319547164131,0.339125655005203,0.330219628957914,0.321593291521079,0.313237481846438,0.305142392870516,0.29730422475054,0.289715083221641,0.282366948874006,0.275251606973236,0.268360150755732,0.261687368921988,0.255226537200833,0.248969221746811,0.242904150658279,0.23703046255144
0.358739331376436,0.368375325485267,0.378199682802622,0.388466327183818,0.39958772451966,0.410614516673877,0.422164350008051,0.434116107747865,0.44654648808798,0.459359176962706,0.472685722509502,0.486491217587001,0.500802768459495,0.515567138504806,0.53087154171725,0.546661813014026,0.563014107841793,0.579913053134241,0.5974295335155,0.61541558738883,0.634205636203189,0.65458737088305,0.673110943125813,0.693249615028108,0.714144350639408,0.735514587224784,0.757341982346089,0.779610625772997,0.802277754670931,0.825316826082126,0.848630816044244,0.872102838522599,0.89577291908832,0.919453895348748,0.943063998246068,0.966497492816254,0.989577830935477,1.01222722863756,1.03427252204596,1.0555586797324,1.07597365239813,1.09533407429598,1.11348792071079,1.13031216335949,1.14564264999313,1.15936706293914,1.17139078261523,1.18166777559907,1.19007888996252,1.19664079534742,1.20130063766662,1.20404859883706,1.20496463004901,1.20407119545237,1.20144355181831,1.19716744930177,1.19129177069803,1.18397564627397,1.17531571956284,1.16547373944974,1.15447676130209,1.1424782163938,1.12960079686788,1.11587488459851,1.10148125104975,1.08645912702304,1.07092553957402,1.05491635691371,1.03851966578463,1.02178872631065,1.0047728113751,0.987543054206933,0.970094010917475,0.952529740956761,0.934782739646793,0.916943919711462,0.899032463364644,0.881067121595961,0.863066977474227,0.845036585083596,0.827002516229592,0.808976045248421,0.790986294155959,0.77303664533296,0.755157027773587,0.737366725910306,0.719664646785143,0.702116227399614,0.684714400697203,0.667475626348089,0.650436304156865,0.633611336638359,0.617030090726794,0.60071032407537,0.584660514476586,0.568917776004866,0.553470640262571,0.53835533100212,0.523576233798088,0.509139524774074,0.495054612025112,0.481326815512515,0.467957845928213,0.454947924533707,0.442300790242439,0.430015166014691,0.418090635097999,0.406515549319572,0.395292790281136,0.38441323824192,0.37387054685742,0.363658229916431,0.353766951880294,0.344188064777868,0.33491664889585,0.325946718257269,0.31726931356634,0.308868718020938,0.300740912636546,0.292878068705856,0.285271465511196,0.277911440129244,0.270787520655239,0.263895526766421,0.257229422494311,0.250779547634056,0.244534937848912,0.238489070492747,0.232637636994409
0.353760868347853,0.363450217813605,0.373568168466683,0.383363877917376,0.394646524522004,0.405896572574794,0.41754457618231,0.429610995030337,0.442139830822584,0.455133134142801,0.468673151200256,0.48261924350861,0.497158446049573,0.512148811711018,0.527748313592471,0.543898328403087,0.560681676745777,0.577970267629839,0.595962988485576,0.614506022781728,0.633575059003352,0.654774868069779,0.67404001559999,0.694438567265609,0.716729092056051,0.738880134591682,0.761682806874119,0.784983957032593,0.808758222019383,0.832973663923085,0.857551298425765,0.88241707392191,0.90746793217865,0.932609649307569,0.957733214043069,0.98274793968205,1.00745959165679,1.0317257266231,1.05538763248379,1.07827366508522,1.1002314982219,1.1210869297285,1.1406468196819,1.15877543624665,1.17531374117336,1.19007340122655,1.20300276759912,1.21395136530109,1.22288180852051,1.22974622871398,1.23452964824164,1.23726121119056,1.2379685636178,1.23668945547284,1.23351523179782,1.22856414477108,1.22192771314913,1.21377200491177,1.20421584872814,1.19334528215884,1.18129449124775,1.16822340043339,1.1542457544815,1.13945225779327,1.12396630709182,1.10793305378784,1.09131002190045,1.07430158601298,1.05693478391801,1.03924402214932,1.02131098696731,1.00317892635942,0.984891849262899,0.966474551308363,0.947943837073305,0.929341248470509,0.910677035166007,0.891977993176775,0.873257031999376,0.854522131542492,0.835801481292232,0.817107554674722,0.798445981460826,0.779835321694871,0.761311813868245,0.742872388915972,0.724559212095715,0.706391993870422,0.688376088132489,0.67054388924857,0.652925715176923,0.635546977332523,0.618429246370229,0.601585781346664,0.5850475383109,0.568822127441136,0.552931752968445,0.537403060718744,0.52222819495594,0.507426032643709,0.493001396612842,0.478959961210411,0.465304140250678,0.452033462510775,0.439145868432457,0.426642611979222,0.414519633795609,0.402766163190126,0.391381295784803,0.380363900724944,0.369701244816378,0.359383807557325,0.349398590927342,0.339742776054758,0.330406719183399,0.321381806319667,0.312655830930133,0.304220380458857,0.296068583983168,0.288189772376511,0.280574544389503,0.273210094627682,0.26608901971982,0.259206942216181,0.252553370568453,0.246119669252939,0.239896172772863,0.233876948681986,0.228054826647701
0.348412302859512,0.358055812993823,0.368025919236977,0.378453652538486,0.389425785522844,0.400747402339601,0.412464964457992,0.424632185259575,0.437300154820496,0.450433610294792,0.464056280255396,0.478213673423013,0.492919642690816,0.508194542829362,0.524062199922377,0.540550969051997,0.557698822783542,0.575420925332834,0.593844381085287,0.612901482101456,0.632711071612752,0.654454957839151,0.674411755096389,0.695951670278106,0.718502630033894,0.74167304392625,0.765428867553785,0.789815294878,0.814770126448055,0.840248137471176,0.866168132719557,0.892449052233362,0.919022849716494,0.94577176887161,0.972506023695125,0.999228156278812,1.02569655087345,1.0517173343008,1.07719915579107,1.10186911336312,1.12554311578069,1.14805978827893,1.1691938076897,1.1887645552969,1.20660939183708,1.2225315275844,1.23641593498529,1.24815686825522,1.25765315346657,1.26485031610614,1.26975055534428,1.27240984716835,1.27284498557465,1.27110662815478,1.2672981579212,1.261596495094,1.25407749839964,1.24493314406579,1.23428239452862,1.22228925485636,1.20907545824974,1.19481014101777,1.17962682557759,1.1636847532264,1.14702868348479,1.12978223886253,1.1120923073611,1.09401033994075,1.07559903545415,1.05691758041288,1.03802377520371,1.01896408431045,0.999783044075746,0.980499524766707,0.961143890268499,0.94174458700937,0.922319267436637,0.902875344537984,0.883415097409762,0.863966363588979,0.844545586111659,0.825168373788944,0.805818411578257,0.786543015782954,0.767353131614478,0.748249319115029,0.729294918146568,0.710504037868902,0.691822944595698,0.673376612043868,0.655168735373846,0.637205852442094,0.619522999740047,0.602140046258795,0.585087774971652,0.568375664923976,0.552038934673956,0.536070716355234,0.520501331279122,0.505324685387557,0.490549474177742,0.476191010646935,0.462246817280991,0.448715590793574,0.435593673823902,0.422877660165903,0.410562161636348,0.398640796432928,0.387106341975772,0.375953779417957,0.365175596488448,0.35475919345652,0.344692693464191,0.334969023412194,0.325578787020008,0.316510824349687,0.307748459858785,0.299287409988863,0.291117695387871,0.283232142837187,0.275616258924098,0.26825683547757,0.261149244228661,0.254285478733207,0.247655132667656,0.241244656693566,0.235050304302563,0.229064501862168,0.223279254191019
0.342707518201208,0.352358459361848,0.362352017073237,0.372690205243522,0.383818501177596,0.395182719032605,0.406917488477202,0.419157477869466,0.431874560392634,0.445129362857841,0.45890809087751,0.473250256301011,0.48816397937728,0.503643561434944,0.519815644232537,0.536556288458943,0.554033617133345,0.572134364895581,0.591015774613609,0.610610205506862,0.630902241351253,0.653290564298833,0.673987803571944,0.696325250957535,0.7196504061465,0.743720975090127,0.76852750815557,0.794036346560122,0.820222115962317,0.847026400061852,0.874355533211821,0.902144826820924,0.930323828568457,0.958765731203406,0.987340878367655,1.01587677570119,1.04425461105401,1.07224399076378,1.09967910980873,1.1263344873263,1.15195451629627,1.17634380176369,1.19923639907184,1.22042403613378,1.23973734983524,1.25694880248302,1.2719383520153,1.28452461752751,1.29463979099115,1.30217996197251,1.30719950456116,1.30972385423977,1.30978790451153,1.30746599239339,1.3029170800834,1.29631313635557,1.28778357608659,1.277478721036,1.26562177893927,1.25234713317783,1.2378111827366,1.22223863314077,1.20575015709543,1.18850422165467,1.17058261168295,1.15212268040235,1.13323388142469,1.11400011182634,1.09447190102811,1.07473373722858,1.05483827390858,1.03482726389119,1.01472271480405,0.994550091049177,0.97434996638237,0.954142679501915,0.933937640689971,0.913738547802595,0.893539991366613,0.873369495015584,0.853240602662769,0.833150665145349,0.813109865577735,0.793146428711874,0.773256397973549,0.753474944450717,0.733868459516937,0.714345961096567,0.695047849775805,0.675970827914245,0.65712706497537,0.638543624850094,0.620282814606759,0.602357819240459,0.584765963957004,0.567553992713854,0.550739165524804,0.534340604058784,0.518357242340939,0.502803404318742,0.487686107672867,0.473004432764247,0.458765688870734,0.444970277334898,0.431618524711206,0.418696778396744,0.406195341072474,0.394113135465607,0.38244007091604,0.371167340222155,0.36028488012555,0.349774732712537,0.339635176642212,0.329855507315962,0.320421340958395,0.311317786884529,0.30253314686879,0.294059834082626,0.285886329497245,0.27800107418729,0.270389341829547,0.263047549780115,0.255962731915652,0.249126258448604,0.242526551138205,0.236150231325604,0.229994678101821,0.224050892528847,0.218309801853137
0.336634497696752,0.346293100306847,0.356376707961171,0.366854346339279,0.376705514700749,0.389145158089043,0.400853396389257,0.413150259086461,0.425959442597111,0.439333120477458,0.453195128502063,0.467670610430008,0.482731609133402,0.498439727863669,0.514814175612797,0.531871298413955,0.549656629939673,0.568190794592722,0.587450961012893,0.607564449536084,0.628002037170838,0.650475922572553,0.673112206454367,0.695807114266321,0.719980873260579,0.745030885376497,0.770883235191034,0.797549038627985,0.824987844357228,0.853153662644167,0.881982252725382,0.911389793290164,0.941262552107611,0.971599357796705,1.00210705171731,1.03265777845345,1.06313563456611,1.09326759591912,1.12287546678394,1.15171158919374,1.17949207304445,1.20597350589537,1.23089761285692,1.25391873040655,1.27487116847071,1.29353787904929,1.30970727730915,1.3232363756092,1.33399204366133,1.34193354082868,1.34706750929244,1.34937266756031,1.34899543667621,1.34598233895899,1.34052853051885,1.33288565650541,1.32315004321484,1.31153001401269,1.29825626430716,1.28357472265789,1.26755601701346,1.25052102563892,1.23259443908983,1.21393323886411,1.19461865195995,1.17483103252753,1.15466348732303,1.13419505097701,1.11350139659778,1.09265718927667,1.07171767254623,1.05071835501744,1.02967396139506,1.00860831555993,0.987552642876387,0.966521938179694,0.945524145020574,0.924546977789832,0.903610245458507,0.882708709844335,0.861856406589929,0.841044130289074,0.82030125078513,0.799612346879278,0.77903704435667,0.758554177451889,0.73818453423384,0.718035072618297,0.698043937672826,0.678283992834296,0.658796251815832,0.639582617841954,0.620707641106943,0.602186053214363,0.58404923434972,0.566308531417234,0.549020742025228,0.532164463271423,0.515762244362921,0.499823895254827,0.4843566772498,0.469363053386386,0.454838126933978,0.440785421869613,0.427200332818527,0.414072266044155,0.401396282187817,0.389163213577458,0.377361872629184,0.365980227774355,0.355002612110292,0.344418133166716,0.334218264434939,0.324389688097813,0.314922051502961,0.305794539514588,0.296999719861038,0.288525282694191,0.280358836907534,0.272486416500906,0.264894199110111,0.257577749083131,0.250524182159311,0.243724783501174,0.23716326055722,0.2308321597915,0.224727491021467,0.218833023639521,0.213142580882812
0.330164141208284,0.339780560715036,0.349840623270545,0.360472630994455,0.370697986849652,0.382342885661891,0.394283054103617,0.406644327332301,0.419486354539542,0.432903095578839,0.446860258539795,0.4614461446141,0.476661396608603,0.492570604503125,0.509135976569379,0.526518761033199,0.544556579397001,0.563437495722463,0.583057960180086,0.603655870742335,0.625001930574479,0.648694771257534,0.670763431549444,0.69469072764828,0.719487025539688,0.74546383693997,0.772407211232086,0.800235049626279,0.828966137710946,0.858554893633764,0.888957710336033,0.920089443632763,0.95186291513725,0.984018696814223,1.01665583544528,1.04944764591143,1.08226987403242,1.11477976456305,1.14677323567687,1.17804954318891,1.20823147040223,1.23704469010737,1.26421474140453,1.28936864667047,1.31222590042419,1.33253071221627,1.35004662634851,1.36462131429955,1.37608135749752,1.38442286855195,1.3896089900295,1.39166377203383,1.39068285793413,1.3867936293723,1.38032854841964,1.37141948705278,1.36028993557544,1.3471272430136,1.33226639434926,1.31591254150463,1.29831949594355,1.27962744454097,1.26009695256096,1.23987425252286,1.21907252767239,1.19786186013385,1.17632124449628,1.15456285705406,1.13265288702788,1.11066111309696,1.08863463650217,1.06660514065687,1.04458345664259,1.02260952200685,1.00068949709123,0.978829022020279,0.957026755865774,0.935278299918568,0.913594443802971,0.891966931869221,0.870374599102328,0.848845213489472,0.827382631043921,0.805983491797044,0.78466487514117,0.763457619906538,0.74238995240048,0.721479962998664,0.70077263001439,0.680319816563137,0.660125614778168,0.640261880572065,0.620742152106438,0.601603551660339,0.582886051065378,0.564624561705468,0.546832351009584,0.529509306752925,0.512678899060266,0.496352037629627,0.48053344425028,0.465224428349342,0.450421750920247,0.436119577995119,0.422315667635789,0.408993460061334,0.396146597763333,0.383768950428422,0.371851227688159,0.36037241239484,0.349313474611229,0.338668846883276,0.328423829329184,0.318563654626667,0.309070220913279,0.299930483186309,0.291137719144342,0.282675204123323,0.274528604171648,0.266679025415972,0.259119935555477,0.251842465974055,0.2448323885275,0.238075980064569,0.23156353766453,0.22528879378507,0.219238783285598,0.213404210703297,0.2077744082692
0.323321481326466,0.332890577878738,0.342878009348596,0.353226013542105,0.364052042495076,0.375255026995303,0.387220817744849,0.399594611183316,0.412458826516204,0.42592506584883,0.43994503911748,0.454637289970219,0.469941195985627,0.485999347521754,0.502725953586282,0.520304284125843,0.538592442998853,0.557800272248479,0.577862039624605,0.598869432351509,0.620815224523699,0.644525554842657,0.667576465939891,0.692041474570673,0.718059277723767,0.744928218520439,0.772933942229221,0.801973496557839,0.832051593264275,0.863135198048945,0.895164007210718,0.928054312799414,0.961760935915443,0.996123759905909,1.03096004637577,1.06613633258445,1.10141425182184,1.1366509513362,1.17136992731391,1.20536861951785,1.23821513069908,1.26970592259269,1.29941058591146,1.32693530464714,1.35193998821356,1.37416417661133,1.39323681266045,1.40894075999422,1.42118509124375,1.42992499404324,1.43509411509313,1.43676555605469,1.43509008666032,1.43023411159266,1.42246949775712,1.41205991158543,1.3992534719605,1.38434345407397,1.36765933969206,1.34942836255893,1.3299986756603,1.30953400558878,1.28820168579399,1.26628724037681,1.24381176248014,1.22108532056363,1.19812735101419,1.17501126414497,1.15183605361353,1.12864533662542,1.10549715309784,1.08240370374286,1.05939756892837,1.0364986522567,1.01371102146912,0.991027939024812,0.968421766800762,0.945910149959749,0.92348648625085,0.901127777345787,0.878816261414357,0.856570150572911,0.8343671942863,0.812220451845037,0.790167205595754,0.768200970858846,0.746359840338134,0.724698589579303,0.703250536740569,0.68203784558699,0.661120587810499,0.640555840036927,0.620361424304085,0.600606733105987,0.581305315806729,0.562467862704148,0.544148594897177,0.526347895434842,0.509082904392067,0.492357216013397,0.476180043034214,0.46055856031803,0.445481897766507,0.430939972798798,0.416923621340348,0.40342106108484,0.390423439716372,0.377918148759725,0.365891235627681,0.354322279030042,0.343200718737655,0.332510318674777,0.322234759170178,0.312357345701566,0.302856327549033,0.293723545422576,0.284943725161876,0.276502037610085,0.268386223868928,0.260575132036232,0.253061728716968,0.245834338790862,0.2388796484053,0.232178140588001,0.225728440954603,0.219514672296965,0.213530072614166,0.20776418546036,0.202204737793019
0.316100544630521,0.325575377043591,0.335491742385572,0.345804997901607,0.356626728424147,0.367811315399602,0.379410704940755,0.392092568648716,0.404844355238593,0.418298658224321,0.432325873526144,0.447087559233723,0.462466918040228,0.478657989524191,0.49555549088997,0.513315551867921,0.53189278548793,0.551322910741906,0.571672481618645,0.593015972671315,0.615471915318038,0.639399697508316,0.663765856811853,0.68855200103124,0.715422496039773,0.743310701057827,0.772359248531752,0.802619289057506,0.834072051486215,0.866687289506743,0.900392392744865,0.935180882687219,0.970939095482633,1.00753477696833,1.044841870844,1.08261811203078,1.12064348312242,1.15874046131506,1.19650170021448,1.23357204478141,1.26958501036098,1.30406686272185,1.33664511022025,1.3668896758464,1.39435359954309,1.4186934195299,1.43954106622295,1.45661551847553,1.46977257819501,1.47888322381649,1.48397742329956,1.48511474412031,1.48249579397616,1.47641269114593,1.46711389625628,1.45490534526755,1.44015614333693,1.42322194089462,1.40440791748364,1.3841312672302,1.36259690998806,1.34013126142987,1.3168517526059,1.29305104947954,1.26895224288195,1.24453291010117,1.21999207312617,1.19544126692939,1.17093373238868,1.14652007652354,1.12222269913192,1.09805459785618,1.07406048506309,1.05023866515573,1.02658518309698,1.00307828258349,0.979695996444209,0.956438163028756,0.933286684660403,0.91019905597009,0.887175728292946,0.864186271083722,0.841254380671572,0.818360000556417,0.795521648757854,0.772775662598636,0.750152705082733,0.727674735518453,0.705427821936301,0.683417435856308,0.66175197339638,0.64043554640056,0.619537006006411,0.59910771367577,0.579193666542411,0.559768468178387,0.54091163983024,0.522624794096245,0.504919529573746,0.487804241171167,0.471275384981266,0.455336710858752,0.439983851519424,0.425213792007881,0.41099589414256,0.397327573581514,0.384193830856629,0.371578052689214,0.359461920675808,0.347821738919183,0.336648199655243,0.325926328044358,0.315636984908248,0.305755387250121,0.29626652582614,0.287156261409387,0.278407470410497,0.270004749789245,0.261926861305196,0.254168177900209,0.246713694804617,0.239548859164575,0.232658528349539,0.226029911209663,0.219651758862603,0.213513416289028,0.207602851502895,0.201910490030194,0.196428692270453
0.308481442398793,0.31781894961235,0.32765523750401,0.337889426732232,0.348638481543036,0.360150934093325,0.37089162577361,0.383754293882425,0.396525982778551,0.410037533806227,0.4240811391008,0.438874036572936,0.454328020262131,0.470565266655615,0.487564285339023,0.505419668359222,0.524166563470105,0.543825648417445,0.564528833159655,0.586178697275754,0.608715557457763,0.633787038407319,0.658573835333318,0.684112720518872,0.711582562907491,0.74039657418977,0.770531798246796,0.802015587268337,0.834860484554201,0.869013885333541,0.904489830398058,0.941250490372984,0.979201071671579,1.01819881141963,1.05808508710672,1.09872355660384,1.13979141621849,1.18106363889525,1.22217807584407,1.26264477956047,1.30217508459901,1.34017889420703,1.37609130934627,1.4094725559096,1.43977466245781,1.46655280407756,1.48940836157617,1.50798902709568,1.52214774149692,1.53169126147122,1.53657710068037,1.53702029137226,1.53329897212511,1.5257078610935,1.51447747960954,1.50014732630706,1.48310104663411,1.46378747847579,1.44261609036584,1.41991854275878,1.39605738221365,1.37135216358251,1.34593370129659,1.32013210381884,1.29407519288568,1.26794773429328,1.24180197421987,1.21576598629897,1.18988857227851,1.16421282277121,1.13874267132563,1.11350777980518,1.08851807029289,1.06377500409349,1.03926404690964,1.01494148623503,0.990806659049127,0.966824780819855,0.942950574835592,0.919168961502139,0.895430274461868,0.871742200632703,0.848060611925045,0.824388630961494,0.800772985864655,0.777200985679265,0.753719367921395,0.73040977960718,0.707305451814279,0.684466956507146,0.66197219269855,0.639864473340907,0.618233693735512,0.597086085647304,0.576487690314096,0.556481274594461,0.537076326646956,0.51829121820051,0.500139971785725,0.482629875612277,0.465759170455248,0.449519771174026,0.433908856157399,0.418908790812098,0.404500901017601,0.390683604017808,0.377430989158963,0.364723243537331,0.352532906995001,0.340845998625036,0.329644798292791,0.318908877207352,0.308616531108926,0.298747696546226,0.289287564607451,0.280216015106209,0.271515305698161,0.263165469374199,0.255147321326994,0.247456487338727,0.240072729190602,0.232982123549093,0.226169434994317,0.219621654075574,0.213327394670373,0.207272992978082,0.201451840471527,0.195847558641058,0.190453118464994
0.30043024440739,0.309660510320927,0.319360274053573,0.329509194524839,0.340175868580495,0.351183650961279,0.362680214181131,0.374857118060249,0.387769293784767,0.401156426847315,0.415146894813809,0.429893243728983,0.445346650599608,0.461604148654013,0.478692935251703,0.496644072376308,0.515568547991353,0.535383707130973,0.556320037884425,0.578202854890273,0.601395016659372,0.626820679087614,0.651793702741089,0.678198651460757,0.706418582628504,0.736121109385998,0.767298841352979,0.799993052087229,0.83420201282172,0.869945107678721,0.907234539030953,0.94603872823876,0.986253880451193,1.02776952919959,1.07049021706408,1.11420959879386,1.15863181128903,1.20341906815131,1.24827349980252,1.29263636474628,1.33608710032324,1.37805568227794,1.41784008966084,1.45493171726129,1.48856137084499,1.51817566053901,1.54335481223327,1.5636997014107,1.57891349377045,1.58882766366112,1.59347692087167,1.59300108915653,1.58777412513964,1.57828340508173,1.56480919958376,1.54791030873123,1.52815421001372,1.50611641583947,1.48216283662294,1.45675029829538,1.4302288816705,1.40302543714799,1.37533168581902,1.34734909670268,1.31934554203365,1.29132226324182,1.26347605911204,1.23588566678376,1.20858978874722,1.1816116352601,1.15495090474712,1.12864062868144,1.10267192919204,1.0770246022488,1.05166579428769,1.02657083410758,1.00171505880662,0.977034808373015,0.952488179695335,0.928044991955059,0.903633178079757,0.879223309420837,0.854810909923902,0.830370065954081,0.805905877147763,0.781482826558242,0.757123858311691,0.732888137380512,0.708869365300192,0.685144014984006,0.661749542534413,0.63883723898178,0.616392387041295,0.594499523807297,0.573212300180611,0.552566507291347,0.532588632967432,0.513291407926384,0.494691246431753,0.476789050241257,0.459581143846237,0.443054511444397,0.4272004552847,0.411991835834703,0.397419177365175,0.383464213676842,0.370107864185236,0.357325733618393,0.3450858181847,0.333373015601501,0.322164414434055,0.311437332481619,0.301164552975601,0.291328292833638,0.281910396887792,0.272896115520568,0.264260730615491,0.255978346618709,0.248039715724276,0.240431456415446,0.233135233321368,0.226131851169285,0.21940692788447,0.212952210978159,0.20675290969463,0.200800397814571,0.195075754446925,0.189570839580252,0.184275767451941
0.291991635484824,0.301079220419708,0.310639624442567,0.320667225103685,0.331186813245788,0.342093054194096,0.353419493204185,0.365444224416279,0.378337390096238,0.391569323228923,0.405502016320495,0.420184554878376,0.435619334560382,0.451846842572497,0.468942185855432,0.486882222068018,0.505880675881191,0.525817428868747,0.546919803383954,0.569120774999298,0.592739088389514,0.61778598272592,0.643253061054074,0.670795866875834,0.699762415216085,0.730309103019807,0.762491263515937,0.796344665765443,0.831921020919153,0.869259001249248,0.9083832874628,0.949267417046331,0.991832793225834,1.0360308670835,1.08177225526527,1.12882941453526,1.17687613922812,1.22557034408496,1.27460759557482,1.32340569414468,1.37132618749108,1.41787042135426,1.4621156394381,1.50341690256989,1.54101761353916,1.57409808353324,1.60200160648053,1.62433631269857,1.64071665326668,1.6509506502401,1.65513517226884,1.65357185063541,1.64650707001797,1.63455123367228,1.61828698216248,1.59832572284555,1.57542057011601,1.55013927734734,1.5230318420897,1.49450447560795,1.46507456797849,1.43507468622653,1.40484556413978,1.37450920303575,1.34435129648522,1.31440685794325,1.28480501087408,1.25562630376625,1.22688739575585,1.19858432181848,1.17074411348927,1.14336669796924,1.11643328284959,1.08991044647972,1.06374167585715,1.03791891006628,1.01239128915639,0.987065560902109,0.961911528819644,0.936830996045698,0.911772659987928,0.886698823363234,0.861543656022259,0.836298433729029,0.810998363477135,0.785647349848555,0.760317106151767,0.735112038584904,0.710131172319725,0.685393648815039,0.661083381576128,0.637241594327184,0.613952945411673,0.591274466532539,0.56926232183045,0.547961549056835,0.527399510665902,0.507586991175726,0.488527949586756,0.470227346148358,0.452692275169351,0.435894359085936,0.419809215900217,0.404417773136136,0.389703383997479,0.375641792237423,0.362207677712054,0.349363515251566,0.337096352760666,0.325381517813311,0.314189312785776,0.303492788970203,0.293264053204231,0.283486255765659,0.274136813805289,0.265193783379221,0.256633225773709,0.248441633972179,0.240598634334626,0.233088788989475,0.225895486277036,0.218994243638594,0.212376884343015,0.206026359276282,0.199936220091266,0.194089562488148,0.188473297239573,0.183077024322401,0.177890042878054
0.283163923427502,0.292076731438012,0.301477531249497,0.311330589934842,0.321649479740805,0.332455209981363,0.343277184122287,0.354451000756426,0.368092217361506,0.381280996901588,0.395127879084611,0.409666708774225,0.425022827908701,0.441137003094616,0.458225004469196,0.476159828524245,0.49519830885504,0.515235833304276,0.53640679566176,0.55877796183272,0.582363927576981,0.608201718518555,0.635968471374006,0.661905942733738,0.691403545924593,0.722791161755527,0.755901628211328,0.790878794350804,0.827790376400282,0.866700684180736,0.907662172108351,0.950636922051132,0.995653609428103,1.04266426151828,1.09159168394945,1.14215089013805,1.1941334028656,1.24720789936014,1.30097466467038,1.35469150752263,1.40790055590042,1.45966085733813,1.50913789236505,1.55538938533604,1.59760711238203,1.6346940453683,1.66596088226178,1.69070815258096,1.70839298062884,1.71890521532588,1.72239171236978,1.71920387493335,1.70982726313485,1.69485607297301,1.67519573870419,1.65154616774906,1.62485359282794,1.59577174249533,1.56496967330518,1.53300883837149,1.50027988676887,1.46726230244737,1.43424107338149,1.40145252239986,1.36902122114377,1.3370012252188,1.30561621099351,1.27481964703713,1.24462945038724,1.21502156831103,1.1860202003318,1.15760082844979,1.12973229419073,1.10235500026277,1.07543888018482,1.04894561980135,1.0227845341496,0.996896706702338,0.9711769808999,0.945554325907231,0.919915079155001,0.894179954800089,0.868320170082744,0.842277295458904,0.816051085568495,0.789750159148051,0.763393958099197,0.737121853621937,0.711030121399706,0.685263856915931,0.659885304966101,0.635045409999829,0.610839238291735,0.587326510130816,0.564563171523365,0.542582040606382,0.52142096994412,0.501086766799876,0.481586433636936,0.462909011435866,0.445049984953333,0.427989865725279,0.411694585038289,0.39614638325664,0.381316702032987,0.367175971312388,0.353688479839733,0.340821688056633,0.328554076587511,0.31685596203936,0.305703877062994,0.295060856934324,0.284902122195342,0.275204333275156,0.265943839324449,0.257096712985203,0.248634701699922,0.240550203161407,0.232820097166572,0.225426749835475,0.218347476894713,0.211567505588212,0.205063643197129,0.198840151526724,0.19287269004242,0.187143076564797,0.181644423854724,0.176367929649491,0.171300779568327
0.273892106593071,0.282638996199294,0.291820435333685,0.301517362276134,0.311618792247367,0.322269278181323,0.333567433666441,0.344680183737716,0.356894848620501,0.370413468577021,0.384019886406413,0.398378611530779,0.41360167695013,0.429601731971753,0.446566247310556,0.464421521682678,0.483362086984398,0.503375330392832,0.52456761215772,0.54704582234494,0.57071429647384,0.595844096598322,0.624802181689181,0.651028422624381,0.681367999462439,0.713399393290386,0.747364910415066,0.783382959465,0.821560608119222,0.861996121079555,0.904733279543855,0.949836947457109,0.997350071509226,1.04727457623209,1.09947188350013,1.15381205510467,1.21008031127887,1.26797080523306,1.32700818299751,1.38642475664426,1.44543102272044,1.50335540553677,1.55908886795609,1.61127960785649,1.65895537751187,1.70088162447681,1.73602077561528,1.76357128770157,1.78287491451402,1.79359235198931,1.7960792626681,1.79086597398743,1.77831797753146,1.75955166245893,1.73562357415947,1.70765642552494,1.67637986279277,1.64285376388512,1.60781251489188,1.57191509946915,1.53555537459712,1.49924587033051,1.46334283752509,1.42786593196904,1.39307463091353,1.35905165678114,1.32576368975648,1.29334170498479,1.26168253562995,1.23079720023382,1.20065704565455,1.17122628661366,1.1424522783786,1.11427155475693,1.08666587557823,1.05955614599777,1.03285930528466,1.00648888704043,0.980326942274876,0.954234284485141,0.928091185794305,0.901785072513362,0.875220126410131,0.848346323927927,0.821203915827275,0.793830909581299,0.766347582872018,0.738879525380912,0.711599362681752,0.684640665319163,0.658134778039415,0.632220317596888,0.607010342814048,0.582587125901072,0.559013844386706,0.536342953998799,0.514570175019678,0.493715946826539,0.473780805149863,0.454746007370572,0.436596606558457,0.419297615341926,0.402817503912458,0.38713604605739,0.372222417361706,0.358033501753155,0.344522536309439,0.331666758099681,0.319433302746689,0.307787415739696,0.296696130633643,0.286126852448188,0.276063275153461,0.266467744467665,0.257325298298001,0.248596092679683,0.240263617975867,0.232302583527786,0.224702567688421,0.217438635581259,0.210488842860751,0.203842021407172,0.197479819292597,0.191394118824433,0.185557999596247,0.179963342767506,0.174598265454756,0.169450883222767,0.164509855713892
0.264228807220287,0.272751696511802,0.281732013333892,0.291195680237892,0.301068704194091,0.311481922311174,0.322431574617115,0.334079521095899,0.345914943313674,0.358699219671636,0.372134578906785,0.386246986808484,0.401290327542183,0.417071565966498,0.433894768172247,0.451605794472974,0.470436762667512,0.49038184385269,0.511524315879518,0.533995922116653,0.55785284547055,0.583360759371851,0.611649524281854,0.638585859895529,0.66938774249509,0.701971453382597,0.736674919138793,0.773624661779002,0.812956608061493,0.85480580809928,0.89928944041599,0.946510416261416,0.996503525931438,1.04937381426377,1.10498819521029,1.16333180953275,1.22420173010658,1.28731547929216,1.35208459147568,1.41788363517327,1.48380703514059,1.54881432422381,1.6118893556058,1.67141282913412,1.72570546205572,1.77352426111913,1.81339044509341,1.84423772335977,1.86525970596589,1.8762855223878,1.87730770651644,1.86901402695877,1.85267655531477,1.8291101594449,1.79995277565674,1.76661608430317,1.72994347564449,1.69121982989993,1.65132415979933,1.6109759938564,1.57067090756933,1.53084236405717,1.49172925191981,1.45352244304511,1.416233527167,1.38007514691858,1.34499698643628,1.31094752998418,1.27786645428811,1.24574032766404,1.2145092542511,1.18411679572093,1.15447503579502,1.12556272277111,1.09733231065474,1.06968487899295,1.04256340256558,1.01582678732956,0.98933550828867,0.962924353155104,0.936400008674214,0.909586771321936,0.882381945690315,0.854675997159692,0.826508599674157,0.797977091870036,0.769215473026693,0.740412048289832,0.711774400692093,0.683482921022607,0.655723377125738,0.628646653993964,0.602362865381398,0.576981040339996,0.552566296922865,0.529158563108857,0.50675599347243,0.485388563730112,0.465035004302131,0.445668012699013,0.427257284734736,0.409752379767992,0.393132974017399,0.377358920629209,0.362387565544694,0.348175489431501,0.334682186644106,0.321871146011934,0.309703952524498,0.298143886865193,0.287149681817631,0.276694640908759,0.266748761966127,0.257282599577616,0.248273303887202,0.239682779068005,0.231494021166566,0.223682718600566,0.216241019514978,0.209124900676293,0.20232606256971,0.195831520830276,0.189622333712962,0.183682670305836,0.177995783368665,0.172548423383426,0.167327194085575,0.162321355793062,0.157519481170884
0.254181420982701,0.262451038584917,0.271185698834654,0.280401282014653,0.290010433946321,0.300166481627191,0.310755415605202,0.321763740276319,0.333474919421964,0.346147213164099,0.35944197142887,0.373326690727572,0.388111380225142,0.403683774654801,0.42021279162713,0.437727958871151,0.456293156778551,0.476077790461929,0.497013639412621,0.519416333558433,0.543184398057503,0.568175499805595,0.597015865099147,0.624258017328898,0.655375167318558,0.688341093062382,0.723601375676646,0.761333218503576,0.801689069014448,0.844839534712364,0.890956094018303,0.940163773853315,0.992660161542815,1.04844162682918,1.10756584016937,1.17009353879743,1.23586820349581,1.30452099504385,1.37571445288998,1.44873521029347,1.52264072022789,1.5963419907302,1.66766788378307,1.73586676866441,1.79843006718209,1.85369305647244,1.89939360341705,1.93425620683575,1.95726685598701,1.96823999715842,1.96730322356407,1.9552947881138,1.93352772751184,1.90386457393499,1.86831529764423,1.8283164924767,1.78519666924358,1.7404390776431,1.69505341298703,1.64974025822399,1.6051240092058,1.56141883128298,1.51902775179282,1.4779608679502,1.4382632913611,1.39997715367849,1.36308015073803,1.3274377739857,1.2930102102005,1.25971077170932,1.2274498792848,1.19613814145679,1.16570489543382,1.13613009951942,1.10732181837283,1.07925663642398,1.05180314055732,1.02485644390977,0.998226477642603,0.971675585646648,0.944940435986504,0.917761679071357,0.889958667144162,0.861402314598354,0.832150933233903,0.802318125715086,0.772089237805371,0.741747091934887,0.71152854193313,0.68172450187019,0.652546216117278,0.624175260283565,0.596750684011705,0.570356575925268,0.545067628845063,0.520917770644668,0.497906305717109,0.476025630277609,0.455264478208467,0.435598599708511,0.416955144286174,0.399296077637205,0.382580982393462,0.366758997704165,0.351780680910262,0.337585050616786,0.324141399563714,0.311412002193512,0.299350365730397,0.287909467553884,0.27705003521849,0.266741541838655,0.256948652379172,0.24763949945038,0.238786072224578,0.230361564951595,0.222347140593206,0.214712208365993,0.207432140557246,0.200484436034047,0.193855370243988,0.18753097453684,0.181490501251764,0.175709172894734,0.170182476732226,0.164895025791166,0.159831866836313,0.154980898277466,0.150330941624739
0.243727668601686,0.251770369885293,0.260180783940868,0.269129878542746,0.278452458813149,0.288319394098715,0.298562245859968,0.309415494007903,0.32059958516268,0.333035869508458,0.346165455669682,0.359596321966131,0.374017776204442,0.389254486784414,0.405491485986317,0.422694613937986,0.44099394779162,0.460502468386292,0.481214264706636,0.503435285752971,0.5271115928398,0.552730071372643,0.57984697403972,0.608156587236174,0.639066874619542,0.672337077366158,0.70800791833964,0.746321962883148,0.787503586410158,0.831779918375894,0.879331138543294,0.930368206681072,0.985162995575917,1.04380965246457,1.10653060130445,1.17334922547297,1.24418861671243,1.31892702389392,1.39719338923528,1.47829258693111,1.56115079746301,1.64463858239244,1.72650305747922,1.80524363255568,1.87793942320155,1.94223674929842,1.99559257831071,2.0356024990764,2.06108547549713,2.07157284323037,2.06749988785637,2.05024097361622,2.0217713646284,1.98436688630867,1.94027341933515,1.892368586464,1.84168000302949,1.78991421699178,1.73834901243684,1.68769039004862,1.63836751090679,1.59066698352256,1.54473940207712,1.5008119870963,1.45870410371903,1.41832795922297,1.37972096842346,1.34262686304512,1.30695719538997,1.27257910811915,1.23937206274981,1.20719745946402,1.17604708763432,1.14583555000047,1.11653394113187,1.08811237976288,1.06048443257674,1.0335108269129,1.00698136088047,0.980562829624921,0.953857586006904,0.926511845250793,0.8982332657577,0.868841370680966,0.838354734940766,0.806981147616386,0.775041217209327,0.742884483282951,0.710858874347658,0.679302912512493,0.648506975290591,0.618684094721807,0.590010292796931,0.562561975751308,0.536373835591798,0.511475343855354,0.4878682648884,0.465521971830786,0.444405880981192,0.424466326691177,0.405629676448022,0.387867713668841,0.371107556655118,0.355288745628353,0.340346445647451,0.326228659671302,0.312890614628618,0.300282609351334,0.288357580488629,0.277070005492803,0.2663811573883,0.256241993270544,0.246643841975728,0.237525230444467,0.228863775007694,0.220633736936918,0.212805995046149,0.205363976030477,0.198274937901098,0.191519415787146,0.185078634573489,0.178945616811136,0.173082640943847,0.167482620786191,0.162130671974029,0.157012602945389,0.152118826326574,0.147434578236519,0.142947373926393
0.232876043045471,0.240603321867791,0.248728925194723,0.25736972023742,0.266369301665985,0.27583570806017,0.28582312393225,0.296385818335057,0.308180667436406,0.317927942054866,0.3317082382961,0.344919446886658,0.359038966523665,0.373929233626845,0.3897447475967,0.406578437337117,0.424443281069802,0.443602549044679,0.463890647928326,0.485803855357912,0.509172909764893,0.534358359485991,0.563161476377913,0.589109126270561,0.620538295528211,0.653788546619589,0.689676391405444,0.728376339456427,0.770158281337158,0.815242039073569,0.863960751735211,0.916631345784552,0.973524332380402,1.0349268363076,1.10108942621469,1.172184800208,1.24824348376664,1.32939423232153,1.41534476063523,1.50537567227749,1.59854840517445,1.69356401884691,1.78820064269992,1.87978474631262,1.96523659321181,2.04097571927497,2.10387757848475,2.15050230976196,2.17930866685236,2.18888472850178,2.18030403871356,2.15578820221063,2.11826830773357,2.07056479465725,2.01633880507519,1.95826127053895,1.89855470762786,1.83885270132991,1.78041695819696,1.72382464956513,1.66956820016404,1.61779023942685,1.5684591133182,1.52159478964247,1.47719276003347,1.43498731685201,1.394724476571,1.35629839128724,1.31952747605077,1.28420710212676,1.25012181326393,1.21719408099961,1.18536992936427,1.15455823600983,1.12480267127557,1.09611318113219,1.06842803867033,1.04166012844757,1.01555975485635,0.989648894269552,0.96340432769224,0.936198754131346,0.907595541143653,0.877318344319371,0.845403017241681,0.812167994555383,0.778120388468698,0.743762559656271,0.709598091002597,0.676057579123802,0.643464007068253,0.6120541503083,0.582007894186514,0.553415423861081,0.526316620055253,0.500685164810148,0.476512043091676,0.453746730680601,0.432331404943877,0.412180991528084,0.393231165429175,0.375415300314013,0.358664030572048,0.342907713512609,0.328059590463002,0.314072714135582,0.30088832238512,0.288453699261245,0.276714173209754,0.265621680703688,0.255135227117364,0.245222580030354,0.235835866467751,0.226937893198536,0.218500102012757,0.210480978315133,0.202885385366071,0.195653492492959,0.188774692777338,0.182232526469799,0.176003750420952,0.170066628062082,0.164405057155151,0.159002267577844,0.153842728000917,0.148911048115098,0.144194082146293,0.139681760919767,0.135364193608755
0.221667774315156,0.229054695458208,0.236859710759206,0.24513875268137,0.253821092126737,0.262934456818016,0.272481565874049,0.282732010811304,0.293490058781639,0.304432471114572,0.316623674672877,0.329504281743161,0.343203549832647,0.357588341989239,0.372932724065828,0.389289295414759,0.406683737531745,0.425366762749889,0.445199747266706,0.466621656300224,0.489397259469509,0.513390313891006,0.543810272779538,0.568343088509094,0.599475291434761,0.632597937378133,0.668414161498969,0.707232177812008,0.749310095571143,0.794925082869243,0.844521095966231,0.898467043367465,0.95713277918002,1.02097831657843,1.09030017306447,1.16547851643535,1.24682306134518,1.33457429434336,1.42869813651986,1.52848999049752,1.63342036617236,1.74199186552942,1.85177218200543,1.95927353923137,2.06123556752649,2.15205553347843,2.22731143915283,2.28262060044249,2.31513970665452,2.3234672510605,2.30836475658035,2.273504957957,2.22376937460057,2.16269046623154,2.09522297742328,2.02497578006692,1.954710796516,1.88605843818567,1.82008101881332,1.75728799097515,1.6979722112124,1.64209448954533,1.58945407141391,1.53993246932043,1.49330210090176,1.44938065388888,1.40773614478465,1.36825835080864,1.33055016958695,1.29444363675548,1.25964249782109,1.22605559025148,1.19356134024664,1.16219792275835,1.13194974316506,1.10299469134813,1.07537594222038,1.04908463429307,1.02383899255514,0.999037933852575,0.973856241712783,0.947325051744588,0.918607382533623,0.887362153401477,0.853700802189917,0.818127530800233,0.781415589091116,0.744339714904562,0.707591150204279,0.671714207713107,0.637097963788451,0.603978820908018,0.572503739321258,0.542761357592333,0.514727831310899,0.488377185819362,0.463693551520762,0.440576553133278,0.418931447226089,0.398653133497622,0.379672407939692,0.361893040117342,0.345222895506263,0.3295720351032,0.314880097058659,0.301082021346979,0.288109580383007,0.275903987337361,0.264402952679398,0.253561214150058,0.243329286219679,0.233662601783189,0.224519177730845,0.215872882633813,0.207677786550462,0.199927908975024,0.192568278446375,0.185583126433684,0.178938023099874,0.172629435250565,0.16662153883488,0.160905553877741,0.155460274590091,0.150268120303055,0.145313405691674,0.140581308026963,0.136059663729903,0.131737010345594,0.127600016696616
0.210104753141373,0.217125960785517,0.22459019102652,0.232487530826253,0.240764811601648,0.249477690906313,0.258614170685714,0.268415138807434,0.278668726708409,0.289399498564676,0.30079629035256,0.313350712326349,0.326528972799735,0.340338253450994,0.355112821880265,0.370908612295387,0.387699584681727,0.405794589303766,0.425032310359617,0.445789633363776,0.468021956443605,0.491798454484498,0.518093498999713,0.546019880052708,0.57590223203841,0.608550147521542,0.64404630259898,0.682671400135897,0.724673318313662,0.770488884879781,0.820567923030777,0.875374043048589,0.935412743545929,1.00111406403774,1.07314583690473,1.15210847826009,1.23851168165027,1.33285063324946,1.43531958029019,1.54574535884175,1.66374136654992,1.78801079849348,1.91558926244846,2.04321276247525,2.1662279272798,2.27733915915571,2.36960894557349,2.43674714143712,2.47402452321315,2.47921282791738,2.45508832140771,2.40544778249994,2.33867528041051,2.26005702021089,2.17592573279445,2.09119038107047,2.00880706699834,1.93017617485972,1.856250684133,1.78715003224052,1.72277093706598,1.66279996885132,1.60713130733736,1.55512417063918,1.50665876598638,1.46121308140641,1.41858370577868,1.37827351656697,1.33995864041919,1.30324540146223,1.26791819392782,1.23372166187883,1.20062605479338,1.16859293420088,1.13776452347412,1.1084619870959,1.08093006578175,1.05531774984781,1.03153685161481,1.00877880762323,0.985682531686392,0.960636720994831,0.932189269386187,0.899851590156556,0.863828175124754,0.82515725601184,0.785000723685357,0.744487844267968,0.704573338200326,0.66597862786237,0.629093119246481,0.594144371192657,0.56120016138993,0.530303195800396,0.501395793127858,0.474413269382809,0.449264771009174,0.425872401408971,0.404086929774856,0.38379083881982,0.364874318621264,0.347221163347324,0.33072187705863,0.315271721680139,0.300802984529161,0.287243854938976,0.274540086133973,0.262618377776459,0.25141558249466,0.240871727028088,0.230935990903371,0.221560197270781,0.212704768448099,0.204333550038881,0.196428549393163,0.188948075771042,0.181872112458238,0.17515583446599,0.16876858588125,0.162711285873926,0.156947111393057,0.151464976004892,0.14624934731084,0.141286055658896,0.136554168307547,0.132036535446483,0.127721657634058,0.123599103837023,0.119659510639504
0.198137477802026,0.204799917864646,0.211883479710347,0.219398454209219,0.227230230073947,0.235522479400391,0.244212996021265,0.253561074375152,0.263317337740114,0.27360374946654,0.284921634052856,0.295076764296269,0.308893039769785,0.322060851414774,0.336238916274219,0.351378419497197,0.367476798112344,0.38488707048564,0.4033717629322,0.423368949805088,0.444878533212643,0.46823538948379,0.493728751027096,0.521013645067215,0.549570310574298,0.581625066563365,0.6164390956969,0.654467926400514,0.696039116634602,0.741613360209119,0.791687654150909,0.846828635314371,0.907539676845934,0.974565594980372,1.04878842165686,1.13089422855718,1.22178842057163,1.32227068827902,1.43294714876876,1.55440126545325,1.68662245868179,1.82863051983055,1.97769488037486,2.13059153952115,2.28086293808629,2.4191739002065,2.53500829167937,2.61962583777983,2.66302016719391,2.66344490549212,2.62463791515554,2.55400408273826,2.46306230789949,2.36107457174016,2.25599785246102,2.15395514198098,2.05791575837909,1.96892758655409,1.88703644935936,1.81184162975182,1.74278524878079,1.67927703078861,1.62068763536316,1.56669408093367,1.51665556469908,1.47024196161261,1.42692012762644,1.38621716445873,1.34757911754549,1.31062936142022,1.27495660537852,1.24030410558696,1.20653712412684,1.17370434486549,1.14203113779238,1.11207579987183,1.08438565677813,1.0596118915036,1.03803500018664,1.01867920987885,0.999487490877276,0.977400569355584,0.949873706750227,0.916035897006447,0.876606993524038,0.833503901567784,0.788693567929306,0.743878099466936,0.700243503958436,0.658468047807406,0.619030385537555,0.582137755876022,0.54774233790316,0.515739323269273,0.48605095218299,0.458544187272334,0.433072478935931,0.409526976623837,0.387701857146961,0.367500559401606,0.348771163634744,0.33135733626419,0.31512336608456,0.299966242494398,0.285802638937327,0.272560190560421,0.260175058006037,0.248582082291966,0.237733581525045,0.227548528207932,0.217957670500689,0.208923396896946,0.200378650754623,0.192340797622529,0.184737912892048,0.177573085887012,0.170793215710638,0.164372908156496,0.158276483620078,0.152482640501088,0.146978509489954,0.141745436805735,0.136792739317211,0.132073730024639,0.127575108482011,0.123283246742848,0.119182042791867,0.11525865996567,0.11153159436114
0.185859473063169,0.19209908638418,0.19878688899405,0.20586916894872,0.213269694698297,0.221047293152398,0.229246616889788,0.238054276427168,0.24733067468772,0.257140274601196,0.267239995875253,0.277784019853454,0.290255527169029,0.303002871384044,0.316425931092083,0.330765459599747,0.346092607486954,0.362656950189122,0.380321191720046,0.399448706598772,0.420118949127325,0.442625628048944,0.468073129750181,0.494540241534104,0.520802274144987,0.551718446881805,0.585566213125306,0.622578004711071,0.663213889031512,0.708029937027022,0.757523292851798,0.812285850109828,0.872995781335436,0.940563698746683,1.01599185500366,1.10039033132075,1.19477546980858,1.30044101162065,1.41880198372565,1.55106949976843,1.69810323278292,1.85959750728007,2.03382227867186,2.21794319648712,2.40413305154529,2.57951579971607,2.72956635421682,2.83954396605654,2.89302701865053,2.88533637294579,2.8230589676641,2.7208294668336,2.59545190386481,2.46226331546754,2.33144522551112,2.20925811796252,2.09855445993568,1.99938030002286,1.9106770263371,1.82983523924509,1.75694669812721,1.69049547681119,1.62966560979421,1.57396166767687,1.52294797787509,1.47599159721318,1.43256601382456,1.39195416562154,1.35347899567953,1.31664009904032,1.28092751962357,1.24591865051615,1.21147306826057,1.17759430224003,1.1446358416291,1.1133021708673,1.08478438906572,1.06047553301244,1.04191925837461,1.0284083450061,1.01630415672663,0.999872320790401,0.974191545735537,0.93789500684019,0.893046361868115,0.84331880759449,0.792064286467284,0.741752254325086,0.693697098441495,0.648508745863446,0.606437186676369,0.567568469965142,0.531735824762258,0.498765332333646,0.468441049668988,0.440555425596032,0.414931892854839,0.391351709547453,0.369693049910398,0.349743181091453,0.331323142337987,0.314269679845258,0.298414548763649,0.283634446491246,0.26984010635952,0.256973756741394,0.244977367964536,0.233813364132775,0.223382155320936,0.213607629684995,0.204423472695147,0.195761006897855,0.187579993537762,0.179856058387609,0.172619672471776,0.165796567036492,0.159350122108039,0.153258706170099,0.147465224849237,0.14195374014546,0.136716028167453,0.131771701904211,0.127085274156945,0.122635701507085,0.118393855500481,0.114334655730992,0.110446837478819,0.106745223496074,0.103230022824307
0.173272674075256,0.179105230956467,0.185319179274644,0.191962889762929,0.19885300483542,0.206164334759898,0.21380069562023,0.222052788846617,0.230740784370793,0.239910571144344,0.249554788338664,0.259225693739084,0.270309470085918,0.283045732234608,0.295553696302666,0.309074118740264,0.323511699400602,0.339171691770718,0.355773154080131,0.373984247829249,0.393387516316889,0.414657456465906,0.436291044794688,0.463073940824254,0.489264593639563,0.518795395199992,0.551293265612061,0.586934125368722,0.626181526730693,0.66959979076463,0.717790161957635,0.771373078828178,0.831232569308704,0.898338821268979,0.973863445718155,1.05913751065166,1.15547639718551,1.26505051971949,1.38968338409323,1.53162790485143,1.69292204952001,1.87480320114702,2.07774625470001,2.29953675531225,2.53180408204555,2.76024554440287,2.96208027896293,3.11131123050789,3.17943893254682,3.15849743590964,3.05920704053606,2.90739330401098,2.73178888043793,2.55722564763803,2.39582994805021,2.25199937531677,2.12733684796327,2.01904118187388,1.92297812350832,1.83971474129249,1.76444119835158,1.69574104082105,1.63319960354933,1.57638227129393,1.524871523349,1.47811605703803,1.43524389538101,1.39540927625506,1.35775630081402,1.32149098952212,1.28608705940109,1.25098499977605,1.21579087246178,1.18062415776545,1.1457044453851,1.11178101392902,1.08063522821159,1.0554627047253,1.04011970979486,1.03626569113123,1.03716873440021,1.03218139737751,1.00975879760786,0.968503557271941,0.914215960762979,0.854241912023594,0.79432371195123,0.737223184971446,0.68409979802735,0.635206973428247,0.590501342212287,0.549836785939283,0.512794315876324,0.479058747536606,0.448288770949464,0.420223958566384,0.394607539232112,0.371235517850007,0.34992064510001,0.330418336440772,0.312495343326593,0.295944552806482,0.280591361747419,0.266286348124364,0.252923283698295,0.240478937455105,0.228949778118741,0.218255217193244,0.208373770940325,0.19909819498368,0.190366283869249,0.182096574919276,0.17426387306048,0.166910240478432,0.160039377984343,0.153623762673658,0.147572988315003,0.141848649982969,0.136375219427037,0.131138135804482,0.126165761517872,0.121502065398142,0.117123820111762,0.112975609155562,0.109025072392735,0.105216728592738,0.101533684179478,0.098029414454512,0.094743797399092
0.160333905512201,0.165754976965446,0.171523402908022,0.177636080550172,0.184063786008667,0.19085243054924,0.197876116855575,0.205553630940732,0.21355809562409,0.222133120088224,0.231289432475948,0.241302785670656,0.250428494885483,0.261547796615607,0.273743598869855,0.286365004347324,0.299856816723791,0.314410625535925,0.329973112734152,0.346916595081781,0.365209929587379,0.38508464605022,0.407229806921748,0.429974822163101,0.455002363143524,0.482923204643549,0.513595093616942,0.547444205554411,0.584792942384213,0.626244001206248,0.672389434432091,0.723918221787849,0.781821120586972,0.847257484509326,0.921451234923581,1.00580264904028,1.10232721946662,1.21340180962058,1.34203601469696,1.49110235568832,1.66442306796009,1.8657493349018,2.09864838743284,2.36432424267023,2.65624235083537,2.95909172768573,3.24235547249066,3.45711866806069,3.55169094360515,3.5043176582439,3.34053693834057,3.10900779610843,2.86230874417608,2.63484651197594,2.44096332821939,2.27407489568794,2.13848595080679,2.02468327141078,1.92770309929093,1.84206633369243,1.76470139739872,1.69441163804156,1.63057427620983,1.57306670269147,1.52187366074958,1.47621367538986,1.43478851639836,1.39666265467587,1.36047404484935,1.32550349531975,1.29093586305475,1.25590056168241,1.22018738015334,1.18344591879187,1.14569614751054,1.10744357082071,1.07092521043874,1.04026916979909,1.02505312817946,1.03522323079611,1.06541846786415,1.08370060452719,1.06497978994481,1.01129279677512,0.939355363295656,0.864090908960821,0.793636694323146,0.728763534001651,0.669962155554599,0.617250161792063,0.570137769686588,0.528084405664869,0.490381970282814,0.456364933878911,0.425476441216286,0.397411813102939,0.371943237524846,0.348956762695469,0.328255498783994,0.309462615306503,0.29224596660906,0.276408164437376,0.261750021891362,0.24799177606465,0.235056274206613,0.223009891813762,0.21200788935802,0.201975148137607,0.192655294181564,0.183982084261513,0.175832264401898,0.168020451568996,0.160509387938479,0.153452545322632,0.14701340972327,0.141066379350774,0.135468893302275,0.130185791197121,0.125095123201104,0.12009035350642,0.115323552760294,0.110978311287512,0.106973757759302,0.103183468541081,0.0995808789738803,0.0960212012738606,0.0924860191951207,0.0891486738976114,0.0861617563885234
0.147147202098914,0.152072742617674,0.157368985784877,0.163000705417841,0.168864431443247,0.175059412707805,0.181547515973104,0.188588705161972,0.195936597344442,0.203757045303407,0.212069257877018,0.220793758484985,0.229907205588048,0.24009778911667,0.251114178746328,0.262683189985793,0.275102371935813,0.288538011757921,0.302775172495978,0.318464887394095,0.335159488670541,0.353478039091786,0.374976683431366,0.39657499363226,0.418349802733114,0.444187754874945,0.472692418422209,0.50418577114287,0.539086996381587,0.577900256331866,0.621241023290579,0.66987540308712,0.724725095867581,0.786983383035964,0.857999371377363,0.939508201841803,1.03374581647812,1.1434625545211,1.2722216995644,1.42421379782012,1.60501092424052,1.82143818230837,2.08155925238679,2.39283471252843,2.75709044346373,3.16439145516198,3.57853532252247,3.91215030869299,4.06067816088202,3.96029168752454,3.6764604007706,3.30912161329484,2.96526326063227,2.67481539112022,2.44481935287312,2.26819809497324,2.12657179388339,2.01293011990753,1.91802134421354,1.83504383632982,1.7579851423225,1.68691826691275,1.6210485103656,1.56364302249161,1.51306412154217,1.47000825731278,1.43092936051104,1.39586882709407,1.36184206550507,1.32909004446754,1.29596730342118,1.26233833461731,1.22607152391545,1.18702263370705,1.14609080954323,1.10184957528395,1.05529289494277,1.01028985623008,0.978704454530759,1.00516619344222,1.10999166161216,1.17876288175426,1.1598016593706,1.0702146056581,0.96622279707574,0.871064853958195,0.787134549809041,0.713250596453928,0.649098614655884,0.593306940130219,0.544663360639143,0.501901262022297,0.464261076157442,0.430560165270454,0.39974232533725,0.371978988049077,0.346845095971542,0.324282018908782,0.30470353130975,0.286948750117602,0.270617769012341,0.255743017922487,0.242146671882985,0.22905653971311,0.216461512004992,0.204756324828394,0.194407619354384,0.185413850499578,0.17682771990322,0.168842526905853,0.161521912326367,0.154186120237003,0.146961154567249,0.140032728710833,0.134323032524811,0.128952813837489,0.123781395897343,0.119084288968958,0.11449689748027,0.109673107339767,0.104873230036498,0.101077058713698,0.0974386054915531,0.0940225268545134,0.0909901280301693,0.0876894903084202,0.084159257572839,0.0807784576431194,0.078338821337265
0.133714560450012,0.138146396071045,0.142927524320362,0.148033733279235,0.153324853962342,0.158888137557052,0.164783737357162,0.171126354380189,0.177810274709211,0.184916755134412,0.192269466416819,0.200176536098687,0.20860519162207,0.217695714857521,0.227656001694926,0.238124683802281,0.249452180682842,0.261496682887168,0.274509705749261,0.288613615569339,0.303785663544055,0.320642704242475,0.340060110647993,0.357383118534565,0.379127702741174,0.402698761978215,0.428649429533985,0.457306129291221,0.48920238879347,0.52468660904664,0.564446772713131,0.609220595285501,0.659835488371367,0.717534740940797,0.783589810597871,0.859771097485178,0.948665132880153,1.05332580038502,1.17745354443442,1.32614050690855,1.50674539619604,1.7293741457687,2.00678916920843,2.35585891371639,2.79616287593255,3.33876324770731,3.9640606291079,4.5319849886684,4.81783990726133,4.59056782692227,4.0516972081621,3.46439223755149,2.99544023024746,2.6472656210012,2.40124455065244,2.21802551489335,2.08703403915435,1.98016526779454,1.89682732152069,1.82064935593806,1.74684705700975,1.6713602125523,1.60342019550426,1.54593135832244,1.49835441497443,1.45840859908133,1.42362611431833,1.39267310385232,1.36318159307177,1.33314962372083,1.30218460355216,1.26885894525236,1.23359961993533,1.19379328821953,1.15004409543291,1.09958374590525,1.04180625285672,0.971945582773722,0.88935830914759,0.85486803412678,1.22318558657983,1.35497857828788,1.3075405388087,1.13339025627733,0.986318856976143,0.866702942550221,0.768657149075553,0.68796420037509,0.62014172530932,0.562668108851065,0.513443915015696,0.471175425710492,0.43508084208282,0.403115357807389,0.372622925821439,0.34570863226755,0.321355598097403,0.299271091114929,0.282445129141778,0.265858533016501,0.25034327576608,0.236368921523752,0.224292035518742,0.212134255778203,0.200219323565642,0.188780934588849,0.178912227096001,0.171109987318943,0.162889002922162,0.155360892696842,0.148877606365845,0.142028486407382,0.135359879964038,0.128224557582769,0.123229922698087,0.118186392768591,0.113381778748856,0.109282952732573,0.105021635090678,0.100502713927276,0.0958364645063565,0.0921728369380932,0.0888571654858619,0.0857351254068985,0.0829852484490556,0.0798919802843828,0.0766746052479196,0.0734939088793893,0.071047823468443
0.119976188588888,0.123963932953789,0.128210010833756,0.132747302029296,0.137493985959411,0.1424349727603,0.147656631178809,0.153261739147266,0.159226722599382,0.165547493863457,0.172040328006582,0.179041938587082,0.186509281713623,0.194553796330022,0.203491355910211,0.212879423984682,0.222881454794076,0.233591345219204,0.245006722991061,0.25757047237676,0.270996345377272,0.286150019129294,0.303127370298271,0.319598934877461,0.337928572855093,0.358734342117161,0.381737276185091,0.40716741124068,0.435440095958821,0.466914571110218,0.502297439335664,0.542229104152368,0.587411769913751,0.638984436512085,0.698304814738528,0.76690634820537,0.847208529079978,0.942262473895198,1.055821419139,1.19378552843138,1.3640769914959,1.57806886679554,1.85329344724744,2.21542048465295,2.70525941612217,3.38461420510174,4.31053630564854,5.4089663092873,6.02283278980285,5.4785065968439,4.34467040939798,3.46981489249135,2.87991669802451,2.51875771923307,2.285877291052,2.12557716255421,2.01485260933487,1.93364051536831,1.86778892608834,1.80589982886161,1.73652097267777,1.65208636162515,1.57387823892597,1.51683803773416,1.47502969035114,1.44208193419816,1.41388989647117,1.3882968677047,1.36375257076246,1.33760622013245,1.30990609972489,1.27869217956539,1.2435211775886,1.20315994120479,1.15699561240565,1.10254300026696,1.03664420588929,0.948798027146633,0.791223539514347,0.836342804560432,1.61584212737833,1.79058349185806,1.40962716233072,1.1509843442174,0.968595137783893,0.837856166388845,0.736524060270501,0.654586226828766,0.586945680486283,0.530305319845966,0.48236384708584,0.441412642523558,0.406834931071208,0.375870815440208,0.347764805744201,0.321975334335667,0.298813073664347,0.277921555895532,0.260645108186302,0.245122699224689,0.230557366134199,0.217273434323868,0.205107192427253,0.193774236797589,0.183184302673223,0.172916401379064,0.16358755129221,0.155408136062127,0.147878048429285,0.141093678158449,0.134689716028925,0.128387031052685,0.122106722710855,0.11627536188868,0.111139215663337,0.106477808539349,0.102079636275905,0.0979203124013188,0.0939065725163441,0.089898997669711,0.0860352362006364,0.0825141104929572,0.079347363578257,0.0764478247299088,0.0736257264280825,0.0708010954652419,0.067993929617867,0.0653853634802398,0.0630281347371647
0.106084658074584,0.109525377429647,0.113212946677582,0.117230163170954,0.121319859117794,0.125682920584878,0.130191570883403,0.135101520588373,0.140243718597046,0.1457007725554,0.151437636522421,0.157414399500962,0.163871898791773,0.170784895879171,0.178593301168223,0.186974073784628,0.195590142327506,0.204629018156183,0.214643384109258,0.225354752402714,0.23694715869797,0.249726578183529,0.26368439282455,0.2795451497803,0.293876281732403,0.312292955000123,0.332174027212714,0.353974162014857,0.378205496189208,0.40517104360344,0.435339314057708,0.469409921941873,0.50804749883686,0.552082664806711,0.602770874050414,0.661426315546765,0.730026390298657,0.811315117817349,0.90853388960942,1.02671315298971,1.1741121176131,1.36129699587526,1.60505947105357,1.93470700275051,2.40096602596254,3.11142885896158,4.28839654080879,6.3100430166693,8.48931513605674,6.52326720071451,4.26241660123573,3.12823485315325,2.54431457868849,2.26408024975139,1.84021693508107,1.4448775362077,1.16598895281741,0.936651150481449,0.73640607332076,0.549458339877095,0.362176465486971,0.161134921495904,-0.0176514140009656,-0.167286442958161,-0.298837349629353,-0.421161603747786,-0.536869856541081,-0.65224482646118,-0.770819588804002,-0.892508889355404,-1.01499719341744,-1.13714623828407,-1.25623912576684,-1.36793684128197,-1.44978866403977,-1.39729734899233,-0.816423324252832,-0.204865489087721,0.414976666207405,0.976270121059603,1.33550034083632,1.35531206041009,1.21052000078427,1.02222975051592,0.871819233512874,0.754699772187724,0.663017552138028,0.588752452117615,0.527533686253396,0.475934784009132,0.432369430649582,0.395325746033023,0.363089341218411,0.334172795981938,0.308522575142974,0.286013267093921,0.26549218116829,0.247105797262573,0.230705915368047,0.216280725257,0.203270663976242,0.191507835671083,0.180535979774434,0.170114132898859,0.160497305686709,0.151602830565453,0.143581615613907,0.136151165310701,0.129265073951375,0.122969442040362,0.117121323493732,0.111584682411538,0.106183333482925,0.101089356430252,0.0964476398136469,0.0922355368259822,0.0883056141999772,0.0844944714236633,0.0808695661629046,0.0774068962869704,0.074159581691478,0.0710929936664947,0.0681872917463618,0.0655004448397406,0.0629617036067616,0.0605665975698486,0.0581687755843253,0.0558537203748797,0.0537222707469569
0.0920233737675385,0.0949047643593698,0.0980510351893212,0.101423402447593,0.104938860765923,0.108598730550793,0.112416254559193,0.116629406078333,0.120984204878302,0.125523272655467,0.13037236925325,0.135423844042603,0.14088349472809,0.146620410078826,0.152244121210724,0.159773623102226,0.167509102019199,0.175012541278825,0.183286581564951,0.192274556795375,0.20188873595105,0.212622555302575,0.224021626490184,0.237989561571552,0.248590061093611,0.263989539324675,0.280316448727616,0.298137733020481,0.317908707698693,0.339876915699107,0.364303951382108,0.391760185945267,0.422761182268473,0.457922235550043,0.498310975649815,0.544891944416801,0.598860475212296,0.662039386675487,0.738264274724437,0.828379210408095,0.94138475624483,1.08128275678021,1.26212139515206,1.50242381963571,1.84139233541331,2.35434084457741,3.2111885954876,4.87775598124918,10.5877170399818,-2.50306768700348,-3.62127031546969,-3.73785875115866,-3.78092065475668,-3.81106379644182,-3.8033952719883,-3.76936890168556,-3.71254277604158,-3.69915411728496,-3.68271278359879,-3.67820427710739,-3.69866680095615,-3.71896805038838,-3.73027562344517,-3.75254423545927,-3.7883177670596,-3.83853666012307,-3.89951359116962,-3.96685786888637,-4.04404102896995,-4.12963466130955,-3.85838003531343,-3.40539728757868,-2.9377266799032,-2.45416349485595,-1.95304256424388,-1.44369742333253,-0.933513320994895,-0.411751130685399,0.088151047683202,0.499996303570166,0.781461717775117,0.87042822368114,0.856634639257981,0.780875340432328,0.69498743857565,0.615649897115678,0.54902707121181,0.492259855651077,0.443818206848802,0.402254108389672,0.366417655381415,0.335356239739071,0.308280325506213,0.284146091372154,0.262571557519145,0.243387140155567,0.226097177071744,0.210554253041128,0.196627516105696,0.184102643210399,0.172780533126926,0.162514620500202,0.153038009102035,0.144262436661864,0.136081118181186,0.128494273143181,0.121514869042167,0.115130016942397,0.109230681007387,0.103746778455115,0.0986214429061956,0.0937953395727926,0.0892488120488299,0.0849640394809888,0.0809706582244265,0.0772684914729789,0.0738142506345358,0.0705578354955475,0.0674567517401119,0.06448995238672,0.0616828411267487,0.059049796467837,0.0565837969193394,0.0542502310842855,0.0520415362375884,0.0499358510376333,0.0479245122114173,0.0459980417407158,0.0441609386427344
0.0777389520381653,0.0801331318625552,0.0827152144907087,0.0854547638682445,0.0883542031140689,0.0913326384542461,0.0944079431652015,0.097859881033385,0.101444141455365,0.105067269015875,0.108976997403861,0.112986056844675,0.117306934002163,0.1221685251098,0.127552607365729,0.132376140629912,0.138495009780725,0.144741910239745,0.151373039920767,0.158301092324085,0.166107066244519,0.17411879868159,0.183400491323063,0.192269321894736,0.201453436282391,0.21407620388076,0.226566666210531,0.240157948830202,0.254988294899925,0.271672687828624,0.289741272001825,0.310124652060821,0.332656991778584,0.358224537495902,0.38677953113248,0.419488787523913,0.456759056887232,0.49906271121996,0.549839989596381,0.606642817993698,0.675617544586915,0.754859200311427,0.850744391341973,0.962279975104841,1.08925191350717,1.20466510116214,1.18016517316224,0.0772139895047639,-6.81334613484857,-14.94434027647,-14.5373527679417,-12.180825893232,-10.8307401939783,-10.0001051850145,-9.40971880305137,-8.96404440606751,-8.60187491292938,-8.34573333315309,-8.13491502786619,-7.95209133841645,-7.79026961747841,-7.6071137682086,-7.41258233333711,-6.91106374584334,-6.43361582283688,-5.97020117772462,-5.5149834139165,-5.06753629657103,-4.62719154751705,-4.1886708289968,-3.75115602837816,-3.31211740113951,-2.86030841953569,-2.41111219746227,-1.95522595592435,-1.50426208649478,-1.04364406563501,-0.611138439768778,-0.211815346619837,0.119957923318361,0.354258855435846,0.490432016917965,0.537739786424717,0.535276469127858,0.502791837129848,0.463052273514162,0.422865531475257,0.385857305235991,0.351860339403707,0.321731329745564,0.295003064009967,0.271179133041978,0.250074109330254,0.231026324202215,0.21389350286805,0.198565357521177,0.184714290630421,0.172125003434799,0.160786950472174,0.150518955212661,0.141187976225051,0.132714380687739,0.124858713896436,0.117573320221842,0.110860419304101,0.104645845667245,0.0988881313471982,0.0935593188545037,0.0886348852991237,0.0840604773817088,0.0797904085294631,0.0757830367209733,0.0720123274935434,0.0684696029514727,0.0651553785717571,0.0620573959559154,0.0591565295467164,0.0564100217806834,0.0538147705182435,0.0513792978068018,0.0490649488855419,0.0468610670738006,0.0448079881277577,0.0428553948027875,0.0410076737919931,0.0392567763118416,0.0375818902412415,0.0359807976196722,0.034455933402882
0.0633380223510452,0.0652117154744083,0.0671888312558928,0.0693159709237835,0.0716048005051856,0.0738725572590068,0.0762504397471754,0.0788448064826987,0.08157476921947,0.0844035656123125,0.0872937673303238,0.090373912063445,0.0935176230629826,0.0966569960950478,0.100995106248587,0.10480285203253,0.110144154566351,0.114051134707006,0.118735292796625,0.123696276108929,0.12923873939721,0.135384498991175,0.14202422596046,0.150449684565034,0.154790081129812,0.163011337186326,0.17151954074622,0.180589556301118,0.190464920561495,0.201280067706651,0.212878445002276,0.225617141624957,0.239174813087204,0.254561450679025,0.270584167108085,0.288530393023505,0.307609017086431,0.327970007496695,0.349309850687641,0.371129847793989,0.390850924794206,0.405171950005608,0.407118521835039,0.38236074387617,0.294549294008139,0.0451090103741142,-0.626011937025417,-2.37550556966587,-5.74304742036267,-9.3493580996089,-10.8972037960662,-11.295185360357,-11.2486709193151,-11.0137320663923,-10.6975063958911,-10.3328521569507,-9.93651104106149,-9.51418184052804,-9.0677701634013,-8.59880750647244,-8.10426321477452,-7.58956618167278,-7.08206795206439,-6.60081981402473,-6.14882841651482,-5.70715435477249,-5.27941334241175,-4.86568713864492,-4.4474200670416,-4.03367844976392,-3.62598680621146,-3.20964938437837,-2.79716515869331,-2.38097734292818,-1.97016600562376,-1.56027718941303,-1.16722021400914,-0.774525347394169,-0.45753336967842,-0.174799081803916,0.0415926492330462,0.186127562557363,0.27005967820913,0.307935766704112,0.315828800235421,0.308083376130387,0.293036206226589,0.274715595946167,0.255685174689072,0.237301373233599,0.22014578860204,0.204170518763896,0.189420760677941,0.175872726126669,0.163456478309302,0.152164615473379,0.14186869251127,0.132378711397618,0.12377020786809,0.115937523125783,0.108757292758933,0.102148977924439,0.0960384189174433,0.0903701535486867,0.085134449431124,0.0802838142949668,0.0757464476282823,0.0715770165564094,0.0676713381567736,0.0640477831599646,0.0606698269601458,0.0575051027523559,0.0545206679245002,0.0517158793561112,0.0490835133181437,0.046620845756985,0.0443079070709715,0.0421261849988699,0.0400693045265106,0.0381226266209985,0.0362896174853673,0.0345532151804388,0.0329061525972233,0.0313475886324761,0.0298731263460383,0.0284743153711085,0.02714272137037,0.0258765071471892,0.0246720414305609
0.0488997664528435,0.0501978957851325,0.0515528571035663,0.0530985096930491,0.0546893580913835,0.0562952515104691,0.0579538601750553,0.0596906773369043,0.0615757026662973,0.0635375324310159,0.0653984241229458,0.06745342994616,0.0697709960114706,0.0725009794696454,0.0746570133106291,0.0771226474486416,0.0793473985449113,0.0826043920002242,0.0856184025346898,0.0887805138960547,0.0920869236528938,0.0954258707279409,0.0994146249108864,0.104240666525264,0.108849118197444,0.111196558955424,0.115485508626943,0.120012890014394,0.124722367693485,0.129591405138801,0.134498350596464,0.139314295710677,0.144017479465405,0.148429710089286,0.152281577794432,0.154864313392781,0.15559385586438,0.153516285719775,0.146977555157481,0.132563294687472,0.105621128869734,0.0590674362974176,-0.0211636090581008,-0.160100039400996,-0.405448851482635,-0.861076991817552,-1.67385500792223,-3.07270169680539,-5.06768605094938,-7.118296362601,-8.5600735140982,-9.29877450838771,-9.58088963917207,-9.61742993171855,-9.48797764331153,-9.33185462909303,-9.01857068068287,-8.69956615610774,-8.34012439171511,-7.97070510003798,-7.54546031349932,-7.10991389531508,-6.6856392310017,-6.26369394539212,-5.83935209848893,-5.44508405504521,-5.04779141803514,-4.65583713543867,-4.27004123652697,-3.88621211070485,-3.5044143878343,-3.12347536458425,-2.74242532163526,-2.36403364933808,-1.99063956962895,-1.62636330955434,-1.27655742979632,-0.953104746051723,-0.657360589744894,-0.408179580574712,-0.208093768955946,-0.0592909942673865,0.0425733289221131,0.105402285816569,0.141729561529714,0.158777565441439,0.164162418565017,0.163292658283475,0.158407333766465,0.151309165396819,0.143556288423056,0.135406602291101,0.127192023634275,0.119352430461142,0.111805261634283,0.104658454934404,0.097981392847373,0.0917136901050124,0.0859109309442039,0.080585138945605,0.0756352266248004,0.0710051709457557,0.0667338865205085,0.0627224433256541,0.0589887365759537,0.0555177482437686,0.0522555244683603,0.0492226539915174,0.0464411485589784,0.0437810813472658,0.0413046642500469,0.0389856623747706,0.0367970468738188,0.0347586006127286,0.0328259570060248,0.031006117865432,0.0293208525118278,0.0277123346745859,0.0261883836755499,0.0247487643265817,0.0233947109576763,0.0221008451574114,0.0208958054412017,0.0197436059240477,0.0186490817557629,0.0176253542599442,0.0166355784491912,0.015703031330278,0.0148168615543227
0.0343478480064861,0.0351098984313823,0.0358481922638733,0.0367570627671203,0.0376831471446792,0.0386307428907342,0.0395157964899656,0.0404792588967018,0.0414730461178634,0.042493739086307,0.0434124028661858,0.0444173663776341,0.0456321997311403,0.0470086997207773,0.0476782676824685,0.0487617798559623,0.0496627605531645,0.0511184679364081,0.0523237185041423,0.0534720987429093,0.0545199001882409,0.0554235672359148,0.0555403215370114,0.05791832548523,0.058549087835926,0.0588051111559815,0.0590706826060144,0.059022831032054,0.0585893416541869,0.0576140403449365,0.0557812256719403,0.0529309908320282,0.0486831917466585,0.0425817780894312,0.0339530096770671,0.0217132870535268,0.00474734017554965,-0.0186680274790932,-0.0512617965600964,-0.097700289563724,-0.1642321398344,-0.261566321884125,-0.405669719595979,-0.623218570114434,-0.954512583346343,-1.464504993851,-2.2300064180849,-3.31895561007519,-4.64585646588916,-5.99028013957911,-7.09611253324113,-7.82734037492882,-8.23263846354068,-8.41828742140803,-8.43031336369149,-8.3422126243287,-8.18070347036264,-7.93262636970858,-7.66198445324979,-7.35779560916967,-7.0110576226563,-6.66505924853965,-6.28857601557781,-5.91544670363915,-5.54691795841202,-5.18003342137824,-4.81971278959409,-4.45986959210737,-4.10227058396374,-3.74696237894326,-3.39386473844393,-3.04222738550361,-2.69367555044372,-2.34857721865026,-2.01089513025183,-1.68393705578719,-1.37207237499859,-1.08337033071163,-0.822593326423016,-0.596184177207462,-0.408642065544831,-0.261434931694122,-0.150077944156607,-0.0709460360843971,-0.0167802600523336,0.0186124303410466,0.0413551989564146,0.0546088095776594,0.0621566413219234,0.0659623672552256,0.0668905198491702,0.0662739595464843,0.0644910129255337,0.0621862876367533,0.0594815377150703,0.0565336631643936,0.053528100175005,0.0505044154707201,0.0475440106370077,0.0447648831516487,0.0420655751909471,0.0394667723622832,0.0370524113013351,0.0347500625893976,0.0325578177463338,0.0304820051163598,0.0285152939141788,0.0266590782318336,0.024942977674631,0.0233133951742539,0.0217607169102449,0.0203201438215871,0.0189577768470314,0.0176620208406485,0.0164508686581089,0.015302794461585,0.0141891872183441,0.0131717254843361,0.0122060968799228,0.0112779253002377,0.0104185463881188,0.00959259781089682,0.00881281583233796,0.00807233536848652,0.00736852935451271,0.00671688895376844,0.00607461904228084,0.0054779119249624,0.00490426076799378
0.0197655491991954,0.0199226864730875,0.0201631313034811,0.020386383064368,0.0206666295271636,0.020874105424726,0.0210121187573075,0.0211953613165441,0.0213256959051766,0.0214333879077698,0.0213794243313485,0.0213309927370339,0.0213594951936416,0.0212485768102606,0.0206843225610924,0.0204704128283879,0.0207527319429688,0.0198631149458711,0.019095848025951,0.018333955062575,0.0170461008866893,0.015538902783507,0.013422812013334,0.0107316624709037,0.00920696928491574,0.00660264628439711,0.00288956895965947,-0.0016521693837614,-0.00717648915998403,-0.0139865211673491,-0.0224057978407473,-0.032766026195014,-0.0456078299060924,-0.0616058175808627,-0.0818933820654937,-0.107651687269117,-0.140558305324893,-0.183035370155834,-0.238630865382302,-0.312353492467421,-0.411189814543576,-0.545598734000619,-0.730166936058532,-0.986993407858484,-1.34794752971409,-1.8454663735124,-2.5165310645724,-3.36175442515388,-4.32325760323043,-5.28819499254392,-6.13284648096833,-6.76125540239699,-7.18243074488432,-7.42413665703765,-7.52137455643004,-7.50907480107278,-7.41418768082918,-7.25266499324414,-7.04734553175633,-6.79114078748954,-6.51860540666668,-6.21604823829115,-5.90414186370309,-5.58242024196402,-5.25625212957481,-4.93226091199656,-4.60063454311051,-4.26880188706787,-3.94065820574174,-3.61344547780521,-3.28871734654035,-2.96623033044215,-2.64705364254173,-2.3329392495664,-2.02666560234396,-1.73187863112624,-1.45198789334124,-1.19193805472087,-0.956543493020293,-0.74888476955689,-0.572968324888038,-0.428525076776187,-0.313490682569372,-0.224874431409019,-0.158461654437048,-0.10954662263611,-0.0741754042722388,-0.0487126679290243,-0.0306305035332787,-0.0177168919346684,-0.00848868684165322,-0.00208439097582331,0.00225226771565082,0.00519559999734557,0.00715840791242252,0.0082793011898096,0.0088855302220046,0.00911231158065087,0.00901019926728102,0.00873806378947417,0.00830362446114574,0.00776454864555278,0.00719594596910047,0.00659072388756044,0.00593618760949125,0.00528394976089253,0.00463150988757123,0.00397024990869468,0.00334627078065854,0.00272526384515061,0.00211743247489778,0.00154894579461901,0.00101138343393508,0.000470478985803114,-3.09735322144239e-05,-0.000512696522569106,-0.000987664745012413,-0.00142155157270434,-0.00184187448609187,-0.00224778236052467,-0.0026070845695166,-0.00297854897727352,-0.00331873944514962,-0.00364328661466652,-0.00394777019003746,-0.00425002436369703,-0.00451949627243852,-0.00478603820165914,-0.0050294819857254
0.00518514778934743,0.0047552178506755,0.00444429466163274,0.0040173957517683,0.00364255799501582,0.0031603639606931,0.00250760660734928,0.00189898067393187,0.00121584681633189,0.000373490800579644,-0.000654215521641124,-0.00171920465537748,-0.00290776686857903,-0.0039487141826328,-0.00582421593904651,-0.00773954183367149,-0.00995405319924361,-0.011650739392338,-0.0140908114040848,-0.0169443636208556,-0.020108979851461,-0.0239613741576952,-0.0285108994856164,-0.0332614621851419,-0.0383102512768648,-0.0450618734293119,-0.0527131552354341,-0.0615832157647862,-0.0720007466231602,-0.0844031581752951,-0.0989879022816584,-0.116400872590251,-0.137231956858949,-0.162425796967405,-0.193171337108543,-0.230874533187012,-0.277802597022641,-0.336504302527773,-0.410796660245976,-0.505454865538044,-0.627184803756089,-0.785592711849006,-0.992576639097012,-1.26391052281098,-1.62026556076216,-2.07765365219077,-2.64941315967879,-3.31894841600648,-4.05286062597392,-4.78345324629568,-5.44107416904857,-5.96770009243907,-6.35655186107966,-6.60962649546343,-6.74728234212689,-6.78392814379167,-6.74230980717559,-6.63677700663081,-6.4822906042972,-6.28699142215472,-6.06087913343913,-5.80847136763283,-5.54087088713783,-5.26296432261452,-4.97523676354897,-4.68038287159786,-4.38319588294774,-4.08466641474324,-3.78497797467472,-3.48583057505158,-3.18746353162477,-2.89239964796097,-2.60058689456625,-2.31503654595385,-2.03685380815354,-1.76958881423636,-1.51626000901009,-1.28078177897958,-1.06610440537009,-0.874416469566271,-0.708488170891724,-0.568071197231593,-0.452035024473023,-0.358376209516024,-0.284292632467922,-0.225847139772615,-0.180721173501911,-0.145630175252631,-0.11881501355724,-0.0978531499892322,-0.0816384592205475,-0.0689099000741283,-0.0587754583104704,-0.0509305255778798,-0.0445864518359043,-0.0395609358838683,-0.0355056789360536,-0.0321661633784154,-0.0294574809860279,-0.0272434632081989,-0.0254216808877567,-0.0239263883276677,-0.0226668931622743,-0.0215903661310735,-0.0207172291446606,-0.0199694508154174,-0.0193173601444871,-0.0187673438082625,-0.0183008701438342,-0.017903392751345,-0.0175643365448478,-0.0172721148174658,-0.0169735872537283,-0.0167435368307763,-0.0165385964496793,-0.0163556053422521,-0.0161956262448749,-0.0160458109744391,-0.0159047854730164,-0.0157821153474218,-0.0156720580037827,-0.0155725827896185,-0.0154751190677001,-0.0153825050705044,-0.0152974146937232,-0.0152172197399085,-0.0151406254322872,-0.0150605163611438,-0.0149868656929178
-0.0094032400850638,-0.0103289410510976,-0.0112642463120261,-0.0123336478274444,-0.0133512011916742,-0.0145367269431965,-0.0158688897334173,-0.017391424685242,-0.0188556541633846,-0.0205670074302078,-0.0226188282370435,-0.0247289246606916,-0.0271293940469344,-0.029343603851542,-0.032549971618948,-0.035339472788724,-0.0389392439032763,-0.0427781664155793,-0.0471644489491175,-0.0517282203483059,-0.0570061794376507,-0.0630493057247392,-0.0702715230337583,-0.0771542754494149,-0.0852674108321624,-0.0958975031902215,-0.107236577309036,-0.120307982810075,-0.135273610548521,-0.15267076627133,-0.173045358821736,-0.196908736837313,-0.225040438203718,-0.258519213401279,-0.298530637115958,-0.346685697189602,-0.4050892815999,-0.476346714120123,-0.564453260876379,-0.673815553538547,-0.810548156294412,-0.981878559878197,-1.19695477615922,-1.46646311789209,-1.80251070435964,-2.21203241657416,-2.69570327527628,-3.24043280771711,-3.81891498609775,-4.38928651680833,-4.9159536539432,-5.35566890522193,-5.69884014663119,-5.94153065858416,-6.09143994887946,-6.15811470822562,-6.15225475465217,-6.08816571592947,-5.97561789760841,-5.82327265661108,-5.64026346357777,-5.42998202467062,-5.20088524113363,-4.95808207500326,-4.70555326182811,-4.44388054233005,-4.17749889276199,-3.90731615689567,-3.63453759743151,-3.3622397894384,-3.08995390406326,-2.82010411256105,-2.5539202639084,-2.2933632007164,-2.04079964207281,-1.7977523551352,-1.56736841579825,-1.35192290295255,-1.15509525751934,-0.977133953217023,-0.820509096017135,-0.685275228823514,-0.56982254031787,-0.473645912049627,-0.394793357237257,-0.330089315918675,-0.277821902829541,-0.235524033360656,-0.201559160451695,-0.173845852363139,-0.151472368211483,-0.133196268497101,-0.118165878394358,-0.105636915815853,-0.0952359146812817,-0.0865458005076135,-0.0792311453857338,-0.0729401347822809,-0.067567249982978,-0.0629705124073256,-0.0589319459767841,-0.0554208613447464,-0.052372279700157,-0.0496584762850826,-0.0472693415490338,-0.0451430217426731,-0.0432096608066687,-0.0414775573932738,-0.0399306490899064,-0.0385049680665133,-0.0372204620656004,-0.0360536170144426,-0.0349660121879072,-0.0339740627935503,-0.0330398545675875,-0.0321923080315065,-0.0314124549753333,-0.0306770181846158,-0.0299893710905469,-0.0293442544977022,-0.0287413907034176,-0.0281743087950852,-0.0276328459876747,-0.0271401040111005,-0.0266440059464116,-0.0261940727218518,-0.0257652396837366,-0.0253524780757872,-0.0249626852417111
-0.0239267407121078,-0.0253824385760341,-0.0269261267806241,-0.0285883505065332,-0.0302356422399499,-0.0321605539916481,-0.0341546814820606,-0.03650719089999,-0.0388115965012428,-0.0414292802575368,-0.0443890322579106,-0.0475631468712072,-0.0511162467683396,-0.0555823503540001,-0.0587823904832453,-0.0627936115143694,-0.0678910622310256,-0.0735689912362042,-0.0794194298752761,-0.0860459980460415,-0.0933059448973758,-0.101620103284547,-0.110706145704017,-0.122038447310114,-0.13249414147209,-0.145467331108073,-0.160409954777555,-0.177196784980613,-0.196348562254021,-0.218464927146055,-0.244017193977378,-0.273627522799923,-0.308206059361536,-0.348762585529732,-0.396481211922255,-0.453068652509426,-0.52059214378312,-0.601615398310497,-0.699404465363869,-0.818042931696949,-0.962381366010006,-1.13844843795235,-1.35205249973385,-1.61045214257856,-1.92062694009534,-2.28108485444448,-2.69275387909399,-3.14417254338154,-3.61197636873096,-4.0733873254335,-4.49652329444787,-4.86751323677895,-5.16551857455674,-5.38777376083429,-5.53676860768581,-5.61709398456708,-5.6356541506652,-5.60066081169942,-5.5203435761379,-5.40252115199175,-5.2543638534248,-5.07902342627826,-4.88374225523074,-4.67288957712272,-4.45026228127132,-4.21887000135393,-3.98052565272357,-3.73683818895331,-3.49004465696779,-3.2425386014878,-2.99498504852876,-2.74844212498474,-2.50589581500904,-2.26787342371866,-2.03772385682056,-1.81643391184472,-1.60591920230607,-1.4086879120683,-1.22671327727158,-1.06096382217693,-0.913005021163758,-0.783154311889046,-0.670100192640584,-0.57340843742621,-0.491656819825533,-0.422899223195662,-0.365641027908618,-0.318014825432294,-0.278231586790912,-0.245252233886269,-0.21763089129002,-0.194559151067603,-0.17503783377063,-0.158554399075037,-0.144461419970918,-0.132336424817613,-0.121933709462712,-0.112915327990304,-0.10503062161118,-0.0981372801205311,-0.0920232965455673,-0.0865994641892011,-0.0817821010717219,-0.0774612058862385,-0.0735981173493801,-0.0701191422056429,-0.0669415136311026,-0.0640593680746808,-0.0614420431437921,-0.0590242573482097,-0.0568038748854376,-0.0547631924018622,-0.0528816890047185,-0.0511383761122354,-0.0495246144784097,-0.0479978473396623,-0.0465939554328047,-0.0452699698699899,-0.044032286328691,-0.0428729815691012,-0.0417838725160628,-0.0407484126483608,-0.039773777357325,-0.0388542021593885,-0.0379852223502399,-0.0371613079416511,-0.0363724004876406,-0.0356238960132386,-0.0349127123696669
-0.0383464515147665,-0.040358295229693,-0.0424663401293061,-0.0447363607035884,-0.046997896844298,-0.0496500023777606,-0.0523629842056375,-0.0554748823963099,-0.0586075061497636,-0.0620881445749911,-0.0659375941997877,-0.0701758774639264,-0.0746522611414421,-0.0791000647101788,-0.0839556143521336,-0.090646363568284,-0.0968296173143115,-0.103730432045,-0.111301955116016,-0.11984505320614,-0.128890444217964,-0.139280753790947,-0.150528292117725,-0.163615453252581,-0.179173845560456,-0.193568533257592,-0.211587870297892,-0.231898420587615,-0.254913541488812,-0.281374051998908,-0.311457819936335,-0.345974552916217,-0.385832037575643,-0.432171811693592,-0.486188874222318,-0.549442475419849,-0.623805821229245,-0.711607930704231,-0.815616037098003,-0.939068537384467,-1.08575085812873,-1.26038834312762,-1.46664885345226,-1.70952876553465,-1.9904422558265,-2.30794884136658,-2.66062102136851,-3.03739436951633,-3.42332600132453,-3.79957345876654,-4.15458871854514,-4.46540357649323,-4.7234535329058,-4.92404527715498,-5.06539843269509,-5.15018159927544,-5.18246909431385,-5.16787861818169,-5.11180420638886,-5.02117733009492,-4.90116184107627,-4.75517153544266,-4.58883025631334,-4.40637111562654,-4.21050694997086,-4.00508858480138,-3.79255563314274,-3.57365640042419,-3.35087522835269,-3.1268798848902,-2.90154244651629,-2.67727038765614,-2.45634168290926,-2.23942895708042,-2.02888674326717,-1.82646796347395,-1.63365196518494,-1.45216466318698,-1.2838821173851,-1.12931435575165,-0.989482055085394,-0.864976914806006,-0.75493573620232,-0.659078354545688,-0.576382193353229,-0.505170073350113,-0.444397213813899,-0.39291993321631,-0.348883465179934,-0.311621076075138,-0.279706924985767,-0.252607718361417,-0.229215760950076,-0.209135422269247,-0.191792016119929,-0.176700803170333,-0.163446372046102,-0.15183948038046,-0.14160623740674,-0.132556205805521,-0.124487502014497,-0.117246719812315,-0.110765198886986,-0.104913801529335,-0.0996047759729429,-0.0947977057486996,-0.0904199061515187,-0.0864175379748024,-0.0827528353715845,-0.0793710007221349,-0.0762434035257815,-0.0733608236693247,-0.0706852220826675,-0.0681920299900562,-0.0658831380284556,-0.0637215152918418,-0.061691815945878,-0.0597917277913727,-0.0580121552166634,-0.0563455910462541,-0.0547744246502753,-0.0532847436681674,-0.0518783688272009,-0.0505477583755776,-0.0492888824265992,-0.0480894147139824,-0.0469488088994894,-0.0458657841607234,-0.0448378487863384
-0.0526431294074863,-0.0552026923157303,-0.0578961492716802,-0.0606998263396177,-0.0636842658358967,-0.0669096883854258,-0.0703950983023473,-0.0742193587142972,-0.078165270149485,-0.0824772861597121,-0.0871921991180605,-0.0923665576003344,-0.097932122526406,-0.104448281773518,-0.110009064504414,-0.117453277328031,-0.125026747865244,-0.133385262360612,-0.142466031950444,-0.152608779250051,-0.163631604927876,-0.175713137738361,-0.189479531597014,-0.205918247307401,-0.220579203096985,-0.239733775388435,-0.260640086456416,-0.284095892229199,-0.310647147308188,-0.340609321804545,-0.374628815142055,-0.413407763385974,-0.457771565556236,-0.508719435906338,-0.567461238154968,-0.635582444460187,-0.714519079030916,-0.806406235373821,-0.913579663174893,-1.03854981376512,-1.18389611044627,-1.3532742709068,-1.54896473665557,-1.77332912200828,-2.02637236662965,-2.3067952575941,-2.61002455602663,-2.92894119509598,-3.25296211236459,-3.5699004290884,-3.86533037061718,-4.12881922892161,-4.35245429345337,-4.53112323310524,-4.66192891938579,-4.74605265226643,-4.78536971208408,-4.78392842025734,-4.74612181769119,-4.67000156371356,-4.57899547239722,-4.45593235917919,-4.31548845696698,-4.15746429341981,-3.98631287858358,-3.8041477635328,-3.61410757938908,-3.41810027647272,-3.21748607784621,-3.01466161030694,-2.81017533576852,-2.60627204210598,-2.40512481611804,-2.20748885329069,-2.01469561589745,-1.82915260180875,-1.65189037215688,-1.48483204339719,-1.32856394901192,-1.1841044964289,-1.05222352978052,-0.933328790793163,-0.826746653700032,-0.732545214927797,-0.6499669175073,-0.577670101965852,-0.514839821671451,-0.46049276741789,-0.413381252108029,-0.37275268429333,-0.337540708535756,-0.306968659606643,-0.280429198675316,-0.257257664345822,-0.237020827272725,-0.219177238384569,-0.203495613451843,-0.189549149179994,-0.177137841734192,-0.166048497105641,-0.156158774277833,-0.147215515711378,-0.139156307345224,-0.131855456930878,-0.125190378876285,-0.119118693832811,-0.113569458843077,-0.108469863119125,-0.103793449074329,-0.0994774520263743,-0.095469206414651,-0.0917671375810837,-0.0883258243327362,-0.0851087457077344,-0.0821107304485613,-0.0793097961379252,-0.0766895317578037,-0.0742208335470909,-0.0719113938762341,-0.0697399405249941,-0.0676844080486612,-0.0657429940463017,-0.0639099551319654,-0.0621767608941594,-0.0605319978187596,-0.0589666517458932,-0.0574816404616543,-0.0560707170630243,-0.0547286423731955
-0.0668260530743069,-0.0698828681728534,-0.0731470377340945,-0.0765301534513818,-0.0801348424217357,-0.0839733131112421,-0.0881858708230422,-0.0927018021204265,-0.0974157854004932,-0.102553591682302,-0.108142276104092,-0.114236470858941,-0.120616213401258,-0.126891382358069,-0.135511398522523,-0.143547622131948,-0.152468816580564,-0.162236864672627,-0.172866381297255,-0.184503329810634,-0.197310320527113,-0.211351986018969,-0.227169743827666,-0.244626711858603,-0.263963619862415,-0.283595246611439,-0.307280794045241,-0.333521986203781,-0.362956553314835,-0.396062986271735,-0.433401967906813,-0.475646066384223,-0.523584750092964,-0.578130365065299,-0.640391424633172,-0.711568898404572,-0.793190503298608,-0.887139843027038,-0.995114075617229,-1.11882623951791,-1.26048673920457,-1.42250895900641,-1.60555714443482,-1.8114810627123,-2.03931791459993,-2.28690631476994,-2.55020423883185,-2.82298894465657,-3.09755590806274,-3.36530267083664,-3.61628257971555,-3.84121967351476,-4.03521500781331,-4.19342587801806,-4.31330770650652,-4.39345411468414,-4.43600441472814,-4.44337233378678,-4.41839027056258,-4.36793954371255,-4.28167471491586,-4.18263564268185,-4.06332959905598,-3.92605385933702,-3.77616884428201,-3.61536721289593,-3.4459732595408,-3.27006467578182,-3.08970532483665,-2.90604374439393,-2.72089231981649,-2.53566371987261,-2.35245390395965,-2.17185436904483,-1.99549253333322,-1.82552349838488,-1.66244145923666,-1.50781891521323,-1.36278951812608,-1.22762810921903,-1.10311607741496,-0.989892470845696,-0.887330899568508,-0.795378092713209,-0.713614450052329,-0.641140040183787,-0.57730689688249,-0.521235700508626,-0.471928326046708,-0.428717288323956,-0.390953404046696,-0.357672783943727,-0.328519756649151,-0.302694572120282,-0.279990172302357,-0.259749989419931,-0.2418006209158,-0.225801409524237,-0.211456766188252,-0.198535649938697,-0.18689562113742,-0.176373753955275,-0.166837491325132,-0.158168352830814,-0.150230674040496,-0.142966993299433,-0.136313064556645,-0.130168152458137,-0.124502908865078,-0.119279815195604,-0.114428864387238,-0.109928918511205,-0.105744958599216,-0.10182617114992,-0.0981676232497487,-0.0947519108025452,-0.09153498496963,-0.0885198475600852,-0.0856850390279199,-0.0830154741144129,-0.0804886078056835,-0.0781042673620912,-0.0758553316532093,-0.0737271555370672,-0.0717023854759768,-0.069779453722996,-0.0679522887257463,-0.0662147867390191,-0.0645599199626949
-0.0808267761122754,-0.0844055837604083,-0.0881688942059907,-0.0921533843280181,-0.0963250681036307,-0.10078246448428,-0.105661379543745,-0.110871903297345,-0.11636816309926,-0.122229505877706,-0.12873240659224,-0.135569918552766,-0.14283498042072,-0.15078918663234,-0.1598522817375,-0.169047650954273,-0.179263000610419,-0.190190813349547,-0.202211870308322,-0.215317583806349,-0.229793816046439,-0.245321515093979,-0.262737729195347,-0.281528817877939,-0.302558756657348,-0.326210520942854,-0.351423809599645,-0.380057427419139,-0.411946905480111,-0.447565131423211,-0.487625056807089,-0.532389828040977,-0.583081991227031,-0.640214941024785,-0.704803036242978,-0.777922035674336,-0.860841656508025,-0.954953972303774,-1.061706466915,-1.1824571595304,-1.31874004684342,-1.47181923538027,-1.6420917854784,-1.82981215741007,-2.03454458905572,-2.25357019125288,-2.48363576055891,-2.71979805320161,-2.95500249383149,-3.1834577846519,-3.39831149623762,-3.59203658559405,-3.76119211975242,-3.90076134306114,-4.00839570734505,-4.08412551427752,-4.12748012894222,-4.14045377312145,-4.12478943308869,-4.08335522259387,-4.0178091952797,-3.93393742826952,-3.83084073118239,-3.71229732001883,-3.58059934246309,-3.43817316065851,-3.28723543752406,-3.1298686377544,-2.96744427243231,-2.80157262927986,-2.63382709135535,-2.46558987317481,-2.29849726887482,-2.13363575887078,-1.97237209953097,-1.8163215925885,-1.66620570964783,-1.52290283662355,-1.38786197773039,-1.26135204188505,-1.14420063279964,-1.03642582383827,-0.937934504703023,-0.848747547653943,-0.768581614115117,-0.696554056819419,-0.632368460503714,-0.575406779111499,-0.524725822540801,-0.479769384643515,-0.439980217456718,-0.404596998969015,-0.373276330064225,-0.345342655925259,-0.320459663250946,-0.298239878169476,-0.278321664424708,-0.260475177505388,-0.244352854265614,-0.229823948687094,-0.216630524845615,-0.204652501939415,-0.193713606610785,-0.183757152605803,-0.174636971959357,-0.166253719647046,-0.158546721362851,-0.151425630435127,-0.144835909235486,-0.138733075573808,-0.133061378331347,-0.127796154121484,-0.122892020936204,-0.118302062021322,-0.114007234825603,-0.109988527794119,-0.106207806508219,-0.10265116487517,-0.0993058611723265,-0.0961498903186012,-0.0931711396386375,-0.0903579066563663,-0.0876974542742456,-0.0851751498132968,-0.082775838209026,-0.080499332088815,-0.0783368866710343,-0.0762805578134392,-0.0743170362561988
-0.094650116260695,-0.0987131973332489,-0.10297792674582,-0.107514156714227,-0.112299159885789,-0.117285125787283,-0.122764470284614,-0.128720057328183,-0.134910349107043,-0.141547506775,-0.148817683015784,-0.156445278937161,-0.164697149781413,-0.173696976426835,-0.183389321474962,-0.193895357320046,-0.205086450743129,-0.217301676223949,-0.230638785541069,-0.245065007637146,-0.260839358034788,-0.277961119706035,-0.296665565139794,-0.317413819948959,-0.342154294042441,-0.365429695421198,-0.392780374788299,-0.42347001785171,-0.457401000194572,-0.495130155180923,-0.537126879003825,-0.583966913132684,-0.636463537921349,-0.695279617304578,-0.761135204504873,-0.835030775468528,-0.917987282339831,-1.01104441010264,-1.11536069658894,-1.2318247995742,-1.36157080166372,-1.50513128189281,-1.66264643196629,-1.83367355775986,-2.0175086309682,-2.21200347172667,-2.41399950291954,-2.6195770696281,-2.82335708863403,-3.02028972186342,-3.20539920435324,-3.37380522132581,-3.52129623062607,-3.64439783642419,-3.74154138050966,-3.81090483082307,-3.85371893592632,-3.87010025653167,-3.86102693695586,-3.8293254226185,-3.77657275812834,-3.70503548478098,-3.61632682180642,-3.51360907920786,-3.39819139650587,-3.27271526050093,-3.13797503740872,-2.99701919825251,-2.85089118419234,-2.70111062814519,-2.54922444655657,-2.39633296296381,-2.24398701223612,-2.09334495223586,-1.94566551358414,-1.80224561191006,-1.66370051396573,-1.5311174982747,-1.40519596592421,-1.28698650045462,-1.1765037497021,-1.07428931053621,-0.9800085636131,-0.893810412547694,-0.81556912164629,-0.744716237128343,-0.680828348756465,-0.62347802428379,-0.572026523677294,-0.525953154090677,-0.48475996582063,-0.447798832497245,-0.414719456816024,-0.385114411153184,-0.358477749593116,-0.334559433540673,-0.312946015961177,-0.293488531169761,-0.275819260674114,-0.259769001562703,-0.245210115468381,-0.231906697759934,-0.2197372155613,-0.208577327845361,-0.198333322103911,-0.188903926390936,-0.180211593437015,-0.172172663391954,-0.164710119183483,-0.157787063308517,-0.151349870993795,-0.145338653090646,-0.139732116713987,-0.134497717721428,-0.129590521960398,-0.124990433503003,-0.120665304055828,-0.11658842282644,-0.112751247597777,-0.109130639089145,-0.105704600898736,-0.102468490591677,-0.0994072435460794,-0.0964976431316647,-0.0937356465453996,-0.091116394981606,-0.0886276678861434,-0.086257609510552,-0.0839936962853277
-0.108269821208655,-0.112763685688692,-0.117567616660273,-0.122581797537649,-0.12794351871527,-0.13351426927463,-0.139587089408196,-0.146151300551753,-0.153046402649344,-0.160445333687805,-0.168373451277809,-0.176853192897854,-0.185953272786316,-0.195791037288607,-0.206461178929795,-0.217800640402208,-0.230039856726176,-0.243467411854128,-0.25782706949472,-0.273541246626019,-0.290569234222426,-0.309038808432773,-0.329447583901004,-0.351086242415372,-0.376662915146663,-0.401717709998321,-0.431433178407382,-0.463671595114293,-0.499255137294283,-0.538576830421405,-0.582049522794422,-0.630383319376221,-0.684019182291438,-0.743555791677419,-0.809852888324597,-0.883626336665254,-0.965656236262122,-1.05669802083042,-1.15762612286559,-1.26908506576721,-1.39173320106288,-1.52589607427095,-1.67109294252637,-1.82709035677015,-1.99246909178832,-2.16533628455669,-2.34348217970104,-2.52354970893319,-2.70137653617384,-2.87247520300577,-3.03330892044067,-3.18039203243189,-3.3095494068201,-3.41844381087428,-3.50543985222357,-3.56922872662961,-3.61000207832783,-3.62768723516352,-3.62382682502194,-3.59942396032652,-3.55635331836162,-3.49560026660142,-3.41940172978821,-3.32978162394118,-3.22886767486731,-3.11788681593381,-2.9982799214465,-2.87148749143214,-2.74002599020387,-2.6047082218501,-2.46685783637579,-2.32792649195445,-2.18933895975746,-2.05165208611534,-1.91618225713691,-1.7840357290995,-1.65620442529591,-1.53339338552035,-1.41642486622345,-1.30543732596788,-1.20150652534347,-1.10454488008257,-1.01446533613707,-0.931576947796074,-0.855641909411013,-0.786205342220248,-0.723121339940405,-0.666012957723311,-0.614237030857733,-0.567484889328174,-0.525388864494182,-0.487338168625929,-0.452986872462433,-0.422008210038684,-0.393950887726693,-0.368629817271599,-0.345597495602396,-0.324714174861973,-0.305709844394443,-0.288400850576281,-0.272566409450492,-0.258061774413949,-0.244782887350205,-0.23254995234375,-0.221285376371068,-0.210875305020426,-0.201249760592976,-0.192353302116913,-0.184075299061302,-0.176379676779141,-0.169214455623436,-0.16251126422197,-0.156248764587249,-0.150389145379227,-0.14488367689314,-0.139726643575825,-0.134878500852471,-0.130301186513853,-0.12599017516121,-0.121921441002968,-0.118065596942739,-0.1144188811984,-0.110964547546295,-0.107685892648688,-0.104574479553223,-0.101619007971758,-0.0988087912517589,-0.0961265975927686,-0.0935695113089331
-0.121646038060484,-0.126554248911559,-0.131855871835077,-0.137361503395326,-0.143258613975898,-0.149398628165886,-0.156063861399005,-0.163166778439559,-0.170749581584503,-0.17876742498294,-0.187393778295276,-0.196643716007705,-0.206512969509225,-0.217164733767651,-0.228660521450291,-0.24088330395133,-0.254151248558849,-0.268532033184249,-0.283924440827789,-0.300706643891024,-0.318825175008298,-0.338492808580043,-0.360017782999286,-0.383734702201354,-0.410286377910463,-0.435853217157825,-0.467174763609182,-0.500720871045866,-0.537542283962179,-0.577967303309622,-0.622512026193244,-0.671705441974485,-0.725901943014015,-0.78564737465592,-0.851594903736845,-0.924502957312744,-1.00484093598902,-1.09308366214822,-1.19017629158731,-1.29612213033041,-1.41126078855652,-1.53597717770047,-1.66970955421911,-1.81179006889566,-1.96105329950657,-2.11582719425004,-2.27346065318889,-2.43189802133065,-2.5880052654515,-2.73774625738118,-2.87837339168106,-3.00728863999996,-3.12105283634339,-3.21762503532202,-3.29537164190722,-3.35370799738003,-3.39183174682784,-3.41041325519919,-3.40992541696957,-3.39093298397833,-3.3552906864267,-3.30440680074833,-3.23840915770553,-3.16035798900497,-3.0714261284399,-2.97292998233915,-2.86634838396247,-2.75310268068242,-2.63463445194283,-2.51230062360541,-2.38729295100046,-2.26100858047119,-2.13442402015281,-2.00875105133979,-1.88438309629451,-1.76280821824984,-1.64465688411796,-1.53073699350801,-1.42180445737053,-1.31813472104848,-1.22009239254582,-1.12816468956855,-1.04243321527222,-0.962846962272099,-0.889429782692693,-0.821828984290058,-0.759856287009644,-0.703289826326041,-0.651726154528507,-0.604753282768734,-0.562086473646995,-0.52329967972359,-0.488064495110793,-0.456075301090773,-0.426907670779072,-0.400391359335244,-0.376239746630213,-0.354180555823674,-0.334030925714203,-0.315562790126111,-0.298663638477406,-0.283105746514376,-0.268771278557023,-0.255594235167807,-0.243399744832192,-0.232118101073371,-0.221645145839822,-0.211926547318461,-0.202884942100152,-0.194466251597837,-0.186614007001852,-0.179265018844297,-0.172383678395674,-0.165936658597749,-0.159875168357684,-0.154176314257641,-0.148816983829518,-0.143765076970367,-0.138997649367155,-0.134495373016854,-0.130228826586737,-0.126187821317967,-0.122360702521315,-0.118718195120964,-0.115265693086469,-0.111983617742687,-0.108858322229296,-0.105875404872041,-0.103034560815514
-0.13473977875804,-0.140109057531124,-0.145819231078177,-0.151825496484652,-0.158223724524885,-0.164873843796957,-0.172107777010152,-0.179693059203618,-0.187967532065728,-0.196584978223752,-0.205885314819527,-0.215770350606357,-0.226358095724745,-0.237806349550074,-0.250001599162826,-0.263115130650546,-0.277293212579383,-0.292370791425397,-0.308816383865585,-0.326501316849705,-0.345708214226212,-0.366328454391629,-0.388980211918709,-0.414818696080592,-0.440633616514,-0.468429951956179,-0.500174295403551,-0.53466709333553,-0.572289785161871,-0.613504883875819,-0.658682740849073,-0.708205852632044,-0.762423912108309,-0.821850763872184,-0.886972979074134,-0.958392332552281,-1.03649664274996,-1.12171051083823,-1.21424611634844,-1.31431397232186,-1.42233595456406,-1.53801260723302,-1.66103037076491,-1.79050689224297,-1.92541056294111,-2.06419102043691,-2.20470469747434,-2.34483279436184,-2.48231429583056,-2.61428240706141,-2.73804681187364,-2.85148564238478,-2.95207802774836,-3.0377121379036,-3.10753706988015,-3.16055204014449,-3.19618326875737,-3.21484808589319,-3.21651587744658,-3.20189586057279,-3.1721193388951,-3.12866157403724,-3.07182173522006,-3.00366402015435,-2.92514642588283,-2.83767497504898,-2.74256073870984,-2.64109034425159,-2.53474064922042,-2.42394385287887,-2.31054908252729,-2.19565737605934,-2.08013716512699,-1.96491903723197,-1.85093054711033,-1.73896980129804,-1.62980451737957,-1.52403136198215,-1.42234478103603,-1.32530962707044,-1.23322297837251,-1.14623163256601,-1.06459440563246,-0.988441585793216,-0.917700664100295,-0.852033731371452,-0.791525835095927,-0.735904073962445,-0.684758763237879,-0.637922770345555,-0.595109991316786,-0.555898802691181,-0.520037003002487,-0.487333721696873,-0.457374673798105,-0.429954989555987,-0.404858898748106,-0.381831637645889,-0.360742747351471,-0.341290728300479,-0.32342384742595,-0.306946147457334,-0.291743155356223,-0.277670301001499,-0.264634214800127,-0.252555280825074,-0.241324359116913,-0.230869788667859,-0.221124304729533,-0.212017671438908,-0.203519357548288,-0.195567099085951,-0.188104501304456,-0.181102877927581,-0.174518139248175,-0.16831596652344,-0.162474489983099,-0.156960539507336,-0.151751744133595,-0.146833780077,-0.142174423702638,-0.137755600203737,-0.133566620767184,-0.129585771810287,-0.125791981991593,-0.122196821818527,-0.118767683875004,-0.115498413437598,-0.11238157759316
-0.147544732852354,-0.153340330326889,-0.159471481748283,-0.165941241266092,-0.172798441946004,-0.179948772090215,-0.187667076573539,-0.195844646403173,-0.204631346512227,-0.213854220827121,-0.223757718002734,-0.234267729000092,-0.245552722252182,-0.25761616336697,-0.270520970913798,-0.284439544484539,-0.29923275684086,-0.315217771670821,-0.332460549824928,-0.350953010671144,-0.370966655084669,-0.392478720289298,-0.415941682485115,-0.441506465665764,-0.469632840983966,-0.498162672636595,-0.53041458602968,-0.565549931241661,-0.603740218575571,-0.645340554148695,-0.690683187909352,-0.740136627236743,-0.793983428447033,-0.852648947633599,-0.916501679237641,-0.986021254346333,-1.06137970692069,-1.14307327429651,-1.2310647278911,-1.32561567906053,-1.42662510300234,-1.53383981441694,-1.64690822174682,-1.76485771616956,-1.8869502613703,-2.01176613833709,-2.13752829374411,-2.26216383228839,-2.38391360673692,-2.5006271145489,-2.61011307642381,-2.71039715173635,-2.79960836791729,-2.87591695017759,-2.93840449258155,-2.98652836800914,-3.01983808601635,-3.03811515487366,-3.04117784104637,-3.02984559705078,-3.00498336886699,-2.96772313454604,-2.91847062673433,-2.85870538574077,-2.78933256252933,-2.71153322598575,-2.626500334394,-2.5355294753451,-2.43955910565275,-2.33963914909697,-2.23661331086828,-2.1320106180722,-2.02647169441533,-1.92081450954421,-1.8162537289944,-1.71305628720714,-1.6120024808936,-1.51377892181639,-1.41908493102195,-1.32821347909656,-1.24152868472441,-1.15944554150866,-1.08175465241083,-1.00901552561578,-0.940958286693268,-0.877515495864024,-0.81861320550549,-0.764117600450871,-0.713776714355152,-0.667317289194287,-0.624583730532931,-0.585289154164731,-0.549125661936255,-0.515918147928578,-0.485376561370057,-0.457303153673016,-0.43150224194621,-0.407680443962835,-0.38576706509097,-0.365544278932604,-0.346862683928246,-0.329587522136308,-0.313583216681075,-0.298768861131591,-0.284988299116105,-0.272151017535783,-0.260247489841622,-0.249122741558094,-0.238736610026862,-0.229017758735937,-0.219918388546539,-0.211390691523645,-0.203382659008101,-0.195862286009185,-0.188786228841861,-0.182110209659011,-0.175815262779205,-0.169871237927013,-0.164244622335951,-0.158922124289492,-0.153884144606151,-0.149103734419378,-0.144567936092948,-0.140258200018222,-0.136153727360439,-0.132248924285577,-0.128523825492974,-0.124975635814995,-0.121591345005917
-0.160090528618891,-0.166233258684401,-0.172791525515133,-0.179683765519973,-0.186962612531043,-0.194601096947542,-0.202759279374452,-0.211473639990246,-0.220611759186626,-0.230497951130469,-0.240996467446761,-0.252013280997576,-0.263953985409661,-0.276613960184902,-0.290167777910295,-0.30461764815222,-0.320135330424138,-0.336899757449984,-0.354759662611166,-0.374024508718891,-0.39465187835769,-0.417109777733342,-0.441226598672326,-0.467438411203382,-0.495946576579462,-0.52516941958076,-0.558028869284902,-0.593456942930343,-0.631927438261298,-0.673637774498906,-0.718874304109013,-0.767842576863475,-0.820988536443563,-0.878535096607505,-0.940786388733579,-1.00815995803003,-1.08057263831442,-1.15833096268625,-1.24179848592577,-1.33077280943676,-1.42508863640251,-1.52442634806106,-1.62834604182014,-1.73617970041426,-1.84679990867187,-1.95934216059621,-2.07226515202924,-2.18361824454987,-2.29197674947986,-2.39571111794038,-2.49295083788555,-2.58195734886276,-2.66129565863572,-2.72939095208283,-2.7855693219378,-2.82935062640751,-2.86003261213382,-2.8773890019189,-2.88158251212539,-2.87289872953974,-2.85207193445077,-2.82007412267812,-2.77703762624512,-2.72459526423619,-2.66313725111397,-2.59375124676542,-2.51770396442385,-2.43595007384651,-2.3493559371567,-2.2588869092577,-2.1654996487513,-2.070183832449,-1.97360328825711,-1.87674012547956,-1.78030523642711,-1.68532403205893,-1.59182030939976,-1.50069365188994,-1.4124457579221,-1.32742414975957,-1.24589793820925,-1.16822086896515,-1.09462344540727,-1.02512760441525,-0.959883505183941,-0.898658489746862,-0.841557209028503,-0.788437684411352,-0.739000259786617,-0.693199096876172,-0.650836938782118,-0.611611176322411,-0.575382106961327,-0.541949955201904,-0.511046035724332,-0.48247281087273,-0.45613668061625,-0.43174964518989,-0.409191404461469,-0.388306014293558,-0.368951860082586,-0.351022913813161,-0.334322571849189,-0.318825559760955,-0.304403161699728,-0.290930847074501,-0.278392944012421,-0.266658784791537,-0.255689507951214,-0.245416767805109,-0.235775021689275,-0.226723062119876,-0.218207191393919,-0.210192194187935,-0.202654955619718,-0.19553747706969,-0.188815918607708,-0.182465080858272,-0.176448363003131,-0.170750384416722,-0.165350042870296,-0.160218293547377,-0.155349694954741,-0.150724593891325,-0.146316995158147,-0.142120453344246,-0.138122273501323,-0.134294941121209,-0.130653408794156
-0.172300508294073,-0.178799151844516,-0.185734068040697,-0.193005633790521,-0.200769375161743,-0.208844762916346,-0.21741215958688,-0.227042258164334,-0.235998395455127,-0.24677451094406,-0.257582156587333,-0.269135546534656,-0.281568341870258,-0.294733307650963,-0.308806398963253,-0.323906014143588,-0.340080314687966,-0.357293764427037,-0.375720454048653,-0.395643265923711,-0.416885027949753,-0.439834760187371,-0.464318935382362,-0.491653704684067,-0.519927287184181,-0.549231561078212,-0.58287060896408,-0.618497121161326,-0.657001029646892,-0.698564182695568,-0.743380397728922,-0.791687293902927,-0.843829622243794,-0.899966576928238,-0.960342907184021,-1.02526511489593,-1.09465870849242,-1.16871512670504,-1.24753709893794,-1.33104297734273,-1.41897895008499,-1.51102585858063,-1.6066530881078,-1.70529152746195,-1.80585384452005,-1.90745931131413,-2.0090768686524,-2.1090403108155,-2.20586766580603,-2.29850262377125,-2.38525906632718,-2.46452655774903,-2.53529801230767,-2.59637650498744,-2.64704612505108,-2.68668417538437,-2.71481218835155,-2.73125480008465,-2.73589340963437,-2.72928746074366,-2.71174666521285,-2.68423389822502,-2.64673891669253,-2.60028517307273,-2.5456656184047,-2.4837890618007,-2.41573513657278,-2.3421461634365,-2.26392302961854,-2.18194173051416,-2.09697319801306,-2.01006096977218,-1.92181747408623,-1.83293733776068,-1.74419797430222,-1.65633952267257,-1.5698815830829,-1.48527870720981,-1.40299396276538,-1.3233287503085,-1.24670511092528,-1.1734303297557,-1.1036267260709,-1.03740147058048,-0.97489205575136,-0.91598898430424,-0.8607804122102,-0.809106367546476,-0.760836529205056,-0.715837145178348,-0.67399699194162,-0.6351267396699,-0.598992272010798,-0.565496646882438,-0.534439002335241,-0.505605506052443,-0.478863940649379,-0.454041299603629,-0.431006128999141,-0.409622647741156,-0.389695024298538,-0.371190335485822,-0.353947951131964,-0.337866629618145,-0.322862284051249,-0.308846610785393,-0.29575528568233,-0.283484384287304,-0.271970782685802,-0.261189328717574,-0.251059311673359,-0.241526713992945,-0.232554364474516,-0.224093576824498,-0.216115482945875,-0.208578600192965,-0.201459005297703,-0.194725047510436,-0.188343562737798,-0.182291533209096,-0.176550170112159,-0.171094111511474,-0.165906108484594,-0.160972238409806,-0.156276399112221,-0.151800709746706,-0.147534004821569,-0.14345865016469,-0.139563967847068
-0.184172542242383,-0.191048838109946,-0.198304830332135,-0.205987032017658,-0.214095137924023,-0.222627302126092,-0.231545299490064,-0.240777831773231,-0.251164425107396,-0.262303418850143,-0.273523834667826,-0.285481369808462,-0.298332035005997,-0.312086336848104,-0.326681289790349,-0.342208399702822,-0.358786997060327,-0.376594818589302,-0.395578906170703,-0.415817443990281,-0.437522221673657,-0.460838414704122,-0.485758928326392,-0.512309451720111,-0.54353282296433,-0.5715597799763,-0.605225239874546,-0.640855710212785,-0.679162736425605,-0.72034557619667,-0.764520172378759,-0.811941992210372,-0.862845435254043,-0.91743480405422,-0.975724373586323,-1.03805738158888,-1.10437896117898,-1.17471388125121,-1.24905250805783,-1.32728657763781,-1.40923238995611,-1.49445931453236,-1.5825364877823,-1.67285661922303,-1.76456535028336,-1.8566418377765,-1.94821881908194,-2.03825001477067,-2.12516537060727,-2.20814523163085,-2.28580157582622,-2.35670521086029,-2.42003129684954,-2.47491450661143,-2.52070220967806,-2.55663581679108,-2.58240375170332,-2.59776696420627,-2.60283352808567,-2.59781862942987,-2.5829583696885,-2.55921956831016,-2.52620711320596,-2.48506235697806,-2.4364243252722,-2.38123291071258,-2.32011390043064,-2.25375952006275,-2.1829136038315,-2.10842060943525,-2.03125061092559,-1.95192927198942,-1.87115103058626,-1.78958915492696,-1.70788227904434,-1.62668873181196,-1.5464798861296,-1.46787125559614,-1.39105856850985,-1.31650784901023,-1.24453678595239,-1.17543722505753,-1.10932883935623,-1.04629656304841,-0.986477518163737,-0.929916960269579,-0.876616021012489,-0.826572318456592,-0.779502588439026,-0.735482241707882,-0.694369439069999,-0.655936632114637,-0.620110765017895,-0.586750056409699,-0.555647610122301,-0.526692990276488,-0.49975590434078,-0.474643142062797,-0.451229126023224,-0.429456262539333,-0.409117467173688,-0.390145758609948,-0.372423497913062,-0.355868217045744,-0.340398001099293,-0.325879140387142,-0.312295758125046,-0.299557890060192,-0.287589089475099,-0.276335696561881,-0.265751634408657,-0.25578557563069,-0.24639543418994,-0.237528453070637,-0.22915391543737,-0.221234815436293,-0.213735562121231,-0.206638574270284,-0.199916052816512,-0.193531114436667,-0.187469239248834,-0.181707233824079,-0.176221948984455,-0.17100151564434,-0.166026224105835,-0.161278970014621,-0.156756235549609,-0.152436642478384,-0.148310088087947
-0.195714457361442,-0.202918090182017,-0.210472526842578,-0.218530453951893,-0.226951923459779,-0.235867903589692,-0.245137169083633,-0.254999634146019,-0.265584304024414,-0.277053496437642,-0.28865439751697,-0.301102849406076,-0.314362677870294,-0.328486036117287,-0.343549782924097,-0.359572414459989,-0.376546570701094,-0.394639297631091,-0.414015764789092,-0.434720207275771,-0.45680890725145,-0.480302568663954,-0.505589860824992,-0.532681183717136,-0.563424579524587,-0.592480972414891,-0.625269353117623,-0.660702002706157,-0.698596912465252,-0.739179162459895,-0.782550098655248,-0.828919985886899,-0.878441593636084,-0.931288674036668,-0.987425218496864,-1.04708188878892,-1.11026367075579,-1.17692490586624,-1.24697708377457,-1.32026561543402,-1.39656089794872,-1.47551468350403,-1.55668987194811,-1.63951017628573,-1.72327907040223,-1.80700709967644,-1.88987228032617,-1.97101272009417,-2.04939240206551,-2.12394687480574,-2.19363661345573,-2.25733412390164,-2.31417562987354,-2.36367614526507,-2.40503937221551,-2.43761005963325,-2.46128540449806,-2.47570297583713,-2.48088510874381,-2.47709514954192,-2.464358984737,-2.44365313128699,-2.41462087014041,-2.3780850734441,-2.3347888160652,-2.28532842051959,-2.23027211792407,-2.17030554475931,-2.10612720486305,-2.03857245299083,-1.96826544622848,-1.89578824433044,-1.82178028558184,-1.74676845769094,-1.67148005540339,-1.59644147599591,-1.52207280499727,-1.44885144851613,-1.37722496606539,-1.30744109582176,-1.23986181562335,-1.17468275430358,-1.1120382447685,-1.05212494016281,-0.995049157239384,-0.940834106359596,-0.889475500431262,-0.841037845145221,-0.795332322241741,-0.752391436617913,-0.712084000855488,-0.674298705951373,-0.638885542087852,-0.605778499813963,-0.574835595748398,-0.545873272524547,-0.518835690630301,-0.493580965012965,-0.469954029328926,-0.447872307429431,-0.427211876926128,-0.407891101962147,-0.389808327201784,-0.372836354524095,-0.356955578089747,-0.342037220703636,-0.328032912337295,-0.31487155758609,-0.302495215938222,-0.290846029630989,-0.279863100987544,-0.269494678162335,-0.259716055830797,-0.250483428703604,-0.241744917312142,-0.233475181490357,-0.225636835126651,-0.218205648528581,-0.211156148327551,-0.204457315153544,-0.198095650407982,-0.192046243996214,-0.18628134929737,-0.180789817217618,-0.175555398019579,-0.17055579383439,-0.165783847442681,-0.161227153828533,-0.156867476993432
-0.206928832899894,-0.21441226807755,-0.222293709716376,-0.230623710793424,-0.239396521173064,-0.248645044838263,-0.258230150277817,-0.268492399221377,-0.279343477082913,-0.291415637942352,-0.303489267108133,-0.316032721568683,-0.329657093381542,-0.34411742806825,-0.359447766139512,-0.375825355599147,-0.393187449821884,-0.411701792470923,-0.431293772420205,-0.452181999530229,-0.474537033128704,-0.498341543864153,-0.523666046902834,-0.550858068735938,-0.579356504686861,-0.610981016847262,-0.643080158123743,-0.678133981310399,-0.715506289979556,-0.755321064262174,-0.797747075255321,-0.842928322630816,-0.890967692551089,-0.941940295831428,-0.995925180223461,-1.05284334259474,-1.11293867206539,-1.17600294856829,-1.24193488485031,-1.3105575604339,-1.38162496091066,-1.45484484791456,-1.52965085516682,-1.6056922444637,-1.68230189801934,-1.75836468992549,-1.83384850994907,-1.90731663380948,-1.97817654560162,-2.04531799306583,-2.10805730582945,-2.16545937759683,-2.21668517228529,-2.26140231609484,-2.29886259437483,-2.32842924436966,-2.3500235614149,-2.36349099195743,-2.36883152065135,-2.36599235201681,-2.35508995347433,-2.33694174860083,-2.31116357963476,-2.27862214289651,-2.2399680132531,-2.19555040797868,-2.14591306138882,-2.0916673750823,-2.03348573627652,-1.97210250406201,-1.90794497917434,-1.84156468247584,-1.77360200037607,-1.70465332484134,-1.63529073572448,-1.56589598334653,-1.4969227413103,-1.42873684327201,-1.36185153130474,-1.29651041985789,-1.2329842657632,-1.1714928377476,-1.11222534197845,-1.05532811555298,-1.00092236662409,-0.949038532673145,-0.89967557733989,-0.852856847818366,-0.808568900899074,-0.76676909473415,-0.727427487631442,-0.690326451385604,-0.65547401522087,-0.622767425352438,-0.592047143899723,-0.563235206376019,-0.536236383463989,-0.51090920230364,-0.487166708538395,-0.464922217276856,-0.444039859430542,-0.424433506485382,-0.406070095460472,-0.388793449020072,-0.372569207899311,-0.357306276150759,-0.342956092707263,-0.329451672969506,-0.316699982543435,-0.304694252392312,-0.293363947028713,-0.282654506202672,-0.272526381109805,-0.262948471558646,-0.253878655878049,-0.245287840710517,-0.237141254344356,-0.229405707049454,-0.222056980616349,-0.215069006316598,-0.208421051447419,-0.202098838324197,-0.196073606277973,-0.190327827256895,-0.184848003854768,-0.179612296963794,-0.174608559661389,-0.169827341380696,-0.165252003583794
-0.21777535920761,-0.225518803741061,-0.233685166738252,-0.242276399111595,-0.251399113383312,-0.260897883405745,-0.270856710288279,-0.281329223398469,-0.292533425113011,-0.30571862752174,-0.315452884855254,-0.330056567829796,-0.344069111263281,-0.358868274944732,-0.374514617676944,-0.391119538667271,-0.408715034431962,-0.427442293832865,-0.447385169994822,-0.468397676699129,-0.490861044696213,-0.514685616189905,-0.540188822424473,-0.567169607117211,-0.595833264974978,-0.627916730064089,-0.658713991354914,-0.693352752247993,-0.730033661966082,-0.76901262453411,-0.810407419442156,-0.854254157464418,-0.900661840402004,-0.949733134689927,-1.00142748588584,-1.0557758031533,-1.11276214180257,-1.17235315395792,-1.23442360615035,-1.2986572521929,-1.36486326124276,-1.43281714487065,-1.50185430895237,-1.57178186375121,-1.64193393321093,-1.71166088723859,-1.78012238462257,-1.8468689553783,-1.9110972529417,-1.97179696979217,-2.02841325811829,-2.08024306460724,-2.12664111279585,-2.16705503375483,-2.2009472003369,-2.22786032593571,-2.24764446335513,-2.26021272443974,-2.26541202518887,-2.26338984918371,-2.25397988660669,-2.23803437109093,-2.2151346777327,-2.18615529654876,-2.1515018529181,-2.11150873342422,-2.06667783212611,-2.01752922336562,-1.96472153499927,-1.90873851204923,-1.8500780750431,-1.78928102533634,-1.72687503152286,-1.66349807314597,-1.59947772154789,-1.53526484930227,-1.47118568302605,-1.407718177341,-1.34519313089923,-1.2839692084511,-1.22430093264482,-1.16630661788112,-1.11024984273298,-1.05625150634951,-1.00440952581851,-0.95476520532341,-0.907395639359887,-0.862308148947969,-0.819479665222389,-0.778877798605958,-0.740528190053845,-0.704241149456139,-0.670027603986605,-0.63779610523854,-0.607449287259512,-0.578860866939347,-0.551994233163036,-0.526740229874909,-0.502957262210376,-0.480616024368167,-0.459616814513159,-0.439840515987918,-0.421241941528647,-0.403728443452784,-0.387247771958696,-0.371720491849813,-0.357062190166215,-0.343246563473232,-0.330212231075254,-0.317893161816068,-0.306247620469097,-0.295232720695907,-0.284806862337019,-0.274927471088985,-0.265546236729673,-0.256657449724074,-0.248230874304812,-0.240234196386403,-0.232606987193045,-0.225348423813147,-0.218450050114619,-0.211875535565806,-0.205592833008326,-0.199604286007968,-0.193890998093743,-0.188430833491595,-0.183215690308057,-0.178221912720792,-0.173448497295062
-0.228239568792159,-0.236267877404448,-0.244653599903465,-0.253531218301297,-0.262934267641947,-0.272668339644276,-0.282938945221768,-0.293694759471671,-0.304873825094568,-0.316546990544606,-0.329596627668719,-0.343364114543776,-0.357679309956503,-0.372733574912365,-0.38863578948573,-0.405478611060628,-0.42327668423641,-0.442132824865553,-0.462126285245331,-0.483346697728633,-0.505897352928214,-0.529701257102487,-0.555048860697989,-0.581905135173877,-0.610421306083579,-0.643575001262743,-0.672495693623777,-0.70648457344001,-0.742392699012759,-0.780390845844461,-0.82068536951914,-0.863108056606869,-0.907873905825641,-0.955012361502894,-1.00446967435453,-1.05625433777191,-1.11030736121522,-1.16653599264802,-1.22481727787625,-1.28500378386459,-1.34671955752846,-1.40978855192074,-1.47358032848188,-1.53810064149687,-1.60239780689219,-1.6661580561262,-1.72867813639722,-1.78944533855719,-1.84776152906691,-1.90285043458909,-1.95411089292282,-2.00105751169316,-2.04316001446626,-2.07978130755267,-2.11054058037322,-2.13504874910881,-2.15321259289777,-2.16491228608251,-2.17000214807524,-2.16844016833235,-2.16029196465063,-2.14643665958725,-2.1259524239517,-2.10003864045968,-2.06885489737311,-2.0327304251636,-1.99211404305085,-1.94752486597682,-1.89950986312871,-1.84842059466931,-1.79475347556714,-1.73900127962115,-1.68172098276246,-1.62330321724713,-1.56407379583712,-1.50441764255715,-1.4450091507794,-1.38596739071625,-1.32763434644697,-1.27017334858711,-1.2141665799465,-1.1594971437063,-1.10643650479663,-1.05515435709939,-1.00577341657967,-0.958360674878028,-0.912901953394679,-0.869586343463548,-0.828261541783153,-0.788933614764288,-0.751579881600035,-0.716184681343625,-0.682680976496735,-0.651039555080645,-0.621110216454329,-0.592857815191518,-0.566221988576996,-0.541092386226205,-0.517385533775929,-0.495044338142484,-0.47396890519391,-0.454099466147444,-0.435367858314899,-0.417686526393348,-0.400991711986245,-0.385262022736426,-0.370376040655325,-0.35631821945244,-0.343014212493837,-0.330431455798527,-0.318543334729907,-0.307274911182848,-0.296534394961258,-0.286343885578653,-0.276768763721569,-0.267604614736651,-0.258952053703747,-0.250756869885939,-0.242783712178119,-0.235300306608116,-0.228141764256257,-0.221349029402634,-0.21484593861454,-0.208633874761536,-0.202704422546851,-0.197016598136122,-0.191609291370661,-0.186417883776556,-0.181451651482892
-0.238358701760516,-0.246602357190901,-0.255233064970815,-0.264340916261146,-0.273918119415796,-0.283958043136022,-0.294473243608846,-0.305435910517118,-0.316940087203674,-0.329469536079469,-0.342637303084684,-0.356182575710828,-0.370593271640311,-0.385785155897439,-0.40183617178717,-0.418850195929645,-0.436807057770116,-0.455770481464,-0.475811298872259,-0.497034765944406,-0.51949150360591,-0.543304788433979,-0.568330002639111,-0.595125589680283,-0.623439336500616,-0.654154796456199,-0.684351051284831,-0.717625972784094,-0.752736192742495,-0.78976130080408,-0.828772060992991,-0.869815408805058,-0.91287873517752,-0.958065460226342,-1.00532779196955,-1.0546154602028,-1.10583334167386,-1.15889649339985,-1.21366521455111,-1.26995697804459,-1.32754973954494,-1.38601742333987,-1.44532531915213,-1.50472692921243,-1.56383445475126,-1.62224372678471,-1.67945841930126,-1.73487336432888,-1.7879578962656,-1.83808484808847,-1.88462208703941,-1.92731379176411,-1.96555765298664,-1.99880142138203,-2.02678162836114,-2.04921253087509,-2.06591973929304,-2.07674229129264,-2.08157390329897,-2.08046820952722,-2.07340145421135,-2.06099169544809,-2.04286344765727,-2.01962877127782,-1.99148706534338,-1.958730214918,-1.92195900582679,-1.88150224673636,-1.83773409108347,-1.79105521555995,-1.74189754510616,-1.69068615833055,-1.6379589151433,-1.58402099544967,-1.52925646427998,-1.4740464673493,-1.41878499458309,-1.36367077231633,-1.30926372752504,-1.25549176685303,-1.20271744587934,-1.15115544552666,-1.10100269581941,-1.05237347558821,-1.00537263376941,-0.960087111305157,-0.916600637633449,-0.874923728715741,-0.835063936634093,-0.797033423611726,-0.76080458253761,-0.726311494720225,-0.69359496952158,-0.662580063383691,-0.633163724327654,-0.605313996992775,-0.578979469382781,-0.554075687846255,-0.530499254221972,-0.508233042946156,-0.487183072269141,-0.46725898188724,-0.448446844253077,-0.430668759503163,-0.413848080964096,-0.397949507614375,-0.382885882891127,-0.368619129640526,-0.355107149479414,-0.342154148578862,-0.330309450438813,-0.318662717880156,-0.307854886304479,-0.297563687083178,-0.287542506634463,-0.278144798472935,-0.26930230273679,-0.260648082826134,-0.252615910064708,-0.244906824935923,-0.237532726435443,-0.230510341450085,-0.22380596934466,-0.217392460031346,-0.211258805694759,-0.20538133532307,-0.199769398026416,-0.194387686947806,-0.189234334495241
-0.248111366490434,-0.256521272859924,-0.265392962479984,-0.274616615639216,-0.284512002452813,-0.294731782153612,-0.305489527224932,-0.316654423689285,-0.328404131935192,-0.340891397752502,-0.354172194781098,-0.368038618837501,-0.382693760993355,-0.397998278521283,-0.414213540605427,-0.431242798000817,-0.449332076647807,-0.468349477384477,-0.48840077184899,-0.509538232136696,-0.531893139191626,-0.555463646478309,-0.580453540688132,-0.606814769416571,-0.634153140723817,-0.665572998924908,-0.694758435202269,-0.726786986417601,-0.761286570212167,-0.797210350626029,-0.834947107657082,-0.874529997214323,-0.915930626206762,-0.959165083257848,-1.00423566522073,-1.05109521890945,-1.0996436519319,-1.1497075112565,-1.20118549883767,-1.2538996968928,-1.3076262628285,-1.36204159080494,-1.41691558676243,-1.47182236740241,-1.52625023955582,-1.57990937332609,-1.63240565464776,-1.68302594049903,-1.73142900111702,-1.77714185956238,-1.81955733672905,-1.85843115235005,-1.89323722582397,-1.92349900416679,-1.94898355184224,-1.96953627319996,-1.98496970805717,-1.99495056590681,-1.99957362701748,-1.99878169920518,-1.9926039658983,-1.98154030919038,-1.96537331324633,-1.9444079194722,-1.91903107162559,-1.88941248210939,-1.85598216357242,-1.81914356878842,-1.77914604206677,-1.73639261269033,-1.69126846630931,-1.64426605231483,-1.59567785224488,-1.54584621187563,-1.49514863721935,-1.44392454198703,-1.39253889152306,-1.34120268430952,-1.29020699058519,-1.23979476972518,-1.19018909821454,-1.14161594707181,-1.09421041077355,-1.04810301842232,-1.00340776482937,-0.960199455797443,-0.91854984619529,-0.878516754354001,-0.840130320992723,-0.80339941040366,-0.768307188827216,-0.734828384483228,-0.7028969023036,-0.672564845245347,-0.643712691032389,-0.616318534537612,-0.590364147926492,-0.56571288405671,-0.542399902981819,-0.520171145272767,-0.499326153400959,-0.479310649412032,-0.46051083580212,-0.442668924073546,-0.425704998979446,-0.409858000974377,-0.394623238814933,-0.380212027528185,-0.366442980427219,-0.353724311833715,-0.341298340106651,-0.329574719133002,-0.318396619669999,-0.307870869923751,-0.297799200610044,-0.288214252766806,-0.27909246273592,-0.270376263772981,-0.262069104546673,-0.254145311793016,-0.246579694513375,-0.239368491873738,-0.232470760658588,-0.225864256035105,-0.219546713838521,-0.213495903245859,-0.207690359968058,-0.202167092172486,-0.19684004759748
-0.257461787502246,-0.266099830962476,-0.275076730483449,-0.284527051858338,-0.294569185501699,-0.305019424822222,-0.315899070006074,-0.327431705976278,-0.339075676684723,-0.351764430900471,-0.365229755386769,-0.379197756911777,-0.393987832544112,-0.409417244373105,-0.425705748125502,-0.442810133711687,-0.460803043414076,-0.479832095440761,-0.499796744534297,-0.520983235042203,-0.543098584762707,-0.566466493021518,-0.591039133231135,-0.617051654911101,-0.644322138292848,-0.674191568189022,-0.703019477954119,-0.735041578223138,-0.768100347584229,-0.802936515920237,-0.839405412729817,-0.877518877038773,-0.917263560021746,-0.958624273925825,-1.00156264625274,-1.04602215815683,-1.09197585390678,-1.1392451044387,-1.18763191172545,-1.23701560399988,-1.28720513549307,-1.33782064263124,-1.3886778100544,-1.43947618071255,-1.48970363053944,-1.5391186704076,-1.58730781853405,-1.6337254905895,-1.67798537970147,-1.71970456699171,-1.75851182072484,-1.7939587927608,-1.82568906478132,-1.85331970130558,-1.87658705036837,-1.89548123361505,-1.90956572796208,-1.91890817831332,-1.92331466661322,-1.92277861128799,-1.91738809944244,-1.90752418595367,-1.89299983410002,-1.87408727068299,-1.85101773074894,-1.82414163164667,-1.79376751702811,-1.76012082864841,-1.72353182937565,-1.68434240916214,-1.64293845753043,-1.59970183548538,-1.55488419584475,-1.50881847358447,-1.46180345195189,-1.41422978261363,-1.36635593673529,-1.31844550516894,-1.27073867794045,-1.22346481189204,-1.17685936244908,-1.13107254812577,-1.08624354455547,-1.04250921782439,-0.999994289534139,-0.958788884684787,-0.91898551256154,-0.880610727256267,-0.843691568671405,-0.808243766249418,-0.774278126936591,-0.741770368505627,-0.710728719781482,-0.681089101161797,-0.652810616423643,-0.625877135719418,-0.600314496929384,-0.576024887419725,-0.553365655758397,-0.530779566580551,-0.510615441516006,-0.490488111080273,-0.471705263720408,-0.453916395391748,-0.436878900536875,-0.420909703371874,-0.405642322709444,-0.391149165623193,-0.377366746876314,-0.364200038495747,-0.35174694371165,-0.339881567619973,-0.328582213272215,-0.31782369087468,-0.307566226456942,-0.297862025176268,-0.288536238662282,-0.279677191612677,-0.27113838290224,-0.263023011723785,-0.255303289003812,-0.247729700988538,-0.240952869895538,-0.233935584384157,-0.227591694650178,-0.221071542245716,-0.215411572400193,-0.20948769430708,-0.203756583779936
-0.266453284035968,-0.275231598636406,-0.284393727314319,-0.294003368511612,-0.304068874497863,-0.314816740271629,-0.326018570047791,-0.337306007453113,-0.348429916184669,-0.362238598960066,-0.375747217974924,-0.389739708618407,-0.404521805873101,-0.420056355945535,-0.436331500195525,-0.453500622735184,-0.471511163219203,-0.490377976605699,-0.510243418740983,-0.531226577406017,-0.553226535971454,-0.576213451569524,-0.600585000874744,-0.626090322700416,-0.653085428880451,-0.681062745211452,-0.710364820465057,-0.739446378978129,-0.773407894146748,-0.807081987912773,-0.842261699706725,-0.878927015837603,-0.917045701600696,-0.956594278315376,-0.997497793321445,-1.03971608128276,-1.08313351194978,-1.12771828864338,-1.17322748168116,-1.21951949094474,-1.26640999851434,-1.31359395582314,-1.36080872242238,-1.4078023184162,-1.45425157717242,-1.49981931897737,-1.54413857810356,-1.58679060190261,-1.62735117704635,-1.66557391344229,-1.70111639899431,-1.73349968231017,-1.76249004210682,-1.78776972460035,-1.80911953115964,-1.82640782296506,-1.8394119567862,-1.84798898186692,-1.85214597946007,-1.85187826726934,-1.84718688106721,-1.83838724459927,-1.82528496995996,-1.80813110190107,-1.78718522886224,-1.76273564418105,-1.73504527640245,-1.70424987358599,-1.67077286577188,-1.63479265162944,-1.59677159963085,-1.55689621943025,-1.5154762554185,-1.47281956958505,-1.42921097593517,-1.38503268387642,-1.34044340778594,-1.29565168837974,-1.25096168396876,-1.20663739014021,-1.16279260979183,-1.11960533671345,-1.07723952839487,-1.03578966858177,-0.995403754997892,-0.956164231972737,-0.918121199745787,-0.881344873534637,-0.845852435958764,-0.811660339316695,-0.778842804432496,-0.747332311943264,-0.717185925944656,-0.688366981193788,-0.660773256553108,-0.634376656032345,-0.609443313967886,-0.585568176212949,-0.562685063543813,-0.540992539128551,-0.520235606175912,-0.500654027567637,-0.481935294972399,-0.464168056218579,-0.447189542370808,-0.431133928836553,-0.415576908496426,-0.401315962209229,-0.387116660298598,-0.373979957723305,-0.3611938645444,-0.349785370473736,-0.338394095579708,-0.327497870466985,-0.316892590121271,-0.306823991693122,-0.297254072840538,-0.288091328842516,-0.280293289232013,-0.271530389114828,-0.26360894575816,-0.255683292314987,-0.248517461604096,-0.241655014905912,-0.235757390416249,-0.228473033347792,-0.222852963078372,-0.216601535832728,-0.211215036362385
-0.275072046425393,-0.283958460940632,-0.293276969864439,-0.303012492467705,-0.313238146529839,-0.32393275490411,-0.335278556160217,-0.346483363754193,-0.358794923287826,-0.372267850997437,-0.38556726481884,-0.399649005719723,-0.414385174727439,-0.429897603449712,-0.446189307150306,-0.46327841636471,-0.481187736520379,-0.499956009735338,-0.519720700052066,-0.540362402938107,-0.562204992356591,-0.584924386486049,-0.608754442015001,-0.633760362160477,-0.659657109672768,-0.688061792532689,-0.715829527034145,-0.745939707259944,-0.777310085767218,-0.809876731685583,-0.843752756985488,-0.878951184643208,-0.915462418216322,-0.953228908258525,-0.992197127174601,-1.03225947805229,-1.0733533019972,-1.11537218898852,-1.15817354348309,-1.20158733923246,-1.24542631004464,-1.28944905915805,-1.33334470115091,-1.37692384088543,-1.41994770039766,-1.46198214658725,-1.5028157608211,-1.54208273631448,-1.57933153343872,-1.61444934027234,-1.64704199304392,-1.67670057479844,-1.7032398690676,-1.72642678520678,-1.74606100915036,-1.76192426125213,-1.77391333365944,-1.78181826122651,-1.78573511238802,-1.78565167507284,-1.78150179483353,-1.77363682898102,-1.76184096011564,-1.74620929598524,-1.72716597027384,-1.70491259158572,-1.67949739652292,-1.65134646577817,-1.62069036714089,-1.58759379998758,-1.5525602927556,-1.51575281915046,-1.47739871916766,-1.43788962860899,-1.39747935499016,-1.3562921833507,-1.31471918735769,-1.27292493872357,-1.23114407605363,-1.18950580508626,-1.14815654215926,-1.10742587824958,-1.06733674703627,-1.02805186962323,-0.989683611798156,-0.952219243553164,-0.915854966371608,-0.880650209649988,-0.846533857172638,-0.813623334631661,-0.781713871616024,-0.751149250222585,-0.721744577195746,-0.693726333964134,-0.667298518666388,-0.641182862839821,-0.616690986903544,-0.593614014451322,-0.571605923118046,-0.550267525876382,-0.529886960884505,-0.509874113886922,-0.491294056269371,-0.473159745252418,-0.456580736919859,-0.440564734836304,-0.425222349740538,-0.410280892732938,-0.39663984506365,-0.383181955217125,-0.370640880284348,-0.358323467170493,-0.347275353946343,-0.335932673409001,-0.324868318004046,-0.315314341393816,-0.306097053914748,-0.296749839752524,-0.287602358629778,-0.27950694948883,-0.271613324700998,-0.26391268838194,-0.256032113804985,-0.249181985506865,-0.242771144070214,-0.236152270362928,-0.229959308746484,-0.223892482071687,-0.218135053364876
-0.283289981647573,-0.292335458867127,-0.301737515118831,-0.311587301640485,-0.32189895129436,-0.332697323539561,-0.34391270572266,-0.355561661782344,-0.36808328986146,-0.381133062961242,-0.394570816811852,-0.408746330003101,-0.423522007950078,-0.43908291868578,-0.455281958118914,-0.472274544379848,-0.490098050189271,-0.508723169245134,-0.528311016240099,-0.54870171377096,-0.570010058389979,-0.592473115117809,-0.615846135795207,-0.640339282653554,-0.665888176053549,-0.693693166211212,-0.72036937744337,-0.749375526410398,-0.779973555897102,-0.811423549720592,-0.844030364076518,-0.877800008485767,-0.912708607261551,-0.948754636953039,-0.98583439657773,-1.0238858446032,-1.06275674215038,-1.10239221482679,-1.1426759070238,-1.1833715516784,-1.22438610751319,-1.26547899908094,-1.30634506440851,-1.34682769135748,-1.38672109448207,-1.42561737355081,-1.46327794887669,-1.49944267760848,-1.53379673163017,-1.56608574499978,-1.59600590150987,-1.62324433412333,-1.64758490950623,-1.66891800029723,-1.68696854116758,-1.70156588834175,-1.71261264578647,-1.71995079167243,-1.72362705233958,-1.72365062200212,-1.71999909437448,-1.71284404411248,-1.70210090195747,-1.68820734717336,-1.67085888420444,-1.65048395980362,-1.62720366308495,-1.60127466383115,-1.5730220799236,-1.5426419869279,-1.51034649651825,-1.4761889731884,-1.44081297805852,-1.40418147955991,-1.36654142151701,-1.32807092981099,-1.28914375592655,-1.25059910046951,-1.21084878557272,-1.17134335704372,-1.13244894911573,-1.09396020226997,-1.05616335171532,-1.01988319579342,-0.983027986833272,-0.947689581719179,-0.912381615370387,-0.879620773300248,-0.846941859319161,-0.814723968924592,-0.783932048588659,-0.755636346996589,-0.726388964151462,-0.698184447776379,-0.673154540325739,-0.647665559457643,-0.624039025788483,-0.600256823580356,-0.578656670513795,-0.557695772130753,-0.537022834612451,-0.518640908983021,-0.500132181750236,-0.482038373426491,-0.46513227675114,-0.448075142490408,-0.434753222761998,-0.418711576471941,-0.405857340439137,-0.391893463244976,-0.379264324854215,-0.367446387662289,-0.355112244165964,-0.344485679742944,-0.334004546623655,-0.324392209869144,-0.313768968353692,-0.304655066439427,-0.295895601884531,-0.287451746940019,-0.27941273017659,-0.271624769753513,-0.2638877901445,-0.256741622284694,-0.249943103150459,-0.243300589786113,-0.236920919847844,-0.230794015305457,-0.224951905584828
-0.291156309758158,-0.300298052141989,-0.309798774169606,-0.319743543790969,-0.330086017999187,-0.341002326429791,-0.352312534911363,-0.364144416992251,-0.376563433439792,-0.389525191323735,-0.403038050450505,-0.417186125826276,-0.431958745500835,-0.447386372548574,-0.463605220387728,-0.480444493328129,-0.498218064563874,-0.516595339801712,-0.535909595077052,-0.556175135340026,-0.577093492662856,-0.599069597559666,-0.62202896331698,-0.645789279137134,-0.670490757110512,-0.698133837357124,-0.724239447144446,-0.752344210152064,-0.781562372322096,-0.811795370418126,-0.843171196627273,-0.875580386630459,-0.908968062704365,-0.943312172044416,-0.978562277424888,-1.01469533271775,-1.05148520678903,-1.0888821183114,-1.12680973841056,-1.16504872863565,-1.20341152317294,-1.24177217465871,-1.27987461689232,-1.31755159453422,-1.35456951678385,-1.39061664038855,-1.42542929133689,-1.4587804281676,-1.49058854666254,-1.52030315967502,-1.54779350154908,-1.57288257620367,-1.59529747691402,-1.61493930082218,-1.63153236640367,-1.64488588827873,-1.65516991126757,-1.66204810671491,-1.66547992770521,-1.66532359668746,-1.66241240555013,-1.65578389598252,-1.64606041805027,-1.63452219905265,-1.61707424720719,-1.59899735861815,-1.57687084112511,-1.55518055116729,-1.52860187843962,-1.49968474611234,-1.47127688670152,-1.43898754247513,-1.40578291697176,-1.37137912646495,-1.33893454438837,-1.30195541995112,-1.26704543868628,-1.22972618059714,-1.19247619739173,-1.15376242332149,-1.12060833899822,-1.08208398290494,-1.0452505019081,-1.01478579825759,-0.974609601623508,-0.943139183303461,-0.908367772298598,-0.87738935819378,-0.846703994184989,-0.815650793602647,-0.785846481285623,-0.757333155955475,-0.729130431822267,-0.702639426912298,-0.675726785843707,-0.653564516008072,-0.628728014135573,-0.606817299368625,-0.583734701679348,-0.563859771698967,-0.543692923551929,-0.525606396825348,-0.507497022598286,-0.489289595314936,-0.473562011050618,-0.457387514345489,-0.442305533049665,-0.427156631901871,-0.413738387522531,-0.400399418414777,-0.387848598418534,-0.376000490753835,-0.363679389250123,-0.352439006371728,-0.341663858011104,-0.332176175348705,-0.321818270316119,-0.312445889178609,-0.303560407678797,-0.29501059138874,-0.286758982798548,-0.278899104002239,-0.271269680622234,-0.263865255370666,-0.256889616278731,-0.250170937682589,-0.243684787826446,-0.237448997117633,-0.231502722207555
-0.298660021789696,-0.307855840771096,-0.317474555099647,-0.327429375432556,-0.337912938559616,-0.348766558761108,-0.360207188853203,-0.372059034269624,-0.384521630385732,-0.397385303157125,-0.410942824233208,-0.424996984333655,-0.439742174886149,-0.455108342848427,-0.471165807333106,-0.487934229848087,-0.505390075567482,-0.523670924928039,-0.542707999280316,-0.562581768396292,-0.583316101959076,-0.604878172384271,-0.62735527793755,-0.650788555025083,-0.675315257948825,-0.700534541356525,-0.72642412095186,-0.753576974972703,-0.78198350665752,-0.811163113866105,-0.84119734543089,-0.872220973675217,-0.90423599448845,-0.937056910608014,-0.970581211166264,-1.00481694725002,-1.03963759463623,-1.07492515007467,-1.11062910313584,-1.14661342631771,-1.18254575157217,-1.21839023102665,-1.25388004035062,-1.28906781116168,-1.32340274237647,-1.35698083512883,-1.38921171827633,-1.42005713941602,-1.44956109649391,-1.47712545429411,-1.50195778414876,-1.52619292463406,-1.54657897383125,-1.56444205824865,-1.58067690403305,-1.59356785000055,-1.60244450402043,-1.60822506253067,-1.61075050434072,-1.61370333485509,-1.60879455805367,-1.60215276376723,-1.59484153056275,-1.58263388746191,-1.56836317586723,-1.54948870802886,-1.53203345790797,-1.51302559623519,-1.48487994654931,-1.4597784287968,-1.43301955618256,-1.40338225181555,-1.37392453553505,-1.34062970563073,-1.30875095033021,-1.27405935488156,-1.2399060451216,-1.20561617750929,-1.17184391528275,-1.13714757474672,-1.10327838036378,-1.06681339740541,-1.03468409217485,-1.00161088095,-0.966820034073786,-0.936439503365174,-0.903239078360351,-0.87278743003831,-0.843432948818157,-0.815622799277833,-0.785449963501616,-0.758322670093934,-0.731031856377057,-0.705571606641453,-0.680235174451344,-0.657198204946221,-0.63326342591305,-0.611736428140058,-0.590905526657952,-0.570169684000314,-0.550583293069085,-0.532534923611134,-0.514144911904478,-0.496415802000577,-0.480505108172556,-0.464737874243048,-0.449702736561784,-0.435153549851935,-0.421401978859669,-0.408082906190054,-0.395415461421026,-0.383211052144087,-0.371311157037464,-0.360230866109939,-0.349568859967793,-0.339728263347505,-0.329450796746754,-0.320011752287063,-0.310849428202825,-0.302148161625974,-0.293848139861975,-0.285870022008642,-0.278078282531197,-0.270711072432191,-0.263636378330892,-0.256774086394746,-0.250195560165546,-0.243898968190539,-0.237794580703969
-0.305773528871877,-0.315074576142961,-0.324718036859184,-0.334774435379035,-0.345239903903803,-0.35618359968689,-0.367584841242832,-0.379496646148228,-0.391849298961344,-0.404786256516504,-0.418210524189936,-0.432276055619457,-0.446884245102539,-0.462183240144923,-0.478014394781107,-0.494651700118299,-0.511925526753882,-0.529948773746091,-0.548741106290913,-0.568277034180891,-0.588579700982236,-0.609808509130956,-0.631760630008677,-0.654662223619772,-0.678615077935948,-0.703145290813131,-0.728263611193837,-0.755100278984614,-0.781618501548457,-0.809687992592431,-0.838650102345125,-0.866898793932043,-0.898898961635882,-0.930303938210959,-0.961949571807325,-0.994918874138155,-1.02829492656713,-1.05991514375868,-1.09464688560715,-1.12944939656215,-1.16191812637545,-1.19689296818303,-1.22881841456099,-1.26317717367742,-1.29280204587634,-1.32535175150019,-1.35414252721756,-1.38290609642467,-1.41056559055205,-1.43608747502104,-1.45935905466218,-1.48214398417987,-1.50015270301223,-1.51671089440753,-1.5307963523965,-1.54255731122516,-1.55043082576684,-1.5573489527356,-1.5633415791772,-1.55811651773483,-1.56029410265636,-1.55284436475657,-1.54446502559743,-1.53461665896721,-1.52066308389322,-1.50436621024155,-1.48662486212998,-1.46618717873403,-1.44331911826087,-1.42051127143727,-1.39552392221392,-1.36767659247363,-1.33863558129012,-1.31035102110333,-1.27952172866548,-1.24780390418871,-1.21635140158819,-1.18426810179276,-1.15217232987934,-1.11973617312836,-1.08724650933352,-1.05440319773846,-1.02264650894781,-0.991109515309282,-0.959252200996453,-0.928626029742611,-0.89827738939429,-0.8687411076108,-0.840070471086562,-0.814280148168323,-0.784463153534313,-0.758034074575965,-0.732098556335779,-0.707438331215732,-0.683314522258659,-0.66023326305295,-0.637848718307825,-0.616404982535097,-0.595753840760029,-0.575734132225413,-0.556477301492193,-0.538269840047939,-0.520515713498894,-0.503414815184057,-0.487144688173138,-0.471568861201576,-0.456686339821028,-0.442211593927784,-0.428406188042171,-0.415203027702223,-0.402497045625392,-0.390335665087584,-0.378669279172651,-0.367436021726804,-0.356682642619796,-0.346497883710638,-0.336543454756496,-0.326942176296162,-0.317811548568392,-0.309045216781657,-0.300600604764383,-0.29253499334392,-0.284745524841546,-0.277292269524497,-0.270063227106383,-0.263138157634028,-0.256486834739843,-0.250052106731751,-0.243881653325207
-0.312566112598302,-0.321889840424003,-0.331596210683089,-0.341669426235439,-0.352169906432791,-0.363102211582094,-0.37453432479341,-0.386380150194883,-0.398779392554387,-0.411583996115599,-0.424981307862439,-0.438906252330548,-0.453434242372875,-0.468548102398558,-0.484275354214835,-0.500655319828699,-0.517718965932301,-0.535447260008172,-0.55390488677008,-0.573067673622942,-0.593053497419559,-0.613704371767706,-0.635202486066696,-0.657495785566182,-0.680570817215517,-0.704083380315013,-0.729188591020905,-0.754447619869655,-0.780188726161583,-0.80828159109894,-0.835622187703447,-0.862979740836792,-0.892844056553421,-0.922730878194401,-0.953181301485825,-0.984293478278055,-1.01603155545764,-1.0445926302745,-1.0795778036226,-1.11035661093057,-1.1408746686994,-1.17399781133885,-1.20278954990017,-1.23498035889594,-1.26431285142109,-1.29421274542152,-1.32362404262403,-1.34846629564389,-1.37367710034497,-1.39693311023205,-1.41647734325615,-1.43693341595686,-1.4572559806958,-1.47161732400313,-1.48459494269194,-1.49489414524573,-1.50288736182947,-1.5086356986597,-1.51030687245162,-1.50974931568689,-1.50909121738024,-1.50419341077543,-1.49630411637666,-1.48756725894108,-1.47535756532524,-1.46063322951069,-1.44393121911481,-1.42560496037645,-1.4043333536831,-1.38314820386354,-1.35942116362096,-1.3337785890936,-1.30751225812663,-1.28036054229088,-1.25205028517521,-1.22245517254074,-1.19083351000515,-1.16354127916937,-1.13288389116275,-1.10211959378134,-1.07145308836195,-1.04084477316797,-1.01032004495497,-0.980256080111394,-0.950397553044557,-0.921083890442303,-0.892221993394949,-0.863999878118156,-0.836833083073899,-0.811020188853783,-0.783134728302712,-0.757420694794879,-0.732697397990864,-0.708648835991246,-0.685305292694533,-0.662898030352123,-0.641047975189884,-0.620089043396986,-0.599855622866084,-0.580316515102617,-0.561546332599636,-0.54351011655282,-0.526070024268486,-0.509294201857393,-0.493182391300979,-0.47777485363724,-0.462893346085166,-0.448591231437923,-0.434939458302043,-0.421759008682887,-0.409114925124428,-0.397001274203908,-0.385319151318886,-0.374136091535897,-0.363395902869136,-0.353067759635453,-0.343121785069913,-0.333540231934406,-0.324376667990248,-0.315549289674819,-0.307080028293399,-0.298919581557386,-0.291097144815968,-0.283531904729638,-0.27625180284439,-0.269251985458412,-0.262454223172945,-0.255992529183805,-0.249730027363829
-0.318993065695169,-0.328344483758924,-0.338080571529102,-0.348166461960281,-0.358673482483256,-0.369601255394948,-0.380995832232205,-0.392824972992107,-0.405117316800174,-0.417900925988546,-0.431193296151399,-0.445010048851952,-0.459395981471541,-0.474334424617634,-0.489913785511917,-0.506035408094605,-0.522834224614859,-0.540257638853992,-0.558397225653031,-0.577192729233406,-0.596674546968589,-0.616907976801678,-0.637796424366755,-0.6594145579083,-0.681925300899018,-0.705469308307876,-0.728431944030076,-0.753457589908374,-0.77793999672649,-0.804212758147425,-0.830331996213521,-0.860086986178674,-0.886710004278749,-0.914422272601924,-0.943607383090743,-0.973135470221601,-1.00214016633033,-1.03021980321634,-1.06087291386112,-1.09222451725082,-1.12140859221468,-1.15089005541862,-1.1799603918098,-1.20856873900051,-1.23664399568732,-1.26298297907327,-1.2888791099172,-1.31310632982583,-1.33778183833275,-1.3593104910371,-1.37874218832012,-1.39751992581938,-1.413800068011,-1.42763674769107,-1.43988757060636,-1.45028275614834,-1.45814588198126,-1.46300073629118,-1.46552621703603,-1.46530935710828,-1.46356417312532,-1.45919857429405,-1.45242218872482,-1.44372406647794,-1.43270855642358,-1.419358225139,-1.40378692273801,-1.38686478118239,-1.36830916587141,-1.34724313948418,-1.32645267557759,-1.30218066298189,-1.27747292946905,-1.25182421063011,-1.22547268971678,-1.19837681824925,-1.17128703051652,-1.14253125268605,-1.11344688658316,-1.08469797681152,-1.05582097720779,-1.02677899018932,-0.99795701036077,-0.969468517260812,-0.940989761770009,-0.913124866996567,-0.8856429617182,-0.85873162983123,-0.832596978783354,-0.807268512521119,-0.780720310947674,-0.756276560745309,-0.73236619699554,-0.709073399223415,-0.686606039136646,-0.664678520650544,-0.643497619168209,-0.623086900623736,-0.603271018587998,-0.584167244480291,-0.565780456199166,-0.54802407124454,-0.530908030900642,-0.514401117924274,-0.498540866050673,-0.483322470406952,-0.468588004907468,-0.454500751559321,-0.440913040240582,-0.427813668551098,-0.415269036219433,-0.403187869621828,-0.391564660548357,-0.380379542422571,-0.36966404392081,-0.359295952867135,-0.34936895433705,-0.339792395581686,-0.330575742936552,-0.321747394205572,-0.313204310408066,-0.304993341130996,-0.297075778145906,-0.289488129706592,-0.28216590669238,-0.275056040199341,-0.268242829907313,-0.261670265507967,-0.255334494781734
-0.325061344326712,-0.334454131889062,-0.344166737168092,-0.354296579775412,-0.364757485193158,-0.375674711634978,-0.387019029851561,-0.398786852237179,-0.411029151868607,-0.423703451398997,-0.436880623099849,-0.450591869555606,-0.464790119293667,-0.479588039085277,-0.494886771050699,-0.510826282603313,-0.527302938544798,-0.544453005025254,-0.562166743445606,-0.580569904654101,-0.599581931497688,-0.619273601867431,-0.639659160500797,-0.660604415830884,-0.682121111766964,-0.704618106841657,-0.728162717183301,-0.751592240842111,-0.775582729165773,-0.800369548947669,-0.825496337816768,-0.853158766065417,-0.879457607930697,-0.906180599264634,-0.933592300509627,-0.961412313098428,-0.989305010244802,-1.01694776319678,-1.04496300427336,-1.07388457417262,-1.10173325115838,-1.12943178265757,-1.15649049303432,-1.18335891649589,-1.2095346649236,-1.23499510344873,-1.25834557122343,-1.28143020681666,-1.30354763155555,-1.32373289965605,-1.34221482437526,-1.35928229200199,-1.37464915492095,-1.39007229439664,-1.40009555702503,-1.40879596556008,-1.41552984879666,-1.42026947572813,-1.42269226981899,-1.42269726821681,-1.42088762160198,-1.41679723668423,-1.41076322553835,-1.40260994503121,-1.39214865467808,-1.38004559329622,-1.3656968614653,-1.34985903021434,-1.33205508640742,-1.31361853140143,-1.2923830450368,-1.27097148571789,-1.24828794111569,-1.22436059011896,-1.19972152798131,-1.17413935708848,-1.14760304628872,-1.12049456708065,-1.09407411490057,-1.06707150743149,-1.03996588872309,-1.01283135391955,-0.985473122874737,-0.958268886665844,-0.931353878651638,-0.904778331011682,-0.878511817116786,-0.852835428831695,-0.827675092052539,-0.803019297828393,-0.778318352019196,-0.754545713057155,-0.731359000528403,-0.708907459458916,-0.687041885613254,-0.665751002955891,-0.645282457295764,-0.625306629703435,-0.606017141192303,-0.587382187024019,-0.569322066349021,-0.551969411235335,-0.535134002178026,-0.518967558742766,-0.503387638456176,-0.488295038280738,-0.473801680919653,-0.459844983084463,-0.446364611572103,-0.433403869628735,-0.420958813352407,-0.408919343302727,-0.397366750574769,-0.386230807511342,-0.375511024546549,-0.365206150322456,-0.355251699079366,-0.345648651518958,-0.336479980016525,-0.327590822619274,-0.31901824820458,-0.310753866611009,-0.302803513233889,-0.295170270734324,-0.287778751948129,-0.280660726503457,-0.273790790143816,-0.267149801404127,-0.260763029813526
-0.330825981723382,-0.340176360149731,-0.349929266662194,-0.359993719259769,-0.370475631879571,-0.381324047441819,-0.392617238073132,-0.404312505505718,-0.416444344638534,-0.42901993967516,-0.442103826074071,-0.455625410656315,-0.469710145868609,-0.484236711712792,-0.499388075955628,-0.514997345819949,-0.531241951771138,-0.547993455124099,-0.565399474826472,-0.583361791855365,-0.601953929142717,-0.621131486696484,-0.640917398949332,-0.661324974737745,-0.682323582173135,-0.704105355628158,-0.726624851733149,-0.749334968601761,-0.772513833110541,-0.796357949204076,-0.820519023115936,-0.846193106073592,-0.871406520764288,-0.897401173914004,-0.923576692743531,-0.949882026101892,-0.976270420989912,-1.00284317517668,-1.02931510528913,-1.05601191279267,-1.08227701312181,-1.10831985258423,-1.13395495813412,-1.15905876659475,-1.18330016040751,-1.20656152167794,-1.23102610222998,-1.25136822127194,-1.2711384381816,-1.29003812018581,-1.30703658704308,-1.32306194517163,-1.33703463615255,-1.34862021019831,-1.35952859036071,-1.3689907761268,-1.37518114946655,-1.37977557547635,-1.38205696066221,-1.3822179370447,-1.38041033225979,-1.37678639636552,-1.37098957223892,-1.36328676385882,-1.35387135144663,-1.34266046769939,-1.32938155769385,-1.31475937353452,-1.29822051433488,-1.28042569977217,-1.26136736901779,-1.24120417554406,-1.21984200025507,-1.1977680435677,-1.1746266888886,-1.15071387088838,-1.12603675060599,-1.10094340204673,-1.07565073136794,-1.04993690845157,-1.02429419560447,-0.998492080925817,-0.97283849200308,-0.947109734759751,-0.921439686935992,-0.896096587583368,-0.871006948198242,-0.846345739005927,-0.822108854322642,-0.799551412765939,-0.774872754246713,-0.752044296272464,-0.729789550462789,-0.708082955097667,-0.686872004770502,-0.666370714341168,-0.646376743892867,-0.626946593489393,-0.608219842978903,-0.589960790115347,-0.57236909710501,-0.555327088561193,-0.538863114328169,-0.522966455484042,-0.507594367740697,-0.492766602113215,-0.478487628041305,-0.464677226287762,-0.451347497412547,-0.438529987673445,-0.426175933908459,-0.414230234499191,-0.402739892916469,-0.391666635262301,-0.381017728289859,-0.370705465348215,-0.360762237328101,-0.3511968619126,-0.341994583805828,-0.333083338285171,-0.324500625037721,-0.316229577146299,-0.308262019917455,-0.300551294819946,-0.293137698699046,-0.285976980470527,-0.279062357746095,-0.272392420500882,-0.265943920949299
-0.336223608478712,-0.345605166916318,-0.355294944545077,-0.365374256241745,-0.375773932897947,-0.386601906306652,-0.397788761931199,-0.409404568792461,-0.421415705401896,-0.433914703702137,-0.446807403679259,-0.460227116013773,-0.474045513806133,-0.488459811865304,-0.503274129056133,-0.518697564128558,-0.53456561877102,-0.551053929658683,-0.568030211474635,-0.585614537453092,-0.603724006722654,-0.622402792389614,-0.641667008074519,-0.661450515957944,-0.681896217248691,-0.702848893476622,-0.724445289184255,-0.746440713424594,-0.768934423822575,-0.7918979360132,-0.815441662712076,-0.839815699759343,-0.862452115202195,-0.888556864147153,-0.913246659276501,-0.938199356837718,-0.963344622084789,-0.9884556540305,-1.01365649489828,-1.03856398352,-1.063434795504,-1.08777328620195,-1.11182017994504,-1.1354601944861,-1.1580815866947,-1.17992642805567,-1.20082649889889,-1.22117552922309,-1.24021245973365,-1.2576946169533,-1.27386811056743,-1.28849742861736,-1.30167960361673,-1.31249593162177,-1.32235980552573,-1.33061953166935,-1.33689648721192,-1.34114300837686,-1.34343256995053,-1.34382854311964,-1.34213085003464,-1.33866459878292,-1.33341066212567,-1.32633373534707,-1.31747269033516,-1.30704482416844,-1.29479604272252,-1.28118221691538,-1.26587866260705,-1.24935479785003,-1.2315247080096,-1.21262451925279,-1.192692092921,-1.1719185773656,-1.15030835472877,-1.12798644135487,-1.10490279375447,-1.08133247349678,-1.05737937424935,-1.03322043405876,-1.00892309280278,-0.984373132528888,-0.959931904424996,-0.935550507911818,-0.911195891523708,-0.887196120139231,-0.863207826372913,-0.839639344439409,-0.816640643530818,-0.794166913104173,-0.771186982370372,-0.749131395150776,-0.727682841325865,-0.706682744324845,-0.686240100354912,-0.666335817819921,-0.646913088841344,-0.628064042332655,-0.609756023024426,-0.592004183684046,-0.574802348925976,-0.558132892700125,-0.542010454359567,-0.526443002675201,-0.51129766392245,-0.496734051457707,-0.482667713606951,-0.469018135833802,-0.455866743962524,-0.443197523613356,-0.430952964717772,-0.419105788651702,-0.407692854556917,-0.39670939005246,-0.386115813041236,-0.375851801638692,-0.365929544282127,-0.356386910214336,-0.347173437860579,-0.33828499857057,-0.329692663542292,-0.321417426257661,-0.313417472612436,-0.305696948944187,-0.298243694594166,-0.291049562367179,-0.284115278580374,-0.277400411950423,-0.270910343975789
-0.341334154214664,-0.350665549530669,-0.360344715370652,-0.370353373168701,-0.380727408195624,-0.391457419421098,-0.402584514110319,-0.41405547088342,-0.425979993805701,-0.438328556205,-0.451113037594961,-0.464292763719227,-0.478001062389281,-0.492093105013514,-0.506751165479325,-0.521805190688877,-0.537444737962919,-0.553516339946395,-0.570169622071105,-0.587288470588809,-0.604954790576478,-0.623135563695892,-0.641824932033901,-0.661103820355365,-0.680815544832747,-0.701132974939241,-0.721927125124973,-0.74316203052214,-0.764811411513788,-0.7868283145108,-0.809422131634487,-0.831995679734574,-0.854776590937568,-0.879205988908048,-0.902677800375285,-0.926496249598462,-0.950266837072799,-0.974143098867418,-0.997919317032148,-1.02145286289758,-1.04482409534375,-1.06790256499768,-1.09039968736387,-1.11243893177581,-1.13382045794752,-1.15434021291023,-1.17396924708126,-1.19261089696032,-1.21045311982395,-1.22691981503805,-1.24197504744429,-1.25553715226662,-1.26772605430565,-1.27824763695682,-1.28718666041099,-1.29489766748582,-1.30053319089888,-1.30454502903965,-1.30677477029237,-1.30722539844667,-1.30587516948032,-1.30257116291738,-1.2977241196712,-1.2911162974683,-1.28295053777023,-1.27316908247402,-1.26191020401626,-1.24908777288656,-1.23499419519167,-1.21958691766853,-1.20293718890445,-1.18521787682194,-1.16665859687311,-1.14714454264047,-1.12672511566774,-1.10587811195778,-1.08421745557425,-1.06203261879912,-1.03952219208181,-1.0166971656851,-0.993724180646212,-0.9704519579777,-0.947287580234394,-0.924021129189757,-0.900939718033833,-0.877948777517088,-0.855140212646943,-0.832612399018279,-0.810675320543251,-0.78905440024539,-0.766947688889419,-0.745820117450594,-0.725101443564046,-0.704827340290931,-0.685068854749538,-0.665729046668727,-0.646912329611917,-0.628614515355902,-0.610782354941247,-0.593495180723072,-0.576709565383057,-0.56042607572203,-0.544644321860866,-0.529355803159527,-0.514525530931927,-0.500210140992043,-0.48635387526131,-0.472891731549509,-0.45994487037314,-0.447420748980875,-0.435310674152947,-0.423585769681261,-0.412262819982726,-0.401352246745312,-0.390813857510289,-0.38062738516826,-0.370760872004437,-0.361245589267364,-0.352046559686331,-0.343176415804483,-0.334589068680369,-0.326303988227895,-0.318307621979181,-0.310573839702591,-0.303094443107908,-0.295875228359377,-0.288949207509898,-0.282188762244944,-0.275691161960961
-0.346112262768302,-0.355417836504718,-0.365045337480975,-0.375007123860107,-0.38533499175826,-0.39596930692338,-0.406969538853217,-0.418347219132891,-0.43013058046126,-0.442352086067846,-0.454932898487689,-0.46800732221999,-0.481415099791963,-0.495357621434007,-0.509666863897431,-0.52451442890249,-0.5397623285021,-0.555546528439274,-0.571758677465063,-0.588499717647249,-0.605683811730222,-0.623362844750092,-0.641549440258091,-0.660175294278128,-0.679360439199659,-0.698957468410716,-0.719008787108133,-0.739446000241695,-0.760298468467657,-0.781490099951362,-0.802984914856117,-0.824761609593931,-0.846802166474877,-0.869468780418592,-0.892087810926355,-0.914648125060413,-0.937297113709829,-0.959897949294542,-0.982429867695609,-1.00475906507332,-1.02668268178291,-1.04833413823443,-1.06966158405953,-1.09026461607015,-1.11031829279904,-1.12968141156719,-1.14812272397329,-1.165486786551,-1.18193919177344,-1.1974727996574,-1.2116209572547,-1.22415872665311,-1.23544231473286,-1.24540524323758,-1.25396886291871,-1.26082744995559,-1.266242142564,-1.2700349538914,-1.27190947280828,-1.2725676638518,-1.27118933427294,-1.26834314167678,-1.26376828443681,-1.2576732813209,-1.25009456308986,-1.24093725897873,-1.23052454361193,-1.21851146436284,-1.20549146775222,-1.19102131949778,-1.17552195048463,-1.1589735885524,-1.14144186302902,-1.12319185004174,-1.10411127793349,-1.08434291742215,-1.06402354403892,-1.04322978318409,-1.02195018478797,-1.00038239619131,-0.978604887616374,-0.956653344031631,-0.934670945777903,-0.912531405564301,-0.890504871742027,-0.868615584721343,-0.846844021114552,-0.825347529365213,-0.803802947994688,-0.78445045350614,-0.762249540386073,-0.742025992528561,-0.722052854233317,-0.702523397885144,-0.683407040159407,-0.664708986762713,-0.646463371034383,-0.628690500380973,-0.611354111781003,-0.594513465661654,-0.57813324391232,-0.562237207651939,-0.546803024502419,-0.531800489292426,-0.517290211138846,-0.503225907579144,-0.489591434166629,-0.476353780199409,-0.463582708068578,-0.451216789053461,-0.439255241941854,-0.427658516559533,-0.416451090954174,-0.405630981061875,-0.395167834474119,-0.385049664515343,-0.375237762558564,-0.36578553641318,-0.356643220521709,-0.347774231993849,-0.33922384252425,-0.330940502945425,-0.322947127057069,-0.315228185180439,-0.30773533714392,-0.300525323791303,-0.29353496085451,-0.286772897758867,-0.28021488952832
-0.350590801909145,-0.359854792842344,-0.369417070101025,-0.379326526761543,-0.389574913523375,-0.400131083668443,-0.411012575136533,-0.422263996892855,-0.433897327807288,-0.445952666709567,-0.458393098925958,-0.471191758775692,-0.484497535763683,-0.498101233480423,-0.512213834658024,-0.526700537022562,-0.54167986121131,-0.557060224815876,-0.572925944126074,-0.589208549317412,-0.605939950115567,-0.623156092121828,-0.640768583888792,-0.658870116007202,-0.677384229515568,-0.696342486364203,-0.715652713516038,-0.735356022262753,-0.755373390528147,-0.775762415829682,-0.796402545192573,-0.817238070543427,-0.838398614265461,-0.859885904949858,-0.881323085772552,-0.902873623678669,-0.924349016195363,-0.945785874627049,-0.96710335350511,-0.988193091402696,-1.00906814977235,-1.02940371152654,-1.04933722040952,-1.0688279665526,-1.0876673175988,-1.10580515714734,-1.12304112408129,-1.13941911293278,-1.15474596896727,-1.16929819103708,-1.18266398433968,-1.19534604241302,-1.20603930817378,-1.21461659418162,-1.22237802415768,-1.22861565897752,-1.23367159364616,-1.23709344190388,-1.23899474454279,-1.23936267334643,-1.23831926734243,-1.23572029957812,-1.23142355182872,-1.22589111124447,-1.21871339858829,-1.21025521093418,-1.20044491357145,-1.18935022183049,-1.17705682113029,-1.16362568314627,-1.14925202841501,-1.13366106198157,-1.11731278647978,-1.10004136486124,-1.08215128519544,-1.0635951922771,-1.04441726843997,-1.02471935559134,-1.00473779568945,-0.984412412074529,-0.963785631736901,-0.942939277230035,-0.922029351783372,-0.90105233383774,-0.880129302860087,-0.859171969401956,-0.838422521136917,-0.817902153081099,-0.797794251126711,-0.778112256266435,-0.757460822393373,-0.737863841811263,-0.718653780604443,-0.699821884703823,-0.681317250693534,-0.663231732838226,-0.645581549801706,-0.628284914458155,-0.611461089082506,-0.595065948400397,-0.579097759519278,-0.563580931517925,-0.548527191259199,-0.533829941231944,-0.519605463243853,-0.505802356847626,-0.492410641983767,-0.479395252756295,-0.466816332579051,-0.454631503751267,-0.442819277493233,-0.431365910190731,-0.420283697547357,-0.409558393994609,-0.399186229288529,-0.389119144757134,-0.379411799634875,-0.370011666813455,-0.360893795854465,-0.352101501252181,-0.343564069006905,-0.335308134796502,-0.327340667020852,-0.319604247255969,-0.312130135891458,-0.304917276344065,-0.297914585887375,-0.291123127254256,-0.284557266474888
-0.354783199529177,-0.363975129951217,-0.373493377948506,-0.383295445742344,-0.393467508292208,-0.403952882834525,-0.414722663575093,-0.425747235431526,-0.437344723457126,-0.449243593359465,-0.461409185101513,-0.47401065321648,-0.487024352663825,-0.500497890324435,-0.514274111772145,-0.528514123477811,-0.543121599431542,-0.558179389044164,-0.573627676509708,-0.589511944045531,-0.605799319987054,-0.622476013150282,-0.639630063414482,-0.657134965378784,-0.675070720190023,-0.693350863483746,-0.711981394413703,-0.730913666390468,-0.750198320846334,-0.769738104155469,-0.789483123730467,-0.809554179096928,-0.829697429756084,-0.850162235755252,-0.870603302595143,-0.89108813220655,-0.911507823705836,-0.931866532675364,-0.952031502023905,-0.972038961585594,-0.991648790951371,-1.01101377723475,-1.02979518765885,-1.04820940977624,-1.06585148218797,-1.08278794038503,-1.09901630246987,-1.11432036490918,-1.12880729638038,-1.14223467103055,-1.15471278037383,-1.16685127819644,-1.1765901516086,-1.18498766504868,-1.19202298342645,-1.19797226557837,-1.20263941831137,-1.20585509049301,-1.20763449460287,-1.20805691615663,-1.20704322485055,-1.20450702062996,-1.20071397251734,-1.19540128152042,-1.1888267479752,-1.18091469230637,-1.17174527874301,-1.16152160443228,-1.14990638387879,-1.13736523105462,-1.12383179922027,-1.10932630017069,-1.09401558683919,-1.07777820950853,-1.06089211142039,-1.04343166171228,-1.02540542546897,-1.00685483367871,-0.987858482992199,-0.968663996422774,-0.949107654523618,-0.929404644668712,-0.909513390989056,-0.889546901361915,-0.869646244694607,-0.84966613105319,-0.829778860780878,-0.809757223467436,-0.792255507741954,-0.771426407076239,-0.752272943640864,-0.733424240487795,-0.714917939553737,-0.696728835496511,-0.678861761981928,-0.661380237683296,-0.644251494179187,-0.62749721944706,-0.611156045205903,-0.595200435544993,-0.57964988090482,-0.564517881483428,-0.549796521894329,-0.535440212148409,-0.521511917832318,-0.507979661851941,-0.494820091309079,-0.482045801674624,-0.469667212633788,-0.457650359942242,-0.446009846157598,-0.434717802533148,-0.423755572651259,-0.413154144797673,-0.402865200562356,-0.39291120587142,-0.38327766759946,-0.373942065822363,-0.364896800939615,-0.356122729088125,-0.34763411881434,-0.339434381662832,-0.33145305096009,-0.323755537857333,-0.316302920368747,-0.309076640660136,-0.302056687173414,-0.295263474428738,-0.288701355772726
-0.358670941961873,-0.36782557425725,-0.377236714454491,-0.386984382030714,-0.397015165475266,-0.407466068362913,-0.41821891570227,-0.429183686314335,-0.440370459768312,-0.452300135109098,-0.464026919955558,-0.476406030957488,-0.489284625528495,-0.502436197710962,-0.515986384937955,-0.529887202088632,-0.544194928516472,-0.558870634115505,-0.573948014439232,-0.589402829916907,-0.605217649092643,-0.621454089225263,-0.638068869029473,-0.655041038360897,-0.672344384796746,-0.690001109565126,-0.707938855588361,-0.726209628721755,-0.744714197070189,-0.763513928845666,-0.78249433432044,-0.801666558240316,-0.82095767702231,-0.840381037268739,-0.859886633867303,-0.879371099942234,-0.898807536628856,-0.918093589884708,-0.937270155642328,-0.95611112169445,-0.974784655352829,-0.992955179876387,-1.01078294637151,-1.02799916378384,-1.04471623237928,-1.06071127936165,-1.0759015183143,-1.09024571198287,-1.10384066539848,-1.11644294198361,-1.12801753261717,-1.13835597370023,-1.14792753109224,-1.15588992166454,-1.16301679355418,-1.16867949962096,-1.17301179414886,-1.1761053491077,-1.17771218695657,-1.1782344136298,-1.17714065775483,-1.17485772427436,-1.17139250930942,-1.16638249238325,-1.16035972583567,-1.15285007335994,-1.14434299566621,-1.134694619794,-1.12396798101269,-1.1122391555455,-1.09942105050237,-1.08584459471555,-1.07143911206305,-1.05624946647216,-1.04039940802118,-1.02383231980794,-1.00686768072208,-0.989363113069674,-0.971443145935683,-0.953220324837544,-0.934657879565527,-0.915985494542877,-0.897106979460063,-0.878115052631881,-0.859140824482528,-0.84009540168739,-0.821209185915434,-0.802694013215572,-0.78434993234083,-0.765080711145971,-0.746768948925154,-0.728703728858868,-0.710871989840323,-0.69331530770179,-0.676074743751056,-0.659174216272158,-0.642572236447434,-0.626333850942791,-0.610471694922403,-0.594950795629615,-0.579804422708235,-0.565055914376885,-0.55067837290394,-0.536658608181455,-0.523024647153203,-0.509765714998955,-0.496874828235373,-0.484325247067919,-0.472148032015975,-0.460325338074791,-0.44884880002863,-0.437709677549531,-0.426905849787108,-0.416419501471768,-0.406252727888701,-0.396390025595933,-0.386840969268349,-0.377585273541285,-0.368596204692317,-0.359893213310807,-0.351458113620371,-0.343277426923461,-0.335352171927108,-0.327655068155976,-0.320218430923205,-0.312985819633313,-0.305979995867307,-0.299216759889151,-0.292650371373264
-0.362311946079465,-0.371358334142058,-0.380725672940417,-0.39033992769213,-0.400287229872816,-0.410527126774922,-0.421051103401002,-0.432107160509725,-0.442724173229624,-0.454712510961654,-0.465874936922317,-0.478538597649689,-0.491174728953799,-0.504058117840277,-0.517300475202354,-0.53091654334325,-0.544873850013187,-0.559203570661975,-0.573886944538315,-0.588930836762396,-0.604321820018768,-0.620075884906377,-0.63616277314817,-0.652586504213883,-0.669325190185261,-0.686341330706863,-0.703667789352953,-0.721218872430214,-0.739048629461939,-0.757067904257946,-0.775281813629243,-0.793638397172034,-0.812081542389038,-0.830637963108418,-0.849174996115949,-0.867769231228956,-0.886206734121401,-0.904588596692953,-0.922695943324594,-0.940656974229368,-0.958225316416863,-0.975487182783379,-0.99224415191061,-1.00855524411237,-1.02425155566398,-1.03928584336309,-1.05371959635039,-1.06721203835591,-1.07983199741793,-1.09173159097237,-1.10258516945033,-1.11235706041899,-1.12107393868225,-1.12879898399593,-1.13538624946754,-1.14063720040352,-1.14482403274823,-1.14762763104618,-1.14927361138048,-1.14959618338717,-1.14872422894687,-1.14670092166666,-1.14324191476489,-1.1387996924431,-1.13296521750621,-1.12607275596731,-1.11814425243772,-1.10903529218661,-1.0990477661504,-1.08795690269321,-1.07600405689612,-1.06331754803773,-1.04964687543168,-1.03542036542444,-1.02047535722311,-1.00491333383048,-0.988859243004421,-0.972279793170685,-0.955377446609206,-0.938110980981353,-0.920518596291475,-0.902751220856666,-0.884794162626349,-0.866755724375113,-0.848685828033109,-0.830504173853616,-0.8124036757025,-0.794768372707542,-0.777192342619415,-0.758706399714222,-0.741126237249747,-0.723707516846993,-0.706566113012973,-0.689626657178698,-0.672985730249817,-0.656636572656388,-0.640565574851941,-0.624830706365206,-0.609438555303715,-0.594348957738843,-0.579612013888828,-0.565232149014356,-0.551203910493958,-0.537511579301327,-0.524175448579382,-0.511191528123601,-0.498555603311959,-0.486252149530364,-0.474286569480161,-0.462660272751406,-0.451364523818757,-0.440383080941538,-0.42972603647631,-0.419385830670755,-0.409333589194234,-0.399573360213453,-0.390111156463128,-0.380928062202017,-0.372036350753505,-0.363392169692095,-0.355008083097084,-0.346876572259227,-0.338986270542708,-0.331332356405118,-0.32389702181108,-0.316679018089188,-0.309724827925413,-0.302963202819295,-0.296391092982162
-0.36565035097784,-0.374659813894378,-0.383891444448264,-0.39344276010901,-0.403247298149097,-0.413357603468552,-0.423744044684924,-0.434456767078918,-0.445425678146218,-0.456789236286689,-0.46742244428165,-0.480516087705952,-0.49272542559202,-0.505320060481961,-0.518284490372227,-0.531578247807208,-0.545215827132232,-0.559183077173725,-0.573487014146466,-0.588108804536822,-0.603078038724675,-0.618348459281194,-0.633950262469527,-0.649834995533681,-0.666002277599522,-0.682448510638751,-0.699118215896278,-0.716048398719897,-0.733165467865358,-0.750475210191244,-0.767942807859318,-0.785507967977722,-0.803165625309058,-0.820811202958066,-0.838584482015349,-0.856207287819967,-0.873836155634837,-0.891235382895034,-0.908501603142729,-0.925463837104969,-0.942141664480441,-0.958433136544256,-0.974292872330201,-0.989652901084911,-1.0044564923333,-1.01866981369529,-1.03219440365254,-1.044964121398,-1.05690737373254,-1.06808506258271,-1.0783155037023,-1.08744657143078,-1.09575864142367,-1.1028893044415,-1.1089451513104,-1.11408878180154,-1.11778348453418,-1.12052535430226,-1.12208092190369,-1.12240169825822,-1.12165520032322,-1.11963977249709,-1.11651981182598,-1.11227707156786,-1.1068811575889,-1.10049856084401,-1.09295441387495,-1.08451545533787,-1.07510962882821,-1.06465923564322,-1.05351762506164,-1.04147162557218,-1.02875751996257,-1.01525774316884,-1.00115595994587,-0.986524168381587,-0.971349985875569,-0.955674913171138,-0.939642608476876,-0.92327034029124,-0.906622147762482,-0.889782510475937,-0.872667133025725,-0.8554652940626,-0.838219697771814,-0.82089495794252,-0.803567598886016,-0.786175298540566,-0.769890466714047,-0.752147432046662,-0.735260697294814,-0.718535205358002,-0.701997180328262,-0.685684731598715,-0.669620311103863,-0.653808842163346,-0.638260676262103,-0.623016205170567,-0.608081062176193,-0.593421111069857,-0.579088057571666,-0.565083842671045,-0.551409614115134,-0.538038854045092,-0.525001571903431,-0.512295087022596,-0.499916438520297,-0.487865367695523,-0.476124329923433,-0.464697717544423,-0.453560889094882,-0.442746540947392,-0.432251398131523,-0.42205462135806,-0.412128564623605,-0.40247953336109,-0.393121012281394,-0.384029158926354,-0.375197125835211,-0.366641043832421,-0.358313487875819,-0.350226885400951,-0.342391076933833,-0.334753708595184,-0.327346572150089,-0.320197388971634,-0.313266178812171,-0.306494410160403,-0.299923064280878
-0.368775070853348,-0.377651377241657,-0.386828774199879,-0.396236433209281,-0.405945900655465,-0.415903620763617,-0.426172067108038,-0.436690280634454,-0.447501785227681,-0.458537744270856,-0.469937984564515,-0.481886222919224,-0.493914924551905,-0.506242307968842,-0.51890955603623,-0.531915727230143,-0.545228139002262,-0.558844826665832,-0.572754618644445,-0.586995525971228,-0.601508426339312,-0.61634731308354,-0.631438507184576,-0.646815784559708,-0.662442715245847,-0.678295734013883,-0.694389199222554,-0.71066760766732,-0.727131586694375,-0.743760127882285,-0.760481350858897,-0.777342032894927,-0.794169940271102,-0.81112261602921,-0.827983220182611,-0.844873122676441,-0.861584679565608,-0.878209569855332,-0.894545084113472,-0.910637760649061,-0.926449699399074,-0.941846591743517,-0.956867470185804,-0.971361261773026,-0.985367985470044,-0.998752904582414,-1.01151445468615,-1.02350953928463,-1.03483457173789,-1.04527397455483,-1.05485374350987,-1.06363153378536,-1.0712938758551,-1.0781105827501,-1.08384705477056,-1.0885180286905,-1.09212184553648,-1.09466828188348,-1.09614683702821,-1.09643163406954,-1.09570843550777,-1.09402962493677,-1.09096814706305,-1.08694342147838,-1.08202978801876,-1.07590136729874,-1.06886802991241,-1.06091769499491,-1.05210119494333,-1.04236369821339,-1.03179155377045,-1.02049005247445,-1.00852219932856,-0.995815396207899,-0.982486987276209,-0.968643145850826,-0.954310286382606,-0.939515338312507,-0.924345048237308,-0.908768238917525,-0.892946236857484,-0.876934077400699,-0.860678444475103,-0.84432434458456,-0.827866342130567,-0.811316181222984,-0.79486063899611,-0.778504277061595,-0.762168834887707,-0.745571868001759,-0.729258102123104,-0.713177588403946,-0.697244915893485,-0.681520956975654,-0.666012331390082,-0.650725524184456,-0.635684666872312,-0.620917746591338,-0.60642811332265,-0.592192964647648,-0.578257222161982,-0.564623952136178,-0.551297084314817,-0.5382574408384,-0.525520843931328,-0.513093113783403,-0.500972143604149,-0.489156704666673,-0.477649557040771,-0.466397653899379,-0.455463243883862,-0.444823676467838,-0.434487557374558,-0.424431965281549,-0.414648774893442,-0.405121978001196,-0.39586823958442,-0.386868510019847,-0.378131119522885,-0.369634263456107,-0.361380184765991,-0.353375678253538,-0.345560750873236,-0.337962767526004,-0.330638977084561,-0.323524957333708,-0.316582771145664,-0.309838955125228,-0.303278213697198
-0.371610255089918,-0.380433666628516,-0.389469400531452,-0.398794192064658,-0.408352651840257,-0.418194263853315,-0.428288153145755,-0.438673529390422,-0.449300457452993,-0.460226006136463,-0.471464660481024,-0.483016414909919,-0.494801192086914,-0.506811957758497,-0.519182549624053,-0.531935634994697,-0.544941763471031,-0.558190609903761,-0.571757126760913,-0.585566350623216,-0.599695814129728,-0.614048170262622,-0.628689485110291,-0.643553079197826,-0.658647101253691,-0.673960884046206,-0.689459670343014,-0.705134279378317,-0.720975336706481,-0.736910556789362,-0.752999504183265,-0.769076013802614,-0.785271173458449,-0.801387855917297,-0.817545391807007,-0.833610114192338,-0.849562583430345,-0.865322292551233,-0.880876112633604,-0.896187211320111,-0.911108851395427,-0.925767411648983,-0.939935860640691,-0.953667762427968,-0.96690400992453,-0.979529912858075,-0.991559806534947,-1.00288172711798,-1.01348546303449,-1.02338466271919,-1.03241373164173,-1.04058395968225,-1.04787335779228,-1.05426922972882,-1.05966221318984,-1.06409895976082,-1.06746753278459,-1.06989858217644,-1.07133114763705,-1.07160522442207,-1.07090289951736,-1.06924980566726,-1.06652818583188,-1.0627930092817,-1.05814052727893,-1.052426347557,-1.04583684693052,-1.03832731324778,-1.02997869841306,-1.02088067887717,-1.01094117298224,-1.00028752935838,-0.988915032489884,-0.977008607257655,-0.964417033387158,-0.951336560951729,-0.937711467911056,-0.923751771136576,-0.909357725446685,-0.89459507341392,-0.879597176056033,-0.864320982883542,-0.848840094844975,-0.833270562451544,-0.817561164684343,-0.801748713224734,-0.786069187478198,-0.770307232929499,-0.754803900110583,-0.7388054741371,-0.72316338455517,-0.707664762040992,-0.692313122815949,-0.677156437372979,-0.662187127700156,-0.647411729953601,-0.632862965387456,-0.618559854809056,-0.604506986085942,-0.59068876358627,-0.577143090367314,-0.563875259849155,-0.550889369123826,-0.538182319576374,-0.525745022510753,-0.513595724855638,-0.501733143712006,-0.490156867387402,-0.478853313981618,-0.467829400679558,-0.457086611281005,-0.446626913261153,-0.436450348877708,-0.426540820987015,-0.416892375595851,-0.407516461568781,-0.398373519272457,-0.389477157584003,-0.380818023609653,-0.372404356100563,-0.364225069894732,-0.356273493056075,-0.348539306156233,-0.341033412211571,-0.333719072364803,-0.326610402478816,-0.319694567457251,-0.312990614683274,-0.30646768410319
-0.374246859657126,-0.382933570906929,-0.391894276381232,-0.401074277758019,-0.410519613393054,-0.420195538858838,-0.430162698162148,-0.440365634770886,-0.450840274109922,-0.461555447152135,-0.472593111840801,-0.48395313816971,-0.495524721995665,-0.507162268150399,-0.518877165755345,-0.531769797922904,-0.544351528630812,-0.557288021099628,-0.570453080168632,-0.583920737136838,-0.597586057911166,-0.611540584312619,-0.625692368905977,-0.640079412588361,-0.654665157212757,-0.669438119980888,-0.684375507629459,-0.69948019227625,-0.714677970132597,-0.730036305467397,-0.745401428798786,-0.760893686532798,-0.776321537977046,-0.791782997641806,-0.807168689137911,-0.822503644780913,-0.837722158568587,-0.852723556664958,-0.867538050536731,-0.881982724856802,-0.896263982199983,-0.910081433834602,-0.92353965134143,-0.936551979574414,-0.949006358169243,-0.960991949428506,-0.972301937569795,-0.983013311191277,-0.993049582744258,-1.00232435526328,-1.01085770200325,-1.01857959402223,-1.02538161323248,-1.03143936511464,-1.03657175015325,-1.04067756878337,-1.04392608752564,-1.04623440831962,-1.04747093717974,-1.04784525725466,-1.04723603630837,-1.04558493267407,-1.04301815408369,-1.03958741681745,-1.03515337588577,-1.02984681628924,-1.02364766976711,-1.0166801343691,-1.00879835685583,-1.00013916758694,-0.990768361098467,-0.980812730335757,-0.970040002655952,-0.958742421583179,-0.946878818900904,-0.934492303268684,-0.921635115639268,-0.908441918028007,-0.894680983379529,-0.880702906495273,-0.86650404685661,-0.851930425363792,-0.837213628371216,-0.822368304761436,-0.807336575660351,-0.79218330641337,-0.777084249147196,-0.762476290274144,-0.747316300761506,-0.731797264856152,-0.716849501823209,-0.701973339790789,-0.687224028420746,-0.672619023084061,-0.658166305018596,-0.643891038425158,-0.629819251672068,-0.615965936359816,-0.602338351668462,-0.58893135573137,-0.575768076753707,-0.562859779740461,-0.550210273615912,-0.537823992820083,-0.525693713213834,-0.513821623642494,-0.502219188256598,-0.490877216641637,-0.479807764954498,-0.468993033154688,-0.458443473629037,-0.448166002166685,-0.438152758317884,-0.428393452588479,-0.418883871752331,-0.409631064248782,-0.400597789968164,-0.391808307217036,-0.383271355959164,-0.374956261496062,-0.366843214931595,-0.358957936442577,-0.351288817913694,-0.343829894876805,-0.336564753058866,-0.329501506374235,-0.322650007895901,-0.315964233687741,-0.30947296350956
-0.376615738594685,-0.38523378007109,-0.394052160273049,-0.403129484931527,-0.412420024795183,-0.421976035025679,-0.431749643490422,-0.441809409515308,-0.452088327863397,-0.462632552075337,-0.473423785609945,-0.484487744255704,-0.49581671356975,-0.507618153350198,-0.518785108459416,-0.531190306649153,-0.543517478710195,-0.556088140858457,-0.568961150636987,-0.581979863432405,-0.595294603050173,-0.6087821117225,-0.6225085448514,-0.636413825483113,-0.650510049923138,-0.664757677374575,-0.67917414097196,-0.693680262111741,-0.708351448009522,-0.723046237889675,-0.737856862524684,-0.75265084837084,-0.767452359560745,-0.782217171004078,-0.796896654986563,-0.811522352146777,-0.826015816853967,-0.840328036187083,-0.854377223086475,-0.868225477471452,-0.881682450738217,-0.894855222362199,-0.907628740468938,-0.919888952530309,-0.931775167381089,-0.943030991473101,-0.953772219898784,-0.96389884472794,-0.973316928329778,-0.982116071774446,-0.990129769762574,-0.99737566609576,-1.00389818021848,-1.00953868201952,-1.01434140449666,-1.01829126252197,-1.02132653939627,-1.02347392345797,-1.02473070119379,-1.02507541110712,-1.02439970092539,-1.02299905375286,-1.02061662180804,-1.0172818912007,-1.01313404137789,-1.00816075117975,-1.00234528254151,-0.995696462173811,-0.988361920096321,-0.980241329426184,-0.971405161543093,-0.961941162189038,-0.95179247442936,-0.941141601949468,-0.929927168703041,-0.91817932327434,-0.90597194480168,-0.893388198801242,-0.880426658000242,-0.867177802044389,-0.853602577210681,-0.839756091106186,-0.825745148784193,-0.811585369628886,-0.797233020942278,-0.782761607362634,-0.768257738237278,-0.754007053834293,-0.73976822130572,-0.724874473122189,-0.710518168128021,-0.696216301053839,-0.68201368773474,-0.667916426255789,-0.653975156600299,-0.640185474299975,-0.626575510287641,-0.613159015574512,-0.599946120796911,-0.586942152107109,-0.574153400028883,-0.561598170944248,-0.549280403500372,-0.537204745063574,-0.525374448829971,-0.513790839006673,-0.502416916047204,-0.491338425816549,-0.480506532146916,-0.469902334989469,-0.459549643284245,-0.449454208373249,-0.439607556413976,-0.430002683743371,-0.420635160940432,-0.411514303570908,-0.402605353996915,-0.393942174662349,-0.385478121847286,-0.377243646811556,-0.369239835492578,-0.36144192256196,-0.353844927486931,-0.346443894055335,-0.339228300609694,-0.332223679217087,-0.325405027631337,-0.318750575027406,-0.312281591765912
-0.378800410574544,-0.38727881810192,-0.396006552319785,-0.40493662820611,-0.414106444656506,-0.423488252084554,-0.433132942980856,-0.442982250139811,-0.453100633115406,-0.463450697466327,-0.473992427761554,-0.484836403648046,-0.495887363344561,-0.507205504526343,-0.518773921440404,-0.530552282356583,-0.542207946031474,-0.554737440196706,-0.567170634739995,-0.579891218278582,-0.592753927644191,-0.605858639932164,-0.619128503832625,-0.632591801430421,-0.646188861382298,-0.659958941326413,-0.673805627848367,-0.687828596859242,-0.701887195001918,-0.716050042521349,-0.730229722819437,-0.744429896371518,-0.758620349629399,-0.772711831315176,-0.786789888851039,-0.800676852260912,-0.814529035305524,-0.828152366091869,-0.84159616829843,-0.854713929561694,-0.867517576222558,-0.880011541283884,-0.892076845986493,-0.90381150249071,-0.914984948254147,-0.925720310660564,-0.935889449518355,-0.945388036092224,-0.954387582168154,-0.962639254472915,-0.970213727501198,-0.977107124821112,-0.983185393654404,-0.988528061061119,-0.993075018441478,-0.996766100245022,-0.99966115869844,-1.00171516510377,-1.00286597134962,-1.0031790757772,-1.00266493918637,-1.00127991566387,-0.999060298593598,-0.996017821267915,-0.99208341327769,-0.987315857663222,-0.981879150572618,-0.975657822968472,-0.968685156771438,-0.960979958867166,-0.952679082298682,-0.943744566825225,-0.934230071421107,-0.924088403246331,-0.913436804226116,-0.902343835777562,-0.890819050579041,-0.878847499581683,-0.866531289153344,-0.853902415785162,-0.841010291660792,-0.827808526022234,-0.814515883608988,-0.800948263189293,-0.787256379300539,-0.773487175411964,-0.759676033355764,-0.746182438436486,-0.732106173327128,-0.71805273846422,-0.704169657488045,-0.690386857537875,-0.676688208308561,-0.663093231619601,-0.64963682678273,-0.636315261769926,-0.623152470309446,-0.61016024715643,-0.597351013785557,-0.584740640478864,-0.572318728168488,-0.560109912399929,-0.548118897904407,-0.536349322483704,-0.524810039390083,-0.513468877944872,-0.502396349318743,-0.491556623214599,-0.480951581892448,-0.470572861865665,-0.460418227231294,-0.450504937017509,-0.440827753817221,-0.431380001128584,-0.422160138709183,-0.413180090718929,-0.404398542181207,-0.395826657847639,-0.387483384085139,-0.379346392610067,-0.37142171648,-0.363712769367715,-0.356175283803267,-0.348836529411476,-0.341702942205335,-0.334759525544492,-0.327973872988262,-0.321374837509891,-0.314945019425512
-0.380740132393005,-0.389138078392428,-0.397723800313677,-0.406535172874541,-0.41554888550636,-0.424802778014435,-0.434252620314868,-0.44394693625803,-0.453872901975622,-0.463995516682369,-0.474363798412293,-0.484934323500718,-0.495760541063958,-0.506789478882364,-0.51807586273535,-0.529690920847929,-0.5404219419553,-0.553143649603405,-0.565234407138603,-0.577493774146749,-0.590070618210978,-0.602749111929237,-0.615609476593074,-0.628583088484242,-0.641752468103726,-0.654995091704067,-0.668400833537629,-0.681857802688677,-0.695410684767762,-0.709003884178227,-0.722610371797205,-0.736244516947778,-0.749797852671914,-0.763345090366737,-0.776730699758581,-0.790054055043172,-0.803191900534119,-0.816236106888453,-0.82910082926442,-0.841529585645073,-0.853726267079881,-0.865564815166271,-0.877076628055103,-0.888141096259726,-0.898780486807282,-0.908929310439283,-0.918512929223375,-0.92762236606165,-0.936060125741058,-0.94390345559502,-0.951100701650945,-0.957532554902181,-0.963338340834193,-0.968379871132771,-0.972623271038055,-0.976162792084314,-0.978884527227429,-0.980777730351012,-0.98192372561218,-0.982244049525106,-0.981711313355651,-0.980435659626766,-0.978353412508755,-0.975437481320642,-0.971779646230921,-0.967371406035669,-0.962242217689522,-0.956347026861185,-0.949758864104541,-0.942520036742303,-0.934650294747261,-0.926151010964925,-0.917133887386372,-0.907594560885805,-0.897511148185647,-0.88697705844512,-0.876006900431591,-0.86464968664354,-0.853009792200021,-0.840976116119915,-0.828675352554176,-0.816099646951936,-0.803355629053792,-0.79045143558231,-0.777387651831722,-0.764236717327679,-0.751177344651278,-0.738147511493671,-0.724492734253895,-0.71104116211079,-0.697717215666515,-0.684451679264923,-0.671262763255873,-0.658155851629477,-0.645165698600482,-0.63229941143308,-0.619569287792562,-0.60698913371634,-0.594572612983239,-0.582335757024356,-0.570282917346992,-0.558413117597797,-0.54674306349055,-0.535278532757717,-0.524003708568656,-0.512968136119761,-0.5021482928427,-0.491547828597339,-0.481167940224678,-0.471008670374331,-0.461062419849104,-0.451331301647424,-0.441825566125208,-0.432537784763226,-0.423467506253591,-0.41462467366146,-0.40596051834561,-0.397534082984557,-0.389294454812899,-0.381271131094772,-0.373429378977648,-0.365795660885807,-0.35834543208073,-0.351079540694077,-0.344019833489179,-0.337114399505259,-0.330368283964704,-0.323826665254085,-0.317452329619289
-0.382511103674584,-0.390767371857204,-0.399245644026889,-0.407912638903166,-0.416796127922007,-0.425874563211778,-0.435182206010913,-0.444684352563088,-0.454403904927038,-0.464357792950601,-0.474493812408152,-0.484845085189072,-0.495412056072789,-0.506187073588825,-0.51716461846316,-0.528399115838475,-0.539654127177983,-0.551306174548357,-0.562861858113976,-0.574994117906304,-0.587157813594411,-0.599461261463766,-0.611880439181521,-0.62448502665986,-0.637165027268505,-0.649990540866132,-0.662879399520729,-0.675857283908394,-0.688893645173511,-0.701938748865129,-0.715037377724745,-0.728064679594591,-0.741118647406035,-0.754049339155816,-0.766898142533786,-0.779547097337718,-0.791871140884798,-0.804621714303749,-0.816852281578264,-0.828738322286655,-0.840288317766933,-0.851549393889513,-0.862486736424486,-0.87297733997022,-0.883064622718477,-0.89268409222316,-0.901814056151577,-0.910367190900025,-0.918395722033609,-0.925833749898899,-0.932581245691083,-0.938768403086396,-0.944238064772865,-0.948956930881792,-0.953053110661025,-0.956361747946154,-0.958896577377959,-0.960758990560352,-0.961818154506653,-0.962082372674246,-0.96165174587395,-0.960439017186296,-0.958430615129861,-0.955725054948918,-0.952295675400195,-0.948117177795932,-0.94325105167203,-0.937726824252435,-0.931507001610476,-0.92463752684631,-0.917179925712131,-0.909222470286551,-0.900681225182591,-0.891590230828224,-0.882006989701361,-0.872031896680766,-0.861655045711249,-0.850840533321325,-0.83974175773325,-0.828310530678987,-0.816572130384288,-0.804631997502013,-0.792491595565107,-0.780123206521809,-0.767606644926367,-0.754868188528878,-0.741986828089084,-0.730124587366981,-0.716670117253245,-0.703963186119837,-0.691202166315428,-0.678460174315151,-0.665760252054229,-0.653120718196405,-0.640581967130793,-0.628155331698634,-0.615843379156965,-0.603663393030023,-0.59162854615554,-0.57975557912342,-0.56805202824996,-0.556523936758713,-0.545172267019106,-0.533995592257838,-0.523027052557423,-0.512256645877778,-0.501689329064347,-0.491327227776724,-0.481171395693997,-0.471223034406476,-0.461482697607194,-0.451949639554091,-0.442613813993187,-0.433486793869502,-0.424566317820818,-0.41584226949872,-0.407332945685806,-0.39902820211897,-0.390910547737208,-0.382980032747354,-0.375249122252713,-0.367686029914662,-0.360337139442807,-0.353144742519376,-0.346124291026952,-0.339273259004125,-0.332604846379186,-0.32612942117305,-0.319774087621567
-0.384059758373392,-0.392221254802759,-0.400561193275438,-0.409096919187748,-0.417825654056132,-0.426765024795375,-0.435885983747256,-0.44521501859746,-0.454754976492071,-0.464482253705375,-0.474426555709852,-0.484523367362276,-0.494863467067011,-0.505394632668965,-0.516098302011792,-0.527003958999499,-0.538151932566329,-0.549528532860994,-0.560526737746222,-0.572179798431261,-0.584146447010224,-0.596064123113828,-0.608105377063437,-0.620245964104131,-0.632516416856241,-0.644877811246235,-0.657313182859569,-0.669820635692669,-0.682334819516908,-0.694923147891127,-0.707456243918237,-0.720008960733849,-0.732486419811657,-0.744884678148695,-0.757184513771977,-0.769377390578183,-0.7807985512487,-0.792073497350037,-0.804850001619332,-0.816147594193612,-0.827208880592451,-0.83796064659175,-0.848276137605884,-0.858312683536904,-0.867877753904125,-0.876982222058112,-0.885644789246887,-0.893757382347431,-0.901361237358166,-0.908383541862873,-0.914827567788126,-0.92063798370118,-0.925795385125673,-0.930345071536348,-0.934173621205125,-0.937303170027214,-0.939780086243094,-0.941493057762287,-0.942473193091746,-0.942793731716107,-0.94236129606562,-0.94117825171846,-0.939341169914096,-0.936793196052242,-0.933509522316117,-0.929570650958487,-0.925006223457318,-0.919748461044788,-0.913866083607227,-0.907433304685309,-0.900383645555156,-0.89278846226041,-0.884678358133691,-0.876065027758393,-0.86702110070619,-0.857566418599162,-0.847665714806207,-0.837399142787854,-0.826857262078669,-0.815919142203968,-0.804768529285162,-0.793389462987713,-0.781752083689584,-0.769944593956479,-0.758020976527797,-0.74598309631771,-0.733782225022074,-0.722223303915782,-0.709325006401608,-0.697003659280872,-0.684703678469447,-0.672433526931856,-0.660194877108828,-0.648005794230266,-0.63590128890662,-0.623894885841963,-0.611991149830427,-0.60019959646256,-0.588535585017558,-0.577016697642134,-0.565650304391169,-0.554447792741391,-0.543409885338519,-0.532550204495033,-0.521859163615974,-0.511353612772334,-0.501036516146502,-0.490910303146259,-0.480977248177504,-0.471238921972095,-0.461696213557325,-0.452349516712177,-0.443198918055026,-0.434243715864323,-0.425480260177114,-0.41690488847652,-0.408538660531886,-0.400339360322189,-0.392331726265148,-0.384504972987291,-0.376852175402574,-0.369392191835852,-0.362114454027166,-0.355013904249286,-0.348059734091588,-0.341289821702796,-0.33470700979652,-0.328243051642075,-0.321942773240021
-0.385445722466235,-0.393483089879396,-0.401688459995868,-0.410087574559393,-0.41867286139086,-0.427442014263963,-0.436407085787183,-0.445557630338272,-0.454886224722946,-0.464441102411087,-0.474136356922551,-0.484055150027166,-0.494129680662449,-0.504399347862603,-0.514846058035196,-0.525471472180448,-0.536261399646514,-0.547211200211379,-0.558255324109444,-0.569305397901027,-0.58091690338408,-0.592564135288808,-0.604148148945836,-0.61592045986741,-0.627785212292512,-0.639702413472022,-0.651714992546311,-0.663726507720393,-0.675826520097553,-0.687888883491991,-0.699963343465638,-0.71199386984323,-0.723945293495301,-0.735855166012443,-0.747621237360118,-0.75926304460557,-0.771338787192123,-0.781471792182478,-0.792859574838243,-0.803840404870402,-0.814426461517158,-0.824633109361391,-0.83454022932002,-0.844039359359293,-0.853130622790381,-0.86183485099409,-0.870006679961057,-0.877716460887972,-0.884939343347162,-0.891575784991879,-0.897660189760917,-0.903190101162482,-0.908097320743495,-0.912356971391206,-0.915999401413431,-0.919005353933402,-0.921308284188884,-0.922947699661154,-0.923942373652094,-0.924213674161013,-0.923781417301233,-0.922727420560691,-0.920976545375865,-0.918532562294577,-0.915459764552534,-0.911763097360118,-0.907406857717356,-0.902419705477523,-0.896906511213936,-0.890793209229263,-0.884114788871955,-0.87691907527567,-0.869254670835045,-0.861107218243813,-0.852488377226475,-0.843466426891642,-0.834032979306451,-0.824301834741393,-0.814250179298976,-0.803849503723893,-0.793200056526949,-0.78233691997455,-0.771228735505556,-0.759982470699033,-0.748558428291746,-0.737027788028026,-0.725673688108223,-0.71394076397351,-0.701835865899799,-0.690015550060041,-0.678188647062394,-0.666377307984288,-0.654581193036179,-0.642824927464429,-0.631138282717197,-0.619534900579851,-0.608027121999862,-0.596613322534727,-0.585308914614213,-0.57413359186329,-0.563104952023137,-0.552221885135212,-0.541492142528471,-0.53092886516254,-0.520518515171325,-0.510272944028387,-0.500202224966533,-0.490309738646629,-0.480597881199579,-0.471068516967327,-0.461722980580028,-0.452561974539316,-0.443585653667707,-0.434794241482922,-0.426186588232207,-0.417763386625747,-0.40952511953347,-0.401452427413534,-0.393558333299492,-0.3858407729622,-0.378305996632307,-0.370933013945232,-0.363755101226766,-0.356718798955688,-0.349850202339342,-0.343165076836834,-0.336609047073808,-0.330210738731786,-0.323988043889083
-0.386634512061473,-0.394551320885271,-0.402640950440786,-0.41089340356012,-0.419330989251967,-0.427948131452149,-0.436738361608168,-0.445702851390175,-0.454867608373588,-0.464177029483867,-0.473703492966397,-0.483379714073992,-0.493212196635479,-0.503248322857701,-0.513423550324323,-0.523763920523168,-0.534272411798645,-0.544968381705558,-0.555703037166515,-0.566307636286896,-0.57719210892665,-0.588438965564911,-0.600171111536412,-0.611547488880343,-0.622951829726163,-0.634488348583145,-0.646037058009269,-0.657653420439389,-0.669262870752428,-0.680876950859496,-0.692479743304127,-0.704004748943744,-0.715520325429277,-0.726891596570606,-0.738157058805766,-0.749342345875551,-0.760410027760989,-0.770942784234716,-0.781530173609261,-0.791867817505005,-0.801926586376056,-0.811725898689243,-0.821136353688656,-0.830156630647881,-0.838846589972988,-0.847061627291972,-0.854887231017128,-0.862241933851491,-0.869039670888672,-0.875382114119758,-0.881169830651203,-0.886366098924601,-0.891015690222975,-0.895084822008264,-0.898530339633886,-0.901335714088294,-0.903555088032772,-0.905131642923037,-0.906037443254661,-0.906309386653832,-0.905963463825074,-0.904949218171963,-0.903266932430212,-0.900994835703545,-0.898096310394444,-0.894574233377784,-0.890432630153685,-0.885765410019753,-0.88052701522051,-0.87470612999856,-0.868373152614166,-0.861593228813222,-0.854289470063916,-0.846538499293873,-0.838369006970573,-0.829810585423018,-0.82085975773985,-0.811560670151916,-0.801949841001157,-0.792060009665932,-0.781923027411687,-0.771541833881784,-0.760932028875847,-0.750159834026814,-0.739228732882338,-0.727955121003813,-0.717236134865567,-0.705635413914044,-0.694354823077013,-0.68302612153133,-0.671668190519307,-0.660299773660728,-0.64893133757413,-0.637590552425959,-0.626306159892343,-0.61509128863938,-0.603959560094848,-0.592925103346644,-0.581978307504007,-0.571142685625168,-0.560434775337259,-0.549859454896019,-0.539422928524474,-0.529143477093775,-0.519015515486963,-0.509026572186512,-0.499199285657882,-0.489537892498915,-0.480045225428858,-0.470723379420298,-0.461573999765276,-0.452598144054466,-0.443796267932359,-0.435168431467894,-0.426715611004445,-0.418434811393529,-0.410323473184414,-0.402379294774446,-0.394608716475866,-0.38701670197384,-0.379588202891499,-0.372318137791329,-0.365224484542834,-0.358285257356598,-0.351484620003611,-0.344861128115122,-0.338359895381795,-0.33204862870518,-0.325870856780381
-0.387675972396832,-0.395460918601673,-0.403407934310725,-0.411533375285193,-0.419814446064834,-0.428273299942515,-0.436895102369505,-0.445693370788041,-0.454643997520749,-0.463791547532224,-0.473076231644059,-0.482534627328564,-0.492155490300606,-0.501913556322103,-0.511851400381618,-0.521911524204284,-0.532139121237098,-0.542489993967009,-0.552975369962523,-0.563462784870591,-0.574470660252761,-0.584562981298192,-0.595720966188262,-0.606991776066774,-0.618067980013482,-0.629226413074579,-0.640372360874974,-0.651546647600624,-0.662720533135138,-0.673911393487846,-0.68502720913984,-0.696145887583318,-0.707156469135088,-0.718084022107512,-0.728900155951504,-0.739568318401442,-0.75004832556232,-0.760321664604873,-0.770357928599323,-0.780242516760501,-0.789833420045123,-0.799179554877554,-0.808127385468868,-0.816730625855125,-0.824982793485682,-0.832804341127546,-0.840228659000076,-0.847189495372151,-0.853707485431325,-0.859720031508689,-0.865179055262553,-0.870186188205937,-0.874593977359644,-0.878409142229276,-0.881692246233232,-0.884387582868935,-0.886467549086713,-0.887929049218383,-0.888829404600483,-0.889105470871736,-0.888749883130218,-0.887785083270382,-0.886250827898098,-0.884097783528944,-0.881336855090652,-0.87799758545954,-0.874115306273308,-0.869676736231365,-0.864678787374887,-0.859168052533673,-0.853195433484894,-0.846732403507061,-0.839788838556552,-0.832419234315876,-0.824681929624531,-0.816524957706001,-0.808030630121339,-0.799193131965974,-0.789969000782657,-0.780548265344794,-0.770894011403686,-0.76095427290135,-0.750803226557672,-0.740505058051747,-0.730066535202155,-0.719496826114819,-0.709234302753627,-0.698097486287773,-0.687078097333288,-0.676127553094261,-0.665169264982952,-0.654216068483375,-0.643262110559547,-0.632323776686089,-0.621430672085599,-0.610596135272997,-0.599831568778724,-0.589148247107234,-0.578543096717795,-0.568036065342257,-0.557640740039583,-0.547364737630489,-0.537219010498158,-0.527213766900082,-0.517347607575839,-0.507625717173314,-0.498039773258656,-0.488606646218902,-0.47933078264756,-0.470214654091442,-0.461260081832834,-0.452468449420588,-0.443840491570296,-0.435376598385581,-0.427077832981891,-0.418943036997826,-0.41097051277624,-0.403157013145707,-0.39551600004002,-0.388035485321457,-0.380710061026531,-0.373548472917557,-0.366537894739085,-0.35965925159041,-0.35296375893122,-0.346396983638419,-0.339998797270685,-0.333731865227631,-0.32759578512086
-0.388542464437983,-0.396201883333586,-0.404031282431876,-0.411995500735337,-0.420141636677235,-0.428432787024181,-0.436893461309729,-0.445506440391387,-0.454287980494773,-0.463209299422963,-0.472300864165103,-0.481545389987657,-0.49092722516355,-0.500460237271349,-0.510113043039308,-0.519936943821495,-0.529874613530552,-0.539955452679093,-0.550121475868346,-0.560412699600713,-0.570854753515363,-0.58144382077955,-0.591982029909342,-0.601703656827036,-0.613104778182013,-0.623933477285591,-0.634708699268914,-0.64544440144369,-0.656237965693832,-0.666968127356675,-0.677697247889759,-0.68835202144455,-0.698916737479403,-0.709411861408987,-0.719744428080899,-0.729974886519617,-0.740030121256599,-0.749877477753298,-0.759467162408106,-0.768887003786855,-0.778009284264948,-0.786890486544963,-0.795494537252149,-0.803722702586916,-0.811524042405001,-0.81900765442545,-0.826064398335814,-0.832669827301644,-0.838841598075326,-0.844561171484502,-0.849792145411182,-0.854504562843911,-0.858682181361805,-0.862377799623994,-0.865493124777803,-0.86800740883166,-0.87000491888662,-0.871427952332395,-0.872253673750234,-0.87249032858335,-0.872183904344389,-0.871296772987812,-0.869817929743203,-0.867758373652279,-0.865180418269432,-0.862038279575892,-0.858346727762181,-0.854119527987684,-0.849388034961307,-0.844180725022505,-0.838492391167126,-0.832333203996093,-0.825738446270649,-0.818767498306005,-0.811379714863234,-0.803603134921018,-0.795492536759426,-0.787080360462073,-0.778349070427381,-0.76929939465413,-0.760062675731034,-0.750587937139367,-0.740866570320827,-0.73101669498282,-0.720983166755054,-0.710802986980833,-0.700951320954782,-0.690304459964439,-0.679752193298899,-0.669244970304225,-0.65869793242056,-0.64814872698966,-0.63759051364707,-0.627037543770374,-0.616517785158195,-0.606044668588174,-0.595630436322362,-0.585284964542719,-0.575017141135126,-0.564825849114638,-0.554734418226969,-0.544752217707866,-0.534888750305129,-0.525151745562308,-0.515542724055453,-0.506066560772862,-0.496727908438892,-0.487527121032592,-0.478465457225091,-0.469552880106224,-0.460791467016479,-0.452182797239696,-0.44372795510263,-0.435427462045645,-0.427282566164119,-0.419293593660963,-0.411460725745064,-0.403785030693277,-0.396272928446993,-0.388902016410236,-0.381679752192311,-0.374598702301307,-0.367679170570551,-0.360919687043507,-0.354286746629228,-0.34781408300166,-0.341473217603721,-0.335249566715855,-0.329203202544201
-0.389258874964034,-0.39679809592028,-0.404473310086902,-0.412323968491212,-0.420299273334835,-0.428445418026739,-0.436739632851289,-0.445174070212224,-0.453761397642859,-0.462503547646421,-0.471374836564041,-0.480395386190275,-0.489576792248301,-0.498843939574696,-0.508271931682133,-0.517836452134885,-0.527494602231652,-0.537276404968029,-0.547162355692452,-0.557165150779981,-0.567203951924308,-0.577374329232661,-0.587732082327873,-0.597485984475565,-0.607495677699999,-0.618694267739575,-0.628973682300357,-0.639388868475472,-0.64973591225135,-0.660121037944109,-0.670418250346837,-0.680637668343965,-0.690825168320615,-0.700860155795396,-0.710796434214989,-0.720601073416495,-0.730186352637063,-0.73965411095638,-0.748842112440632,-0.757796984299891,-0.766507516764779,-0.774982814135077,-0.78316475128027,-0.791007434335999,-0.798498011080957,-0.805610858197177,-0.812301394339844,-0.818653217039536,-0.824523255309365,-0.829923217589967,-0.834893758019373,-0.839383652691195,-0.843370817573928,-0.846842696753345,-0.849796871885039,-0.852250091949414,-0.854149652748325,-0.855476226879407,-0.85627429595505,-0.856534844066412,-0.856228538177882,-0.855362628913406,-0.853966068541143,-0.85205312304698,-0.849590804358094,-0.84659363050929,-0.843086601899276,-0.839109419282028,-0.834628785477543,-0.829669997727657,-0.824238938038455,-0.818390082533225,-0.812147848530203,-0.805509132021215,-0.79845269548202,-0.791041770232747,-0.783333539632843,-0.775301089085017,-0.766974627871852,-0.758343955660983,-0.749488136558843,-0.740414967518391,-0.731156797109563,-0.721715301474618,-0.71205508623534,-0.701951549276562,-0.692398649146543,-0.682451527230247,-0.672470925812288,-0.662396174510676,-0.652252197488133,-0.642088645682155,-0.631909763955569,-0.621727210071145,-0.611567228511969,-0.60144332506868,-0.591360081539596,-0.581348924841596,-0.571406808031605,-0.561523395297241,-0.551729220234941,-0.542032782498985,-0.532443664352272,-0.522969334258238,-0.513612201458122,-0.504377366686552,-0.49526948254685,-0.486292534216119,-0.47745002026831,-0.468744809689136,-0.46017788639268,-0.451750691691791,-0.443467746962323,-0.435329941569584,-0.427338430768533,-0.419503443928062,-0.411810961517294,-0.404264204817268,-0.396856548917237,-0.389600309890545,-0.382485392809515,-0.375521453809327,-0.368699375604589,-0.362016939387396,-0.355490937673055,-0.349077862867239,-0.342792604829033,-0.336661651714407,-0.330694180168769
-0.389829755840044,-0.397231346969452,-0.404798698167182,-0.412479564271698,-0.420328728322486,-0.428308831126508,-0.436428843939677,-0.444700898035657,-0.453097893054743,-0.461639874626896,-0.470314440247069,-0.479131963985172,-0.488061551277812,-0.497136005493629,-0.506307572825311,-0.515592339686006,-0.525012065269207,-0.534512701609288,-0.544122846513729,-0.553804894264332,-0.563578152831662,-0.573419752870466,-0.583355959021832,-0.593333946067758,-0.602750264246881,-0.613136190423471,-0.623277459152096,-0.63328556800369,-0.643281110878955,-0.653264546419055,-0.66318009017033,-0.673030712657434,-0.682787458786244,-0.692440189728953,-0.701981796104313,-0.711342022563597,-0.720551543422139,-0.729592465541092,-0.738410428314767,-0.747008707641465,-0.755335655134711,-0.763388071557387,-0.77116633726935,-0.778686872376546,-0.785832850985382,-0.792598027296268,-0.799007074102426,-0.805012354577023,-0.810600546404953,-0.815807673463795,-0.820536583744813,-0.824763868093583,-0.828571825027546,-0.831887273004055,-0.834692544208066,-0.836997213533977,-0.838797685638953,-0.840098240387829,-0.840873123812927,-0.841107341045509,-0.840816376479026,-0.840028733567359,-0.838711140347185,-0.836871706546279,-0.834513575235707,-0.831692608914186,-0.828389956934586,-0.824588036904094,-0.820320961544883,-0.815605912378405,-0.810469454462398,-0.804893138862345,-0.798957881944196,-0.792616505561783,-0.785895791972852,-0.778861445965939,-0.771507171097863,-0.763819358773083,-0.75585167652711,-0.747656259486359,-0.739165007439059,-0.730475997864046,-0.721620838687197,-0.712573594738546,-0.703304643508903,-0.694000881557553,-0.685307218860638,-0.675129221696047,-0.665355357248042,-0.655609702544761,-0.645839659209435,-0.636043310386126,-0.626230093661162,-0.616400117088139,-0.606586899195883,-0.59679099449616,-0.5870457497166,-0.577349424337256,-0.567713067016722,-0.558140880755777,-0.548635181388727,-0.539216984700563,-0.529894978859958,-0.520677353971466,-0.511566774045513,-0.502568574598232,-0.49368743797731,-0.4849273413977,-0.476291877646675,-0.467784153087113,-0.459406704030277,-0.451161530820984,-0.443050150159694,-0.435077772376177,-0.427245645753713,-0.419552077052055,-0.411997719580796,-0.404579870671341,-0.397298880206063,-0.390158506891427,-0.383163591802502,-0.376306511224559,-0.369577822044908,-0.362989648590308,-0.356527885418591,-0.35020020207375,-0.344002857106125,-0.33796365540269,-0.332029373470917
-0.390254236694965,-0.397545359060408,-0.404955891617164,-0.412523962181055,-0.420205513142002,-0.4280302767835,-0.435999400844268,-0.44407615741965,-0.45230761610072,-0.460652722006984,-0.469129724738638,-0.477729637419082,-0.486462219806851,-0.495284180607331,-0.504216703862419,-0.513286213335246,-0.522414342367004,-0.531652602055673,-0.54098668228761,-0.550398499731058,-0.55987938565247,-0.569407973173925,-0.578996201449348,-0.588603541027904,-0.598180521482907,-0.607836063135872,-0.617538842976732,-0.627222453962003,-0.636833408689857,-0.64651104944627,-0.656041220820213,-0.665515729908202,-0.674872435572628,-0.684164834148248,-0.69329782067362,-0.702305009921974,-0.711145722087537,-0.719787431662227,-0.728208801082545,-0.736451892575065,-0.74440893790871,-0.752137591314411,-0.759544357819404,-0.766738510475054,-0.773555585104134,-0.779989020875955,-0.786114072556987,-0.791831342972441,-0.797159527368198,-0.802075626333317,-0.80658280417829,-0.810667885898194,-0.814287711000923,-0.817417266832813,-0.820108300586843,-0.822317017284094,-0.824019767137799,-0.825237586820011,-0.825962857460806,-0.826212323108147,-0.825962203092774,-0.825204697051943,-0.823945781942665,-0.822214896408538,-0.820003687717854,-0.817314103008027,-0.814151084109477,-0.81052399302772,-0.806484503466251,-0.802025198864046,-0.797124981058701,-0.791803937150482,-0.78614499794075,-0.780106317888061,-0.773721580547198,-0.767007244651794,-0.759981858375628,-0.752627897064647,-0.745023994642038,-0.737186119258532,-0.729111742697597,-0.720753199950927,-0.712245800260154,-0.703564781930278,-0.694628896563917,-0.685604973584161,-0.67746966268944,-0.667535006858489,-0.658252441630295,-0.648873553130378,-0.639462982199202,-0.630020537381973,-0.620556628899718,-0.611068757734815,-0.601583205587304,-0.592119655389245,-0.582687599085485,-0.573297027379169,-0.563958134018188,-0.554679472819641,-0.545462324772205,-0.536315021178679,-0.527253142414639,-0.518285904006861,-0.509416591665209,-0.500650196417077,-0.491991498763727,-0.48344450888786,-0.475012965038637,-0.466699951031392,-0.458508196589707,-0.450442891146901,-0.442505635139219,-0.434696381093151,-0.427016217949046,-0.419467398647138,-0.412050328928428,-0.404762241449756,-0.39761458894163,-0.390598838498249,-0.383713138919748,-0.376951946426,-0.37032218030809,-0.363822411937798,-0.357450707073479,-0.351207147563055,-0.345100485936485,-0.339111891597267,-0.333262095044882
-0.39055735588103,-0.39771178655816,-0.405004237651921,-0.412413043452031,-0.419958590250512,-0.427629649367872,-0.435415372691653,-0.44335323200035,-0.451380034391673,-0.459545729201886,-0.467836147613528,-0.476219843989058,-0.484726237822703,-0.493337423953053,-0.502056785957547,-0.510841972753208,-0.51974645188776,-0.52873412800092,-0.5377864780551,-0.54690908508718,-0.556094099355409,-0.565332469166786,-0.57461077452403,-0.583914022427956,-0.59321182264755,-0.602548816975402,-0.611869534933697,-0.620602734932661,-0.630145018266722,-0.639871708478783,-0.648966958014002,-0.658087988819361,-0.667128080508911,-0.676017790280918,-0.684791207214292,-0.693443649809781,-0.701895326595295,-0.710186787068669,-0.718277569881924,-0.726151314178415,-0.733734269374469,-0.741122340863689,-0.748234819682683,-0.755070720959791,-0.761577764900693,-0.767774580784396,-0.7735873253015,-0.779046896649277,-0.784161942990957,-0.788845059095935,-0.79311538617171,-0.796984575927523,-0.800437631461541,-0.803448091043812,-0.806011010852344,-0.808096523189088,-0.809745513329817,-0.810924551158888,-0.811617477630055,-0.811832555324086,-0.811572052242893,-0.810871753074095,-0.80970029452303,-0.808057638517294,-0.805949992984804,-0.803386681416849,-0.8003886049289,-0.796962153836229,-0.79311358741459,-0.788847026360469,-0.784173572863895,-0.77911521943962,-0.77368519429983,-0.767973944279988,-0.761875774986098,-0.755467760942919,-0.748745465957226,-0.741742623360617,-0.734473422918743,-0.726966798521798,-0.719228608450295,-0.711265511256026,-0.703086082707951,-0.694800752654664,-0.686312266053914,-0.678871845482299,-0.669322105174021,-0.660192901443022,-0.651191147126041,-0.642191988888466,-0.633129673072595,-0.624025365528106,-0.614894827123157,-0.605740097262137,-0.596575741654537,-0.587423815649117,-0.578295872126119,-0.569201698926295,-0.560150370272239,-0.551150778399901,-0.542211482014123,-0.533336146907864,-0.524528997036588,-0.515804861689583,-0.507171139322465,-0.498631577918271,-0.490190878436784,-0.481853231882246,-0.47362275780733,-0.465504545484849,-0.457499811826149,-0.449611441096167,-0.441841471622722,-0.434191237239135,-0.426659641209344,-0.419257903322431,-0.411978313406772,-0.404832487005152,-0.397809057477208,-0.390908704510547,-0.384121503532446,-0.377464986661407,-0.370935284618033,-0.364530736962907,-0.358253650200703,-0.352097172425837,-0.346066625239186,-0.340137647655939,-0.334324737814643
-0.390731891592639,-0.397759735843879,-0.404913741797234,-0.412191627474016,-0.41958425925593,-0.427095428681522,-0.434739318746358,-0.442480753482243,-0.450354674091804,-0.458328167220325,-0.466408931849515,-0.474611830571555,-0.482897105015591,-0.491294050821089,-0.499775959008832,-0.508351348492536,-0.51699388075416,-0.525713561296291,-0.534520557453017,-0.543373202333881,-0.552300884022353,-0.561249558079244,-0.570235518412255,-0.579244968870564,-0.588255834346496,-0.59730438383084,-0.606300021776451,-0.61547514147166,-0.623974000580421,-0.632850652250185,-0.641960645011959,-0.650812195558594,-0.659441509614796,-0.667989980270331,-0.676455278042073,-0.684731408861764,-0.692866893530552,-0.700832555663648,-0.708562747584502,-0.716108187587097,-0.723388860614211,-0.730435078856529,-0.737185913104167,-0.743732122598391,-0.749983347457225,-0.755897309945365,-0.761438552628187,-0.766657958357919,-0.771503890220013,-0.775982350846452,-0.780108067368684,-0.78380468621275,-0.787055356260722,-0.789919415349281,-0.79236885329783,-0.794366403481517,-0.795938488055925,-0.797049367939753,-0.797714948342973,-0.797961578475994,-0.797732282604291,-0.797046389872526,-0.795912175386462,-0.794335798484589,-0.79235187925034,-0.789932679101297,-0.787082663316169,-0.783817782994971,-0.780143890808986,-0.776069936122909,-0.7716361343903,-0.76683552325599,-0.761666809984168,-0.756136842380268,-0.750347210949329,-0.744228086930003,-0.737829460706341,-0.731132019697775,-0.724179828689826,-0.716986149233522,-0.709554259990525,-0.701936807586864,-0.694117415431585,-0.686121435954634,-0.67797570093218,-0.669761741283605,-0.661521403371626,-0.652863459628525,-0.644268875066871,-0.635580434070236,-0.626845549644956,-0.618065625609678,-0.609255215565672,-0.600421209563934,-0.591563661550895,-0.582713240408657,-0.573879273632329,-0.565071137712892,-0.556298302167888,-0.547569578588322,-0.538893077683551,-0.530276471552538,-0.521726907722229,-0.513245441799153,-0.504841828049596,-0.496524327968506,-0.488297741670694,-0.480166755137161,-0.472135449939397,-0.464206964801295,-0.45638323281005,-0.448667299660536,-0.441062792037696,-0.433568662348106,-0.426185080790902,-0.418936716853976,-0.41180006048259,-0.404775763360204,-0.39786725643483,-0.391074443994405,-0.384408119615353,-0.377863884268994,-0.371436499388583,-0.365127092225251,-0.358931531840977,-0.352856604089656,-0.346896181759859,-0.34107170159893,-0.335329297971475
-0.390779200663817,-0.397691462145475,-0.404705354943053,-0.411847729851026,-0.419098465596608,-0.42646247754009,-0.433935394059358,-0.441521671078585,-0.449205628889154,-0.456999393270503,-0.464906908754607,-0.472887434975209,-0.480980191725816,-0.489168530093422,-0.497425430694465,-0.505760485002999,-0.514175116681801,-0.522677420293381,-0.531196087973854,-0.539796664505057,-0.548433107986946,-0.557109745335864,-0.565812629363163,-0.574531416209049,-0.583259876696358,-0.591982142329737,-0.600683356858607,-0.609361548890734,-0.61803043648306,-0.626765300198694,-0.63410584222188,-0.643464878280921,-0.651860541868056,-0.660144262506313,-0.668244428256663,-0.676183625852384,-0.683999679722893,-0.691619000751176,-0.699063312861862,-0.706258666395257,-0.713283953273252,-0.720031789166114,-0.726483116881258,-0.732741293776974,-0.738712242617393,-0.744344856685939,-0.749673561195011,-0.754662807458077,-0.759279979872777,-0.763546585811999,-0.767447477524514,-0.770979592510232,-0.774127359965605,-0.77687370548938,-0.779190351946876,-0.781081672840746,-0.782589165336104,-0.783659143111864,-0.784299915624988,-0.78451355408154,-0.784289348072205,-0.783660796911064,-0.782612228615005,-0.781123227952105,-0.779214863552925,-0.776892298143256,-0.774163709181734,-0.77106599912432,-0.767585607041454,-0.763719004664895,-0.759487876894097,-0.754900004483409,-0.749962494065421,-0.74466466549659,-0.739136849108137,-0.733311681780895,-0.727189368676843,-0.720785643786111,-0.714118417442319,-0.707238744252737,-0.700132681778869,-0.692801133057155,-0.68536420051449,-0.677693541060912,-0.669808840967783,-0.662535316518086,-0.653917101173058,-0.645689482281997,-0.637406053173921,-0.62904029261194,-0.620617581816068,-0.612148944606635,-0.603641693574279,-0.595109066247915,-0.586555307112006,-0.577997671621985,-0.569448696085104,-0.560917924985878,-0.552414644986064,-0.54394746625398,-0.535524548778915,-0.527153425681605,-0.518843633924927,-0.510599964854969,-0.502427658968541,-0.494332027657951,-0.486318012075993,-0.478388515505335,-0.470552929266111,-0.462799518333146,-0.455164970351848,-0.447618315939294,-0.440174175062749,-0.432831027572049,-0.425604089734496,-0.418485732766728,-0.411485502819897,-0.40458943892357,-0.397803174242414,-0.391139201913114,-0.384588670184155,-0.37814960175719,-0.371817651232975,-0.36560004276705,-0.359497307843883,-0.353505495799348,-0.347649251628769,-0.341891439166928,-0.336254542807644
