5.10150146977737,5.10300112715398,5.10452937546911,5.10607844775591,5.10765556512112,5.10925937911517,5.11088370512473,5.11253653036013,5.11420731909054,5.11590541120546,5.11762318395801,5.11936197465446,5.12112325815823,5.12289936611089,5.12469913629138,5.12651225988271,5.12833950557411,5.13018475842255,5.13203664370391,5.13390338226014,5.13577711879938,5.13765369517977,5.13954161089252,5.1414254285718,5.14330629766069,5.14518759178207,5.14705876871495,5.14892761453765,5.15078112034936,5.15261938723462,5.1544091457918,5.15621463520153,5.15798525110265,5.15974651738613,5.16146385837515,5.16312723060577,5.16475922839895,5.16635095603276,5.1678898660764,5.16937569087829,5.17081238143865,5.17218888125561,5.17349590602368,5.1747467254406,5.1759184380494,5.17703119742209,5.17806001771159,5.17901345723965,5.17987126859644,5.18065955090672,5.18136196566698,5.18196810798817,5.18248055502117,5.18290459030842,5.18323863792156,5.18347184433557,5.18361951830027,5.18366771195549,5.18361944943165,5.18347413922259,5.18323750678424,5.18290658259827,5.18248210979852,5.18196076481788,5.18135138815722,5.18065416833733,5.17987160241276,5.1790094156957,5.17806563350767,5.17704080189505,5.17594107619077,5.17476767490504,5.17352635540014,5.17221366549514,5.17084198261552,5.16945014584385,5.16795851057974,5.16643851045239,5.1648482364143,5.16322655692783,5.16156487969066,5.15986785855285,5.15813887949446,5.15638148985459,5.15459729112887,5.15279214118218,5.15096625575494,5.14912569518934,5.14727330981922,5.14541154302334,5.14354374130934,5.14167282931233,5.1398027192244,5.13793458095876,5.13607002363782,5.13421101157429,5.13235926156451,5.13051722917639,5.12868732995346,5.12687051966561,5.12506874935132,5.12328405423976,5.12152012029572,5.11977628139527,5.11805115477751,5.11634352268613,5.11466420880578,5.11300094369107,5.11136824226924,5.1097551933793,5.10816762136337,5.10660732807497,5.10506862227846,5.10356346728457,5.10208030624365,5.1006232171596,5.09918574697524,5.09776954792268,5.09633802567758,5.09502545209119,5.09369858001799,5.09239880935363,5.09111929537886,5.08986907174401,5.08864758091679,5.08744796444055,5.08627175537988,5.08512259348593,5.0839957096466
5.10152931849981,5.10305807782334,5.10461025374841,5.10619317800461,5.10780193293286,5.10943752624315,5.11109865417814,5.11278834513017,5.11449968077015,5.11623502868302,5.11800001331055,5.11978148122761,5.12158880595498,5.12341737638505,5.1252612331276,5.12713045036866,5.12901192035277,5.13091047138007,5.13282411033288,5.13474452726403,5.13668207690984,5.13862460145059,5.14057144946958,5.14251691591403,5.14446603671706,5.14641865521708,5.14836918153771,5.1503005977478,5.15219688150173,5.15411867286739,5.15600880493448,5.15788580573199,5.15972855566816,5.16153947111826,5.16332015263684,5.16506719383564,5.16677027656171,5.16843391034962,5.17004750428053,5.1715995259086,5.17310651464823,5.17455246601486,5.17591491793069,5.17721416600152,5.1784534819028,5.17962034293034,5.18069659546018,5.18169021597964,5.18260341788956,5.18342405646178,5.18415872110542,5.18479999094666,5.18533476645404,5.18578811184908,5.18613431015993,5.18638470612527,5.18653285270477,5.18658569894037,5.18653660337801,5.18638329209635,5.18612821110005,5.18577558093174,5.1853290490647,5.18478732863309,5.18415200448545,5.18342340406112,5.18260160141857,5.18169309001694,5.18070029896457,5.17962532645655,5.17847267969417,5.17724376121128,5.17594766310512,5.17458539353729,5.17317004864969,5.17166934021462,5.17012383856281,5.16851776949185,5.16687279876467,5.16517300188016,5.16343873743519,5.16166831723612,5.15986641455864,5.15803644279673,5.15618017104987,5.15430163778132,5.15240380791997,5.15049150362633,5.14856816341056,5.14663778552074,5.14470342902139,5.14276730903404,5.14083161764694,5.13889881117009,5.13697007824548,5.13504824932894,5.13313644879187,5.13123684179999,5.12935103169771,5.12748031881752,5.12562698830897,5.12379247071899,5.12197920639417,5.12018746837007,5.11841783683156,5.11666584657064,5.11494189313097,5.11324516024305,5.11156888168244,5.10991962547727,5.10830129620645,5.10671234705773,5.10513639514654,5.1036002084706,5.10208865451609,5.10060272316502,5.09914993775574,5.09775418469213,5.09629725067398,5.09492371118207,5.09356983574698,5.09225372432898,5.09096358977061,5.0896926673596,5.08845375744247,5.08724012877,5.08605320647152,5.08488728044229,5.08374609553344
5.10152318378329,5.10307937276437,5.10466311164942,5.106278526358,5.10791856260951,5.10958837680802,5.11128901166952,5.11301138427885,5.1147668463771,5.1165461364275,5.11834929444168,5.12018233688547,5.12203295345581,5.12391262852612,5.1258123131196,5.12772945842405,5.12967030009532,5.13162426099086,5.13359710248358,5.135583537643,5.13757852689091,5.13958693954246,5.1415953484382,5.14361793334934,5.1456405392166,5.14765426190114,5.14967751277757,5.15172762734431,5.15366937980059,5.15561991269422,5.15764769148362,5.15958322018582,5.16151569820893,5.16340672886205,5.16526235579995,5.16708408978393,5.16886204714939,5.17059001154941,5.17227651634572,5.17390453867396,5.17547156833191,5.17698667696332,5.17841650829957,5.17978068663191,5.18108304476151,5.18229746683474,5.18342887210894,5.18447312102704,5.18543631603148,5.18629747365636,5.18706155784162,5.18772882133154,5.1883054474067,5.18876981542375,5.18914174593117,5.18940603239054,5.18955861141047,5.18960669234182,5.18955078810997,5.18939336807456,5.18913068768856,5.18876585649887,5.18829522774718,5.18772121467693,5.18704854627823,5.18627932593665,5.18541595907856,5.18446212833355,5.18342056642069,5.18229173027322,5.18108234703475,5.17979549305377,5.17843608783513,5.17701759498834,5.175547038974,5.17395963711321,5.17233309194996,5.17066407952615,5.16894921929601,5.16716670729741,5.16535365480783,5.16350660902268,5.16162761762082,5.15972130228416,5.15779089576041,5.15583494506392,5.15386250434711,5.15187701852125,5.14988201991268,5.14788043762527,5.14587533740987,5.14386986778411,5.1418661032464,5.13986389450387,5.13786932881779,5.13588470036092,5.13391167660239,5.13195306759668,5.13000988917577,5.12808419306409,5.12617697085235,5.12429219095683,5.12242948598425,5.12058958567362,5.11877356714512,5.11697893675634,5.11521453531165,5.11347519405807,5.1117641255378,5.11007515414066,5.10842014181226,5.10679436632485,5.10520011991058,5.10362233076139,5.10208321904249,5.10057671032364,5.09908896284514,5.09764399213716,5.09622091950195,5.09481167560924,5.09345395111209,5.09210798188179,5.09079620767156,5.08951421987939,5.08825745858818,5.08702846323289,5.08582131201199,5.08464728414083,5.08348903461115
5.10148031511107,5.10306388679519,5.10468148189374,5.10632435864575,5.10800256139834,5.10970747369856,5.111441983447,5.11320981675266,5.11499955592665,5.11682527286839,5.11867495680666,5.1205513648429,5.122456039295,5.12438153733428,5.12633624628787,5.1283103703102,5.1303063779559,5.13232289571824,5.13435026701307,5.13640212094302,5.13845636498599,5.14053298468151,5.14261639234348,5.1447095944884,5.14680817832151,5.1489010617936,5.15099674834796,5.15303741819674,5.15515343429836,5.15720205534313,5.15926696966016,5.16130150479221,5.16329668553639,5.1652746401833,5.16721285786252,5.1691115147468,5.17097441497953,5.17278545511255,5.17454718654447,5.17625539695687,5.17790310712783,5.17947846938626,5.18098623505584,5.18242103126127,5.18377430543543,5.18505426240192,5.18624216848858,5.18733586015026,5.18834236751011,5.18925031666702,5.19005480457699,5.19076829531573,5.19136852358836,5.19185687940756,5.19223952224426,5.19251281896324,5.19267978382676,5.19273603615828,5.19268309378167,5.19251337207109,5.1922319930941,5.19184175311548,5.19134370864255,5.19074026807254,5.19003819540383,5.18923231636367,5.18832420175251,5.18732157474078,5.18622742522302,5.1850413974009,5.18377099736562,5.1824207864787,5.18099328519083,5.1795376901685,5.17798319049026,5.17625657879923,5.17456227189832,5.17283331619221,5.1710436397276,5.16919759352407,5.16730272934282,5.16537522477371,5.16341661763361,5.1614300781871,5.1594189109586,5.15738385386414,5.15533333531229,5.15327057155999,5.15119949711605,5.14912316291984,5.14704456840819,5.14496723972813,5.14288957617291,5.14081907698784,5.13875763695579,5.13670808906582,5.1346727005041,5.1326529642919,5.13065090758595,5.12866915737569,5.1267079237351,5.12477109246918,5.12285811480895,5.12096994662448,5.1191058627254,5.11726630136621,5.11546104885995,5.1136809585032,5.11193148656718,5.1102064303122,5.10851092557445,5.10685385653625,5.10522423502639,5.10362834842974,5.10205294200447,5.1005133906035,5.0990113927431,5.09752996196507,5.09608580549774,5.094667066169,5.09327391650399,5.09191862280391,5.09058763306928,5.08928978116373,5.08801606078343,5.08677320927625,5.08555521329116,5.08436610799231,5.0832048180205
5.10141382585295,5.10302647322141,5.10467001290943,5.10635045398784,5.1080555465648,5.10979878235183,5.11157211306935,5.11337444485783,5.11521136800495,5.11707507571438,5.11897154223767,5.12089621281787,5.12284877886947,5.12482962867217,5.12683439887194,5.12886705303903,5.13092031848138,5.13299638274087,5.135089268932,5.13721022229189,5.13930773584679,5.14142534347499,5.14363886482479,5.14580426928843,5.14797296587844,5.15013024130165,5.15230195910685,5.15447682459523,5.15663541683405,5.15878744467475,5.16090834955626,5.16302247263965,5.16510774298444,5.16716467002014,5.16919407758017,5.1711774496283,5.17312402677976,5.17502174001903,5.17685842588576,5.17864766073279,5.18037492407713,5.1820258736851,5.183606314733,5.18510604493308,5.18653933299946,5.1878743673063,5.18913044326223,5.19028109215045,5.19134191938284,5.19229973698323,5.19314361163771,5.19388424134607,5.19451303954068,5.19503168467302,5.19543937409836,5.19573590315087,5.19590696639346,5.19595936936093,5.19589701112293,5.19571719490434,5.1954238220567,5.1950188628021,5.19449813810963,5.19386267446974,5.19311833650995,5.19226623509207,5.19131027780154,5.19025460521416,5.1891044476293,5.18785973472051,5.18652478569014,5.18510609074926,5.18360293385959,5.18200316543912,5.18031058242832,5.17860026412161,5.17689936969342,5.17507830466602,5.17319917661242,5.17126318810288,5.16928604774995,5.16727296910178,5.16522913291915,5.16315849853143,5.16106110745427,5.15894271348145,5.15680943544051,5.1546659227359,5.1525151442277,5.15036055824129,5.14820602397807,5.14604988765123,5.14389878451156,5.14175674606845,5.13962636393135,5.13750963336859,5.13540947956234,5.13332707394328,5.13126518123474,5.12922517062464,5.12720904260811,5.12521708467207,5.12324988590958,5.12131029629968,5.11939794561729,5.11751700910406,5.11566259991575,5.1138444128539,5.11205483087595,5.11030143517413,5.1085696398722,5.1068751359846,5.1052122754982,5.1035844484718,5.10198631280036,5.10042291017756,5.09888555333979,5.0973913228946,5.09592002633319,5.0944850847313,5.09307495446812,5.09170030877409,5.0903540900283,5.08903595105718,5.08775124061639,5.08649150205108,5.08526662232074,5.08406253980707,5.08289011317791
5.101305161391,5.10294594893832,5.10462366316255,5.10632830384213,5.10807204323802,5.10984657535489,5.1116569138098,5.11350178998149,5.11537616473028,5.11728597769997,5.11922653276976,5.12119932364446,5.12320235613902,5.12523537747675,5.12729681706072,5.12938541796766,5.13150026619055,5.13363664069648,5.13580063870068,5.13799438757706,5.14014537773406,5.14229786843989,5.14462887162922,5.1468571284551,5.14910193033697,5.15135670231777,5.15359863699592,5.15586697524399,5.15810903801234,5.1603467655775,5.16256070445985,5.16475932935642,5.16693933892318,5.16908258478915,5.17119882182659,5.17327598043658,5.17530267735677,5.17729119674419,5.1792209678429,5.18109547007244,5.18290281585246,5.18464549915398,5.18629233514839,5.18788151586307,5.18937707089103,5.19078142484726,5.19209609691441,5.1933128219011,5.19441992578333,5.19542557748631,5.19632332259989,5.19709659091055,5.19777059992384,5.19831671554177,5.19873987274059,5.19904389813971,5.19922440701312,5.19928226488968,5.19922213646754,5.1990372807055,5.19872485879228,5.19829156042426,5.19773798527504,5.19706663224059,5.19628344883333,5.19539175992102,5.19438741514574,5.19327606815335,5.19206485563433,5.19075412822693,5.18934912607805,5.1878539827416,5.18627851864383,5.18464249592658,5.18294537658945,5.18114805138528,5.17926607256836,5.17735281966262,5.17538715269246,5.17335677493811,5.17129094767368,5.16919056601071,5.16705719825889,5.16489555759558,5.16270800449965,5.16050156213305,5.15828148767072,5.15605327297748,5.15381940888583,5.15158354492165,5.149347110773,5.14711158230584,5.14488456785506,5.14266831192292,5.14046654654,5.13828070453391,5.13611306777426,5.13396675474253,5.13184333890826,5.1297421496578,5.12766587492857,5.12561696713832,5.12359781514984,5.12160533645668,5.11964995650335,5.11772063854313,5.11582684809023,5.11396443278661,5.11212957993397,5.11033775398942,5.10857970594246,5.10685238186757,5.10515502240074,5.10349855572232,5.10187164033914,5.10028480636828,5.09872237864713,5.09720478912404,5.09571224845475,5.09425272544627,5.09283035169338,5.0914315639506,5.09007418378157,5.0887402730755,5.08744399934782,5.08617277880958,5.08493259522537,5.0837218714096,5.08253685148895
5.10113981490153,5.10280856982633,5.10451205304489,5.10625325069109,5.10802812139404,5.1098398009294,5.11168735615158,5.11357006462385,5.11548816704989,5.11744218937217,5.11942935229954,5.12145210438411,5.12350618645589,5.12559287238287,5.1277113888474,5.1298578210903,5.1320353463189,5.13424173473161,5.1364671656888,5.1387121401425,5.1409693677005,5.14325628206366,5.14558772191628,5.14790873529332,5.15024019299866,5.15256899283254,5.15491243522228,5.15725332047288,5.15958264573564,5.16189890025334,5.16421587612001,5.16650380862267,5.16877628529912,5.17102024689648,5.17322320337873,5.17540108561878,5.17752664760017,5.17960354047799,5.18163625618086,5.18359381463826,5.18548474833326,5.18730989869054,5.18904035126646,5.19070366343004,5.19228270851105,5.19376718367544,5.1951505580375,5.19643434517809,5.19759941822916,5.19865974630723,5.1995982051055,5.20042158155404,5.20112089955814,5.20169839696891,5.20214496782802,5.20246879636718,5.20266461098364,5.20272487036884,5.20265260357939,5.20245243969975,5.20212086943237,5.20166741534792,5.20109003244837,5.20038615334221,5.19955742344665,5.19861174558738,5.19754903799716,5.19637573889172,5.19510183402401,5.19372767646417,5.19225157356832,5.19068195291312,5.18902508804644,5.18729873915683,5.18548654094556,5.18363869330372,5.18166321626849,5.17964584577121,5.17757758525218,5.17546756214826,5.17330330348403,5.17111010608221,5.16888507117911,5.16663270379118,5.16435081991573,5.16205258780902,5.15974359961358,5.15742641026318,5.15510581678245,5.15278530257582,5.15046341415382,5.14814746871228,5.14584187284636,5.14354987275518,5.14127375447839,5.13901671952643,5.13678084062302,5.13456845246914,5.13237713075454,5.13021429522499,5.12807999006405,5.12597513991337,5.12390094256791,5.12185436276053,5.11984957811047,5.11788039859535,5.11593443306831,5.114036192638,5.11216477945473,5.11033340413015,5.10853312168098,5.10677688121348,5.10505045630599,5.10336218901503,5.10170683485507,5.10009896575711,5.09851112327259,5.09696603970872,5.09545798657189,5.09397499768501,5.09253374737493,5.09112296348698,5.08974705601207,5.08840384974149,5.08708811026744,5.08580742469896,5.08455405822951,5.083333075042,5.08214231819058
5.10092299531434,5.1026200100656,5.10435476159656,5.10612616638911,5.10793491294008,5.1097835368715,5.11166815522845,5.11359202700742,5.11555274078571,5.11755088897948,5.11958665949448,5.12165687668266,5.12376544430741,5.12590673558252,5.12808297430799,5.13029163923462,5.13252937137506,5.13480530409059,5.1370978678717,5.13941480650422,5.14176123549614,5.14411977870253,5.14651207066576,5.14891322986416,5.1513388031126,5.15376029528063,5.15619920708999,5.15861996235485,5.16104740471314,5.16346405289045,5.16587256809451,5.16826634991325,5.17062957632112,5.17298005431319,5.17528771289621,5.17755383758754,5.17978581519371,5.1819578364973,5.18408052352028,5.18614015867771,5.18812636603779,5.19003281401829,5.19185589072729,5.19361103034704,5.19529002256947,5.19684943235046,5.19829742721238,5.19964027760588,5.2008801620643,5.20198969937088,5.20298815167004,5.20385728445755,5.20459125961541,5.20520347756343,5.20567947463185,5.20601543410406,5.20621675164557,5.20627866636172,5.20620420694141,5.2060001626777,5.20565617901072,5.20517173161332,5.20455392311242,5.20380444183977,5.20292985149161,5.20193800543616,5.20082365331269,5.19959086339652,5.19824511894891,5.19679295320064,5.19523625794441,5.19358154878604,5.19185085560807,5.190029942723,5.18813133183982,5.18617462239446,5.18405912409467,5.18197461728705,5.17982576463437,5.17761180676356,5.17534987839323,5.17305857571766,5.17073544127219,5.16838626306021,5.16600847622982,5.16361389672267,5.16120870283184,5.15879910063491,5.15638768181666,5.15397697667341,5.1515676771097,5.14916742674969,5.14678047001978,5.14440938667745,5.14205679524249,5.13972534794927,5.13741841160439,5.13513421886696,5.13287846748148,5.1306525637362,5.12845751722213,5.12629562641458,5.12416584241678,5.12207567084954,5.12001544313289,5.11799063935892,5.11601367099999,5.11406370262687,5.11215357278857,5.1102841311756,5.10844453437571,5.10665563231555,5.10490040383995,5.10318088728545,5.10149901455891,5.09986292621744,5.09825618801561,5.09668582031879,5.09515402620308,5.09365841357192,5.09219607144436,5.09077322628595,5.08937646247672,5.08801907217214,5.08669181939918,5.08539984692529,5.08413817400637,5.08290623356778,5.08170349486066
5.10066935838488,5.10239444950071,5.10415605320125,5.10596058870148,5.10780192209366,5.1096836825895,5.11160846467724,5.11357043212525,5.11557553267716,5.11761760928296,5.11970150900648,5.12182349105938,5.12398179533533,5.12618238490641,5.12841691808646,5.13068700810345,5.13299673428412,5.13532993611839,5.13770016220738,5.14009095870895,5.14251101198334,5.14495549620575,5.14742641446583,5.14991767830215,5.15242283387366,5.15494196481481,5.15746521638754,5.15998792436622,5.16250995524152,5.16503451544287,5.16753924996916,5.17003855784325,5.17251389843446,5.17495790672241,5.17737837409447,5.17975388882159,5.18208803831397,5.18436465242032,5.18659673515421,5.18877156233706,5.1908355853594,5.19284795761442,5.19477850894342,5.19663174741637,5.19837363304243,5.20002142711895,5.20155335185213,5.20297558594894,5.20428461165653,5.20546123426326,5.20649941426938,5.20742058085577,5.20820258976831,5.20884311992563,5.20934558516756,5.20969900522637,5.2099148882903,5.20998823137262,5.20990872230055,5.20968118121509,5.20931033109119,5.20879870101021,5.20815378445146,5.2073689504234,5.20644774265597,5.20539345723104,5.20421005103676,5.20290540753861,5.20149521537795,5.1999734709767,5.19832570639768,5.19659948754614,5.19476473197627,5.19282407487789,5.19079487428967,5.18869944065808,5.18662038993822,5.1844054175587,5.18214500114519,5.17983248225401,5.17745793775419,5.17505822859427,5.17262858275598,5.17017446456974,5.16769308741759,5.16519819524896,5.16269223243444,5.1601823775868,5.15767575022317,5.15516987624418,5.15266925171139,5.15018105315716,5.14770861870091,5.14525506255569,5.14282324533481,5.14041566039159,5.13803186544645,5.13567721280439,5.13335304078057,5.13106207354027,5.12880515614185,5.12658447005728,5.12439772369885,5.12225711902651,5.12013852804753,5.1180797865716,5.11604452875992,5.11405594369923,5.11210540479882,5.11019840010346,5.10831952598172,5.10649671546169,5.1047089839387,5.10296246992504,5.10125301154988,5.09958956154394,5.09795832741521,5.09637101656337,5.09481549626283,5.09330449459087,5.09182001807085,5.09037956266306,5.08897206407897,5.08760049468792,5.08626373074052,5.0849588383597,5.08368540479625,5.08244615460423,5.08123542833931
5.10037087950051,5.10211960348592,5.10391473559862,5.10574718759776,5.10762458680846,5.1095433945066,5.11150261024748,5.11350990096491,5.11555447579151,5.11764668213397,5.11977723412832,5.12195181575805,5.12416817963648,5.12642258835501,5.12872212252247,5.13105289351402,5.13343266109707,5.135834019692,5.13827584819508,5.14074264673079,5.14324012529608,5.14577775152501,5.14833188898754,5.15092214384635,5.15351127285598,5.15612742261176,5.15874128934291,5.1613735582232,5.16399922544087,5.16662560758212,5.16924499227938,5.17184312084451,5.17443588457228,5.17699230774254,5.179523291507,5.182017907014,5.18444862429458,5.18686138998087,5.18918500245981,5.19144994881832,5.19365199385428,5.19575573925907,5.19779624367902,5.19975000715467,5.20158993653558,5.20332365873664,5.20494837111297,5.20644280212168,5.2078064736156,5.20905332868548,5.21016081514108,5.21113360035076,5.21195967092971,5.2126323046025,5.21316659378498,5.21354556807428,5.21376666525124,5.21383438982072,5.21374555553686,5.21351397507573,5.21312931840615,5.21259095321434,5.21190135757522,5.21106217578337,5.21008970049665,5.20898024877716,5.20773983652222,5.20636464053203,5.20488234415793,5.203251743424,5.20151536859909,5.19969438741535,5.1977607857971,5.19573666935216,5.19364651552449,5.19146932083328,5.18919519484758,5.18687914923325,5.18450411267996,5.18207216278055,5.17959391665096,5.1770838822019,5.17454482025725,5.17198260712499,5.16939300225262,5.16679188770828,5.16418371303856,5.16157194143478,5.15896150114067,5.15635659703616,5.15376138655273,5.15118170236431,5.14862127531431,5.14608249581214,5.14356959613441,5.14108095725311,5.13861913752694,5.13619099754763,5.13379717647108,5.13143984351217,5.12911965387491,5.12683890934381,5.12459640848825,5.1223940426961,5.12023849982318,5.11811275720553,5.11603633893771,5.11400344157814,5.112007222032,5.11007206339237,5.10815921048329,5.1062999876243,5.10448113773122,5.10270516932539,5.10097199436825,5.09927892054515,5.09762564726105,5.09601942777259,5.09444092429167,5.09290771562901,5.09141307315954,5.08995438095621,5.08853554384662,5.08714985328262,5.08579974485662,5.08448579993672,5.0832030873738,5.0819529352674,5.0807391995333
5.10003830417155,5.10182068621231,5.10364178274382,5.10551022244981,5.10742042526571,5.1093763884925,5.11137763226318,5.11342228070873,5.11551489255972,5.11764885933306,5.11983360290022,5.12206077234074,5.12433281547801,5.12664812113245,5.1290048965384,5.13140372883418,5.13384336698882,5.13632794656726,5.138838085153,5.1413852390049,5.1439741476044,5.14658771681058,5.14923895397621,5.15190433548829,5.15460282322035,5.15731084649642,5.16003814856739,5.16276610237023,5.16550691863116,5.16823790266186,5.17097196811642,5.17369055073462,5.17638951234746,5.17907108910148,5.18171110881772,5.18432442686786,5.18688141260652,5.18939442856927,5.19184819672192,5.19425410064164,5.19645157990812,5.19873693580443,5.2009246870721,5.20296201247538,5.20491168679118,5.20673352190211,5.20844417364446,5.21001749611138,5.21147193718755,5.21279549852788,5.21396818929226,5.21498165335141,5.21585872066558,5.21657780021903,5.21713384150373,5.21753131177081,5.21776463982869,5.21784446298468,5.21776079939998,5.21750921665901,5.21708831570567,5.21651615034519,5.21579589238959,5.21492539312003,5.21388613546156,5.21269974490077,5.21138044698991,5.20993676145734,5.20835114548031,5.20664842980598,5.20482978758984,5.20291362532829,5.20086414535028,5.19873453378254,5.19653185368935,5.19422228608,5.19185304103972,5.18939904991155,5.18690366856387,5.18435579123177,5.18176325842906,5.17913564899661,5.17648069043395,5.17380388059415,5.17110146892141,5.16838892561394,5.16567266838796,5.16295654227599,5.16024285535009,5.15753180187338,5.15483765120421,5.15216335617705,5.14951107136305,5.14688434495277,5.14428596311491,5.14171288548049,5.1391727012831,5.136669490339,5.13420487509277,5.13177943680241,5.12939533310421,5.12705343024228,5.12475436634625,5.1224903231236,5.12028229837348,5.11811324843173,5.11598508031417,5.11391267170964,5.1118781698202,5.10989224669775,5.10795828921535,5.10605185771442,5.10421261105402,5.1024022361696,5.10063748533007,5.09893450294202,5.09725406807869,5.09562124659106,5.09403019799278,5.09247657471233,5.09096770367449,5.08949360580825,5.08805985739882,5.08666337867635,5.08530451187029,5.08397857206692,5.08269091943659,5.0814319767947,5.08020903643883
5.0997029313265,5.10150734477343,5.10335844825704,5.10525354224503,5.10719900600018,5.10918688190285,5.11122760143228,5.11331058529217,5.11544727744445,5.1176265881689,5.11985857911552,5.12213687834881,5.12445922467054,5.12683219845032,5.1292510830856,5.13171828253365,5.13422622300142,5.13677045306939,5.13936689183369,5.14199967161653,5.1446694467613,5.14737398733317,5.15010711382811,5.15287013849368,5.15566953159096,5.15848196846924,5.16131400513612,5.16415291980944,5.16700048605928,5.16985335675879,5.17269377384472,5.17554049614545,5.17835979240448,5.18116302166326,5.18393705959103,5.1866648801445,5.18935595028629,5.19199248205033,5.19457207180493,5.19701055015623,5.19944839871348,5.20185457110347,5.20412082629049,5.20627649876137,5.20833349030817,5.2102633781908,5.21205916589104,5.21375371480051,5.21528172650852,5.21666199923881,5.21790494535865,5.21899080880711,5.21991508342839,5.22067401289649,5.22126144573875,5.22169330323693,5.22194867731083,5.2220183493352,5.22191513093444,5.22165794756955,5.22122567536935,5.22062392563031,5.21985279850702,5.2189092151021,5.21782751116226,5.21658220985634,5.21518919890876,5.21365228424084,5.21197536997105,5.21016735505976,5.20822949434786,5.20619642023656,5.20405731797223,5.2018091892833,5.19949005781704,5.19706058431665,5.19456575709718,5.1919896820032,5.18936049097898,5.18670294833021,5.18398278884248,5.18122981612458,5.17845175323803,5.17565331249655,5.17283054020637,5.17000078239746,5.16716903878608,5.16434025732019,5.16151963287843,5.15870471722242,5.15590304759929,5.15312901996328,5.15038179591228,5.14766352991267,5.14497567364851,5.14231741484729,5.13969647717826,5.13711567897654,5.13457822866311,5.13208360708609,5.12963353053247,5.12722915069898,5.12486640596007,5.12254968605646,5.12028589045043,5.11807062980099,5.11589434285047,5.11377921575229,5.11170188338984,5.10967880848501,5.10770307382221,5.10578290368478,5.10391056614058,5.10206308458795,5.10027706996112,5.09854164822744,5.09684348120461,5.09518831272996,5.09358121504049,5.09200904924943,5.09048329057571,5.08899664833095,5.08755098623561,5.08614430902127,5.0847728739555,5.0834419916111,5.08213900901804,5.08087881750016,5.07964708004144
5.099303952986,5.10113143070005,5.10300779135682,5.10493360788989,5.10690573632567,5.10893270741445,5.11100426288306,5.11313263037917,5.11530632859406,5.11753648150152,5.11981251110224,5.12214083976579,5.1245222641576,5.12695251067964,5.12943781029,5.13196690313212,5.13454844298739,5.13717515144216,5.1398410496432,5.14256200231026,5.14531280075537,5.14811214231739,5.15093687836279,5.15380889204167,5.1566996520338,5.15962501313041,5.162561176548,5.16553128431225,5.16849050791302,5.17146567084188,5.17443790593435,5.17740088263979,5.18035960626226,5.18328609635056,5.18620038298381,5.18907174524186,5.19188909517079,5.19465368058675,5.19733741518254,5.19999645713496,5.20261337248725,5.20508621996695,5.2074539746199,5.20973471037529,5.21188688247929,5.21393502790811,5.21584236771054,5.2176059597343,5.21922918480803,5.22070494003755,5.22202446010474,5.22317337651328,5.22414386056467,5.22496352181828,5.22558997938572,5.22602678600343,5.22628526447783,5.22637891639821,5.22629125378941,5.22601623927966,5.22552893549647,5.22488798460993,5.22409199913185,5.22308925394165,5.22193315341515,5.2206141383579,5.21913819327174,5.21749903984054,5.21572355498815,5.21382116917443,5.21176842659173,5.20965306270032,5.20736832414906,5.20500899181729,5.20256269260052,5.19999052511882,5.19736901931986,5.19465528931738,5.19189133727756,5.18910386905249,5.18625073830508,5.18336632476717,5.1804585226641,5.1775320637006,5.17458472291252,5.17163125523042,5.16867870014239,5.16573245154055,5.16279821924773,5.15987433314784,5.15697157392799,5.15408632606499,5.15123925043786,5.14842633853492,5.14564541435613,5.14290003389856,5.14019591415786,5.13753596747916,5.13492291842691,5.1323576464979,5.12984070570429,5.12736845830497,5.12494588345435,5.1225735536435,5.12025290574639,5.11799142766612,5.11577080105454,5.11360939864228,5.11149351503798,5.10943093770996,5.10741675193477,5.10546308328262,5.10355036293556,5.10169845958224,5.0998808401589,5.0981170208685,5.09640366402564,5.09472478686413,5.09309736928207,5.09151316392284,5.08997054812347,5.08847100439965,5.08701523490017,5.08559679512102,5.08421676661502,5.08287699441011,5.08156492528468,5.08030301740546,5.07906915191523
5.09882709896872,5.10068139443792,5.10258702271456,5.10454077493518,5.1065503937851,5.10860589105837,5.11072293580039,5.11288648342668,5.11510976169406,5.11738366008349,5.11970896505797,5.12209015646473,5.12452554081146,5.12702492959216,5.12957043406601,5.13218131031587,5.13483117268501,5.13753489308751,5.1402900025199,5.14308653243602,5.14593811003037,5.14882056854199,5.15175834240106,5.15472173912447,5.15772869112315,5.16076474661837,5.16382829245901,5.16689732585701,5.17000812463263,5.17309587469096,5.17620973938587,5.17930616525878,5.18239937370238,5.18547752188638,5.18851293440977,5.19153227299797,5.19449352474077,5.19739984953443,5.20025504451966,5.20305352338634,5.20575982200375,5.20838675560456,5.21087369129792,5.21329944913816,5.21558925609724,5.21774409773118,5.2197692711916,5.22164077519022,5.22337523554593,5.22493974382634,5.22631886247886,5.22754888614915,5.22858795635911,5.22943469238434,5.23009373940387,5.23058159977685,5.23087381115517,5.23097427970734,5.23084492481968,5.23055864029859,5.23006867755316,5.22938504020704,5.22851048494243,5.2274512021577,5.22622436446617,5.22483037026462,5.22325867168552,5.22151366134988,5.21968504372345,5.21761548170756,5.21545733186512,5.21323324841093,5.21080697651409,5.20831695139265,5.20571521295451,5.2030251587853,5.20026628001056,5.19740471974055,5.19449983359326,5.19156806139054,5.1885767523595,5.18555291086384,5.18250672912418,5.1794441638422,5.17636578820805,5.17328207128233,5.17020221173205,5.16713301736197,5.16407918483999,5.16104076916468,5.15802664633602,5.15504133441948,5.15208431992811,5.14917194910138,5.14629591421891,5.14346044604947,5.14067118760785,5.13793047018084,5.13523978762494,5.13260241127717,5.13001436005906,5.12747698559866,5.12499429482983,5.12256103876537,5.12019346951187,5.11787391604942,5.11561539342458,5.11340856810328,5.11125176979882,5.10914960827459,5.10710109703387,5.10510939299285,5.10317604867249,5.10129411332727,5.09945780607793,5.09766786354094,5.09592720585884,5.09423500899434,5.09258816630504,5.09098875543749,5.08943396112634,5.08792142976432,5.08645316268362,5.08502860581847,5.08363544836402,5.08229082471741,5.08097400773507,5.07970272094149,5.07846443500144
5.0983418177018,5.10022163664002,5.10215361839176,5.10413968096247,5.10617816050401,5.10827491796954,5.11042265160732,5.11263362907639,5.11489404526444,5.11721786756597,5.11959857447939,5.12201436041021,5.12452295554915,5.12709075493057,5.12971883587692,5.13238486659059,5.13511172441577,5.13789097303553,5.14072847720406,5.14361767822535,5.1465531196088,5.14954530356959,5.152569739946,5.15565013852299,5.15876521414019,5.16191287971035,5.16510033760485,5.16830846567239,5.17152775478215,5.17477269832933,5.17800403551577,5.1812549438515,5.18448413840206,5.18770783040256,5.19091118861396,5.19405940581983,5.19718013459299,5.20024540734327,5.20326076430866,5.20620232264084,5.20905061710506,5.21182142360055,5.21447616915035,5.21702097069999,5.21944516672871,5.22172900933656,5.22387847186762,5.22587296894199,5.22768354459877,5.22934666536167,5.23082804713192,5.23211850870165,5.23321654066445,5.23413259947071,5.23485354598039,5.23535900277232,5.23564670075788,5.23574855804669,5.23564137065384,5.23532470600529,5.23477826096415,5.23406062274781,5.23314112552533,5.23202466558697,5.23071405676861,5.22923188815899,5.22755491284158,5.22573346692708,5.22373066861408,5.22157597318778,5.21927439476758,5.21688605765221,5.21436773540836,5.21171812484763,5.20899770851659,5.20614195094042,5.20321897368016,5.20022187317604,5.19717922035054,5.1940952363779,5.19095197193432,5.18777965230315,5.18458605508481,5.18137999869453,5.17816372575869,5.17494211252014,5.171729206753,5.16853064015456,5.16535317761308,5.16219379329708,5.15906291874232,5.15596759324833,5.15291057121964,5.14989360113045,5.14691687582387,5.14399006395953,5.14111348001144,5.1382901205459,5.13552121529746,5.1328100041189,5.13014973984252,5.12754710994889,5.12500363943701,5.12251482733548,5.12009465041098,5.11772628326305,5.11541554156892,5.11316807983279,5.11097177905569,5.10882852768574,5.10674485669371,5.10472601803032,5.10276254913863,5.10084629069701,5.09899685981832,5.09718960561852,5.09542685726013,5.09371356660083,5.09205188648744,5.09043691123945,5.08886703638161,5.08734615545261,5.08586688519787,5.08443819389151,5.08303733530262,5.08168378249429,5.0803668408362,5.0790887738683,5.07784692528183
5.09785738842835,5.09976363333987,5.10171888402474,5.1037354776516,5.10580357923018,5.10793405972104,5.11011961505881,5.11236662504811,5.1146748866518,5.11705098426723,5.11947530116832,5.12184738882265,5.12452517777297,5.12714681656093,5.12981684954164,5.1325584757625,5.13535407308985,5.13821914573065,5.14113946231648,5.14411673261603,5.14715334553572,5.1502349412662,5.15337263497282,5.15655720898235,5.15978623017242,5.16306560030485,5.16636562953593,5.16971029112153,5.17306394187866,5.1764402778362,5.17982797783519,5.18321342861892,5.18660673569458,5.18997337057675,5.19333499015929,5.19665098467843,5.19991868272207,5.20317091547173,5.2063364249023,5.20944806490602,5.21245610262797,5.21536468846699,5.21818820661956,5.22087386130009,5.22344304334767,5.22586393519454,5.22812477074265,5.23023669245956,5.23218057723693,5.23393953710587,5.23550937745838,5.23688298698941,5.23807305176221,5.23904570578102,5.23980427900847,5.24034088715915,5.24066109074399,5.24075693036276,5.24062446779478,5.24028526644459,5.23972337957865,5.2389401242359,5.23794953454296,5.23679136107132,5.23536768890486,5.23379304757706,5.23201146335452,5.23003302298092,5.22792339084871,5.2256596101066,5.22323054773293,5.22068361508636,5.21804090620732,5.2152160369648,5.21232454182125,5.20932705482713,5.20624099150788,5.2030890830776,5.19989726132547,5.19663997746918,5.19335090107177,5.19002151859059,5.18667498309867,5.18331876924642,5.17995902111916,5.17659334672425,5.17324108795638,5.16990954094924,5.16660409031701,5.16331875946835,5.16006888967287,5.15685936606563,5.15369353256084,5.15057441264853,5.14749692318881,5.14447206941112,5.14150721433323,5.13860008418771,5.13575237999266,5.13296241516864,5.1302311166577,5.1275631895705,5.12495841065135,5.12241338676058,5.11994117067537,5.11751581903767,5.11517357682575,5.11286845499844,5.11063966328738,5.10846334750257,5.10635383391415,5.1042870248926,5.10229546716599,5.10036304105285,5.09848487484629,5.09665761832769,5.09488770661046,5.09315679580966,5.09147323119677,5.08984688573586,5.08826466535899,5.08673677173196,5.08525123184614,5.08380934538654,5.08240832999002,5.08104358004887,5.07972861956795,5.07844652040647,5.07720317394883
5.09733531893345,5.09925644615219,5.10124119653675,5.10327684766103,5.10537945064328,5.10753471031304,5.10976056718864,5.11204171618579,5.11439854073837,5.11681266966951,5.11929296220751,5.12169557677581,5.12443911628662,5.12711049192757,5.12984795602624,5.1326580372766,5.13553338522829,5.13847725495535,5.14148137706864,5.14455152636615,5.14767803057839,5.15086636726561,5.15410715513386,5.15740179572262,5.16076443685543,5.16414489371296,5.16758651228578,5.17105402774392,5.17456522869746,5.17807505481632,5.18162305552585,5.1851627170793,5.18870631615492,5.19225404397808,5.19575716689725,5.1992556598929,5.20269718291622,5.20609977612033,5.20945586761267,5.21272066507237,5.21591479775662,5.21899661521584,5.22196237468387,5.22482387745807,5.22753179103903,5.23010251695489,5.23251460362075,5.23475604252456,5.23682212308179,5.2386847090551,5.24037333734661,5.2418556869602,5.24309169267407,5.24412774377941,5.24492808598655,5.24549319304986,5.24583351218554,5.24594766017661,5.24581508628073,5.24543846132349,5.24483241864968,5.24399657072056,5.2429101499377,5.24166533842428,5.24018597816626,5.23848268132714,5.23659720012902,5.23450700587553,5.2322608358841,5.22986322140784,5.22728874879344,5.22459225779809,5.2217789537449,5.21883095312442,5.21575531072215,5.21259451025308,5.20927477498877,5.20597212317961,5.2026309443012,5.19922588974897,5.19577350616737,5.19227839375542,5.18876775517971,5.18525239310088,5.18174245116055,5.17822762458201,5.1747320056578,5.17126163528619,5.16781936941686,5.16440455608089,5.16103030588784,5.15770243639024,5.15442436222558,5.15119284586973,5.14801610386962,5.14489732494607,5.14183205570841,5.13883976335537,5.13591200926361,5.13304387671577,5.13023895186583,5.12750570887749,5.12484023041165,5.12224037988473,5.11971013826761,5.11724992544759,5.1148426259557,5.11250554453881,5.11023210942645,5.1080248375818,5.10587003226408,5.10378545829839,5.10176730416543,5.09981386086268,5.09790962830372,5.09606775942497,5.09427820545424,5.09254570871373,5.09084917705225,5.08920667656518,5.08761273240522,5.08607347038301,5.08458444440835,5.08313439568911,5.0817339689964,5.08036677103965,5.07904757862598,5.07776483142886,5.07651553935774
5.09671096177799,5.09865601123604,5.10065428799451,5.10272015859372,5.10484102031757,5.10703291616524,5.10928225541829,5.11161036394114,5.11399138050404,5.11644858587589,5.11896458414067,5.12152494002281,5.12422727107076,5.12696533846944,5.12978445377864,5.13265224891594,5.13561198793308,5.13862429189999,5.14171824053569,5.14487501491401,5.14809821394626,5.15139266259229,5.15473773288378,5.15815413097449,5.16161922162195,5.16514590803888,5.16871396053006,5.17232498393374,5.17597480100022,5.17966022904629,5.18336027786434,5.18706563601345,5.19077567927542,5.19449488696744,5.19819184368784,5.20184256309866,5.20547375355307,5.20905836853727,5.21259703737514,5.21605465896181,5.2194088648037,5.22268105455065,5.2258329679067,5.22885952599591,5.23173677195691,5.23446483713695,5.23704265514855,5.23941790625907,5.24162108154956,5.24362712902297,5.24539590753521,5.24696836450843,5.24829414390975,5.24939527642466,5.25025288715418,5.2508670122172,5.25122132657519,5.25130725245705,5.25117429350972,5.25077511844987,5.25013121485338,5.24924626970042,5.24811710409291,5.24677792970698,5.24518352450169,5.24335177085467,5.24133479512307,5.2391198303252,5.23673042373743,5.23420860940145,5.23147506999573,5.22860980670826,5.22560417600931,5.22251584604038,5.21924852412274,5.21588715337608,5.21251478264039,5.20904952045517,5.20544065522332,5.20183881301487,5.19819661254728,5.19453084307287,5.19084758866634,5.18716814948882,5.18349611950848,5.17982620575615,5.17617784401691,5.17256096448057,5.16897554060279,5.16542676764373,5.16192394657765,5.15847415441104,5.1550751854122,5.15173363739854,5.14845309806311,5.1452383607816,5.14208954748306,5.1389951766001,5.13598624725551,5.13304022765077,5.1301635833245,5.12736239106165,5.12463618938464,5.12198186867574,5.11939914657994,5.11688552856919,5.11443411740017,5.11205872754591,5.10975163403843,5.10749754349667,5.10533285765619,5.10320945651184,5.10116004023629,5.09917813658959,5.09726638397331,5.09540557404948,5.09360054434932,5.09185420744061,5.09015642008348,5.0885061530807,5.08690203406209,5.08534761536206,5.08385709476784,5.08241237300505,5.08099575084663,5.07963213629584,5.07830905226023,5.07702943644631,5.07578009810744
5.09596525356187,5.09792246378683,5.09994692338106,5.102029388039,5.10418219827346,5.10639603862249,5.10868547142198,5.11103867238409,5.11347128719376,5.11596396405927,5.11852026913542,5.12116888075965,5.12388477067505,5.12669457201041,5.12956401382846,5.13252180470298,5.13554548103067,5.13865194246359,5.14183119621282,5.14508269302104,5.14841430562042,5.15180406111786,5.15527697574361,5.1588065977545,5.16240710080152,5.16605944419898,5.16976941317961,5.17353391568371,5.17733238526989,5.18118465487513,5.18505827622474,5.18892382795645,5.19282481421338,5.19671137535397,5.2006052848049,5.20446402749089,5.20824084116854,5.212069527576,5.21579770839174,5.2194551386652,5.22301144754428,5.22647121331149,5.22982722628423,5.23301758805948,5.23610385982122,5.23900618298217,5.24171483728185,5.24427303074608,5.24661524454314,5.24873575330695,5.25064496550295,5.25229969395176,5.2537493530127,5.25491350259956,5.25581579016193,5.25646675743505,5.25690562345983,5.25695082213174,5.25677788190012,5.25634308181225,5.25566432770247,5.25472782430989,5.25352244419277,5.25204116907001,5.25036402863407,5.24840871927478,5.24626220468945,5.24392422264668,5.24139526043892,5.23866048000895,5.23580122344257,5.23275102030161,5.22958481145954,5.22625760161907,5.22282256659647,5.21934297322424,5.21578549654534,5.2119696972417,5.20822090907948,5.20443032583272,5.20060730638935,5.19676890785252,5.19291141090172,5.18905734990536,5.1852148288032,5.18138407689711,5.17757659273992,5.17380683185992,5.17007363457793,5.16638625204378,5.16274992874721,5.15917291344116,5.15565147084937,5.15219616201438,5.148809409137,5.14549457945808,5.14224843871154,5.13907438933632,5.13597450431951,5.13294932028162,5.13000191880512,5.12713256997752,5.12434472079912,5.12163556102542,5.11899823019908,5.11643217770214,5.11394182439519,5.11153024282234,5.10918399057466,5.10690887021395,5.10470428327051,5.10255926112507,5.10048395933969,5.09848081300475,5.09654621487731,5.09467056096491,5.0928447878755,5.09109427098447,5.08938575844273,5.08772903749181,5.08612985192829,5.08456602932454,5.08306537291562,5.08161635993273,5.08020209935038,5.07883431616244,5.07750999325585,5.07622839370872,5.07499352256111
5.0951281180187,5.09710917463454,5.09914896001259,5.10126006571582,5.10343379267164,5.10568198017115,5.10799923279314,5.11039019049617,5.11286040050516,5.1153897057905,5.1180090231975,5.12070035696827,5.12349014860001,5.12634341812573,5.12929334667851,5.13231003375552,5.13542135768965,5.13860645691014,5.14187879284952,5.14523038834513,5.14865918403428,5.15217269809043,5.15574410942617,5.1594150710005,5.163139661933,5.16693433133359,5.17079985274106,5.17470855498426,5.17868169517027,5.182701359833,5.18673911261234,5.19081229786963,5.1948757233731,5.19897000801158,5.2030512733786,5.20713685755275,5.2110734555009,5.21520612319544,5.21912697296587,5.22297394628235,5.22674939066272,5.23041776569518,5.23395219615474,5.23737709248229,5.24061203101872,5.24370986724232,5.24662026885989,5.2493396817263,5.25182913803896,5.25410488416494,5.2561211192655,5.25791849418416,5.25942298856361,5.26067883639111,5.26170527452152,5.26237421896043,5.26274544536142,5.26286239703849,5.26267684098475,5.26220186694375,5.26145497073524,5.26047874819537,5.25918025972397,5.2575978498835,5.25575450701592,5.25370376009493,5.25141621440555,5.24893868815224,5.24622777555529,5.24333777134735,5.24030118250088,5.2370460798816,5.23364833787759,5.23016483421058,5.22647958771744,5.22271133199803,5.21894212626796,5.2150471100206,5.21108923007215,5.2070882785184,5.20306976620822,5.19904209526506,5.19499207728146,5.19095079814521,5.18692715894381,5.18292384666795,5.17894831422747,5.17501743428869,5.17112839389255,5.16729480712533,5.16351995168274,5.15980857808119,5.15616179588157,5.15258899060435,5.14909234156087,5.14567209869612,5.14232697469908,5.13906408593379,5.13588323128342,5.13277943695251,5.12975841109385,5.12682315600102,5.12397076867465,5.12120638137868,5.11851813141595,5.1159047762308,5.11337228141578,5.11091997298971,5.10854077902635,5.10622284318182,5.10400405917577,5.10182891283521,5.09973504291684,5.09770987633665,5.09574193858564,5.09386855443554,5.09203229667623,5.09025937229153,5.08855029399891,5.08689225951154,5.08528421580595,5.08373190001355,5.0822221101251,5.0807598042862,5.07935320045641,5.07798895254988,5.07666158327108,5.07538880961884,5.07414060540969
5.09427395689733,5.09626679384435,5.09833096734775,5.10045956523871,5.10266188559549,5.1049343310563,5.10728547620033,5.1097194742122,5.11221393349547,5.11478941599645,5.11745236056163,5.12020556558945,5.12303789887616,5.12596512802144,5.12896497369289,5.13206810630558,5.1352455917228,5.13852377141448,5.14188271797769,5.14533343887614,5.14887166569455,5.15248902639023,5.15620380183096,5.15997170562995,5.16384320055116,5.1677876761266,5.17179328866799,5.17587581848696,5.17999942028523,5.18420135090656,5.18843562149609,5.19269145558697,5.19695992512544,5.20124943969593,5.20555072343545,5.20975775298834,5.21399209311585,5.21834982635187,5.22250739808084,5.22659281555941,5.23056876914265,5.23446860116017,5.23823241084123,5.24185231389077,5.24532443021416,5.24861579706626,5.25172712043306,5.2546165462489,5.25726781131168,5.25972031964947,5.26190093883397,5.26379728320805,5.26543115402709,5.26677900820911,5.26776236957233,5.26850323711224,5.26890805327343,5.26907417552844,5.26882918952912,5.26832821194078,5.26759749069574,5.26646896478614,5.26510679904443,5.26337643660328,5.26145805948966,5.25924927301027,5.25681055608877,5.2541630982935,5.25124939807134,5.24818920128364,5.24493481904407,5.24150640523604,5.23788543141263,5.23412610874892,5.23025967189923,5.22631921565951,5.22221055175033,5.21813725099763,5.21401063421932,5.20979562248578,5.20556099564411,5.20131742696433,5.19707338449376,5.19283369225689,5.18862114698573,5.18443459829033,5.18028442820111,5.1761853239602,5.1721336587486,5.16814699238037,5.16422863073017,5.16037826517053,5.15660212474192,5.15290818993121,5.1492992663708,5.14576934733643,5.14232584815881,5.13897141135107,5.13570684056565,5.13253119383543,5.12943535568571,5.12643241537667,5.12352015417705,5.12069638663343,5.11795569449634,5.11529792178473,5.11271970651575,5.11023359334946,5.10782167640442,5.10548702450373,5.10322279376316,5.10103885088308,5.09891720800251,5.09687516335585,5.09490319417564,5.09300257682706,5.09116284773828,5.08937482401247,5.08764638104518,5.08599422873737,5.08438450184253,5.0828265127889,5.08132352511381,5.0798647089823,5.07845167480422,5.07709945525255,5.07577449276978,5.07452725308783,5.07332098629818
5.09339880096043,5.09540700498558,5.0974850884477,5.09963328091629,5.10185607925112,5.10415250100389,5.10653163810224,5.10898353066738,5.11152179529688,5.11413577186074,5.11685389330244,5.11964219597255,5.12253757620656,5.12550723650184,5.12858410630653,5.13174366870419,5.13500829892626,5.13836019322927,5.14181416918021,5.14536244676095,5.14900145934111,5.15274361852225,5.15655665541186,5.16048590191634,5.16447879746245,5.16856161646258,5.17274393154305,5.17696971359468,5.18128281652522,5.18565180432565,5.19009038347776,5.19453836486218,5.19903130027053,5.20352576716001,5.20804969635478,5.21255612260738,5.21706033427866,5.22150777468056,5.22595005975474,5.23026513007715,5.23451463736352,5.23862756307132,5.24264248866227,5.24649966922191,5.25021004754271,5.25372538333863,5.25702846155223,5.26012459552694,5.26296249680297,5.26561073433914,5.26789587103561,5.26995018812468,5.27168346964374,5.27310821953652,5.2742029210465,5.27499716656906,5.27540560464799,5.27551030505888,5.27531305827341,5.27481102728633,5.27399450854885,5.27279330772711,5.27125940381685,5.26947331644986,5.2673753291767,5.26503252991338,5.26243947221957,5.25956049319157,5.25650130050627,5.25323837388185,5.2497462642631,5.24608506936572,5.24222494286221,5.23824383276717,5.23419515633962,5.22998000813733,5.22565375502484,5.22136487678589,5.21693141333658,5.21249779164997,5.20804112825137,5.20358274967009,5.19913816951066,5.19469242745708,5.19027571090378,5.1858937678059,5.18156287236146,5.17728870064054,5.17307071637863,5.16892575394116,5.16485988827744,5.16086759868447,5.15695930850124,5.15314195469227,5.14941704162369,5.14577720769128,5.14223605278378,5.13879168658423,5.13544314094602,5.13218485877159,5.12902425780387,5.12595839979811,5.12298102780819,5.12010205766261,5.11730812022584,5.11460340682463,5.1119915942176,5.10947098091624,5.10701842655517,5.10466308391733,5.1023728368093,5.10016591309199,5.0980276283329,5.09596328540542,5.09397665585204,5.09206697140369,5.09021106159034,5.08843465958174,5.08670987920862,5.08503738754148,5.08342722591001,5.08187532407599,5.08036249228194,5.07891979521123,5.07750169922401,5.07615039140874,5.0748430779997,5.07357216822259,5.07232258495023
5.09245175414381,5.09447136749874,5.0965580975258,5.09872358456394,5.10095969657312,5.10328126765914,5.10567669182612,5.10817354646376,5.11072740425205,5.11338154455754,5.1161363574793,5.11897662848707,5.12190857346126,5.12494625396892,5.12807298213176,5.13131028021833,5.13464149249094,5.1380824234961,5.14162099615562,5.14526683079377,5.14901944908088,5.15286565303778,5.15681726704232,5.16085956269917,5.1650046172144,5.16925279955213,5.1735714966308,5.17798059604576,5.18247371963695,5.1870555269234,5.19166262564692,5.1963458128228,5.20104297732332,5.20579122922686,5.21053490529435,5.21529908982799,5.22005550619306,5.22477763193515,5.2294508477755,5.23404452471558,5.23853985618466,5.24292951607563,5.24720159285621,5.25131521923665,5.25527153310024,5.25899223898617,5.2625623149042,5.26587642097278,5.26889459361575,5.271692471855,5.27417746210939,5.27636597349456,5.27819164030102,5.27972808731443,5.28089601101358,5.28171915619711,5.28221804186268,5.28231057513873,5.28212320580713,5.28157743688505,5.28065937597213,5.27933362328334,5.27775652236319,5.27582290328911,5.27357763421952,5.27109545796737,5.26829141179494,5.26522595877783,5.26198799018709,5.25846409912545,5.2547402168373,5.25080911562826,5.24668772270137,5.24251214259143,5.23820629211083,5.23374933995265,5.22929806754148,5.22453467213862,5.21992335678637,5.21525747675827,5.21056030199151,5.20586043737816,5.20118327361046,5.1965203982384,5.19189258669667,5.18731224214054,5.1827901596786,5.17833312921749,5.17394200263783,5.16963199353062,5.16541189078704,5.16127468191999,5.15723035501717,5.15329060626404,5.14944889846741,5.14570389183009,5.14206343129112,5.13852777407212,5.13508930681488,5.13175323648004,5.12852231234232,5.12539311695669,5.12236163852223,5.11941984872554,5.11657623516163,5.11382798407704,5.11117934953194,5.10861574902857,5.10615258040255,5.10375182843143,5.10145362035765,5.09921737010424,5.09706644398204,5.09498310459837,5.09299460137129,5.09107304659424,5.08921739540277,5.08742772823532,5.08569659013996,5.08402774239794,5.08242477117244,5.08085837958849,5.07936304070849,5.07791988675884,5.07652020157724,5.07516390897074,5.07386038271023,5.07260061693221,5.07137588126592
5.09138601018029,5.0934115046209,5.09551073033552,5.0976855131046,5.09994183797108,5.10227701073124,5.10470222590758,5.10720665619747,5.10980164503652,5.1124930806531,5.11528885130517,5.11817188387554,5.12115650918943,5.12424313527852,5.12743957191805,5.13073840172107,5.13415065275917,5.13766947422402,5.14130267518886,5.14504534496157,5.14890617709151,5.1528732772811,5.15695425388136,5.16112788386662,5.16542777794974,5.16981913987096,5.17432161975667,5.17890289917316,5.18357401838812,5.18836797223225,5.19321609081902,5.19810736891244,5.20305082909554,5.20802978558581,5.21303865919558,5.21794777628786,5.22309554405724,5.22809338074191,5.23302267028953,5.23789324678832,5.24267632213985,5.2473601909367,5.25186618287201,5.25630452749321,5.26048312208144,5.2645023271426,5.26831701150038,5.27184367642814,5.27508593021307,5.27810128072351,5.28076085715636,5.28308375402263,5.28508642182017,5.28670552115923,5.28796961593813,5.28886251980066,5.28936758158509,5.28952818707125,5.28929561325387,5.2886925091741,5.28768687241343,5.28630530328228,5.28455697183799,5.28249743512159,5.28010492474286,5.27741269438121,5.2744028257036,5.27115185287986,5.26764944527376,5.26389552185677,5.25988201718011,5.2557136789705,5.25135402211012,5.24689802064437,5.24230581959234,5.23750171448169,5.23266960236332,5.22788359817781,5.22297179222046,5.21802918623457,5.21309114025479,5.2081485044282,5.20322608647858,5.19833053326596,5.19348045261558,5.18869351824118,5.18396496551879,5.17932082642899,5.17474935885299,5.17026741464398,5.16588661157004,5.1616035170134,5.15742504782506,5.15335766683537,5.14939478820209,5.14553768756599,5.14179635893714,5.13816843911113,5.13464044096438,5.13122694343996,5.12792872061103,5.12473719453427,5.12164085586045,5.1186506904793,5.11576017456756,5.11297105819158,5.11027890755193,5.1076924685328,5.10519878890492,5.10278400902927,5.10045609927251,5.0982118677921,5.09604653867732,5.09395042039298,5.09193029182633,5.09001850138516,5.08815916071742,5.086369382005,5.08464077174142,5.08297144899998,5.08136918660102,5.07981658950361,5.07831460010636,5.07687629454447,5.07548758515493,5.07414330254491,5.07284890603195,5.07158890455997,5.07037805050247
5.09023254942278,5.09226314483877,5.09437485760548,5.09656104978571,5.09883288358435,5.10118742134581,5.10363048928983,5.10615592092069,5.10878587096854,5.11151619448974,5.11434659076382,5.11727637794441,5.12030839188943,5.12345107618341,5.12670616078928,5.13007774743796,5.13356480170013,5.13716782275788,5.14089953103026,5.14474026316457,5.14870799690912,5.15279159098069,5.15700271439356,5.16132404515837,5.16575889303669,5.1703197943951,5.17499617311702,5.17975547017307,5.18459536445782,5.18964743439728,5.19470819208738,5.19980744895769,5.20499358738419,5.21020409456562,5.21551812993598,5.22060720863396,5.2262282382858,5.23144071533154,5.23666051643027,5.24181177262129,5.2469119722992,5.25187541216469,5.25675876056612,5.26141969574584,5.26593909799604,5.27024120747298,5.27429567469002,5.27812707567491,5.28158878244729,5.28480847618521,5.28765835834118,5.29018147811687,5.29231185867659,5.29400365463806,5.29540144622657,5.296351059473,5.29689070563281,5.29709985645887,5.29683511266132,5.29618331203815,5.29508284154565,5.29359737139178,5.29172417017,5.28952309263979,5.28692844732304,5.28404237458042,5.28082028267599,5.27733392624119,5.27356887187601,5.26951974011148,5.26523721273345,5.26079073012062,5.25617912228453,5.25138899823581,5.24647024486126,5.24143784394858,5.23626269354081,5.23133355702073,5.22597268799516,5.22080113408894,5.21560176632621,5.21040533581391,5.20522865600695,5.200094175853,5.19501369333354,5.19001101847019,5.18507210548955,5.1802248487094,5.17547217012008,5.17081256385488,5.16627143636829,5.16183993626411,5.15751900197465,5.1533190898573,5.14923564166364,5.14526419804743,5.141421278737,5.13770046606829,5.13408513549324,5.13059351099619,5.12722450315783,5.12396547516966,5.12081734666866,5.11778238405492,5.11485825900276,5.11202462705996,5.10929986349756,5.10667494214145,5.10415338569321,5.10172787868936,5.09937733463765,5.09711619219442,5.094946331996,5.09283689774483,5.0908321036551,5.08888068884822,5.08704544840316,5.08524670383903,5.0835243758588,5.08185573807488,5.08026224386699,5.07871379026391,5.07722534141887,5.07578970276235,5.07440534360623,5.07306667277015,5.07179454495967,5.07054313379713,5.06934998751613
5.08905292231553,5.09109120702551,5.09320752325604,5.09540468259703,5.09768811926206,5.10005856514827,5.10251559357206,5.10506096511677,5.10772051718496,5.11047930218025,5.11335275717803,5.11632995213309,5.11940217234753,5.12259350920578,5.12590832933493,5.12934537932237,5.13290365245673,5.13658561655497,5.14041019856196,5.14433639952511,5.14843390415496,5.15263243180379,5.15697569968566,5.16143734770706,5.16603798711282,5.17075337646747,5.17561797960424,5.18055991621564,5.18559478708043,5.1908712695585,5.19613187170191,5.20151407351034,5.20694230003155,5.21240809582347,5.21806830958821,5.22355785846816,5.22944208473462,5.23488762242891,5.24040499006744,5.2459006926738,5.2513192805765,5.25664063503273,5.26181052113994,5.26682600698575,5.27162845250519,5.27625276087344,5.28059722897451,5.28468006600425,5.28843471456058,5.29188089118135,5.29493549883205,5.29764159015866,5.2998766661129,5.30177853460758,5.30325799303353,5.30432654870937,5.3049610897654,5.3051329982627,5.30483678288187,5.30406147921003,5.3028675618609,5.30125991927989,5.29927704740353,5.29688663479583,5.29411979797169,5.29096719837581,5.28757046230343,5.28378515638091,5.27971447460109,5.27540125802975,5.27081713869043,5.2660610653844,5.26113073908441,5.25600346582666,5.25076369472592,5.24548465214525,5.24009511404505,5.23466185141659,5.22912895648365,5.22361234248103,5.21810807734511,5.21262637485909,5.20717506814211,5.2017851779331,5.19646659612611,5.19122807796378,5.18607658633992,5.18102323218089,5.17608644892325,5.17124356142337,5.16653689061811,5.16195405367041,5.1574863242509,5.15315537579775,5.14895094869812,5.1448649355395,5.1409209665511,5.13710948669687,5.13340968523229,5.12983861856402,5.12640356243184,5.1230851368647,5.11988834222617,5.11680555816429,5.11383949175024,5.11098143736548,5.10822189555465,5.10558027760057,5.10302427202267,5.10057935534264,5.09821682243548,5.09595024686163,5.09376778349041,5.09166845390137,5.0896509389225,5.08770609860654,5.08585110099712,5.08406350502483,5.082350288645,5.08068347201223,5.07909390817106,5.07755897781205,5.07607953319257,5.07465559918693,5.0732859761929,5.07195661243014,5.07068923165981,5.06946059299978,5.06827935954719
5.08783831401602,5.08987977532471,5.09199281324256,5.09420110748761,5.09648641887701,5.09886774690758,5.10133614183467,5.10389847481906,5.10658162633279,5.10937093682456,5.11225783353739,5.11526786095502,5.11839057010586,5.1216269063968,5.125002049813,5.12849850565375,5.13211827300298,5.13588518012618,5.1397807141939,5.14382861488441,5.148008383487,5.15234089602288,5.15679267044928,5.16141754077862,5.16616963350982,5.17104850587738,5.17608939484912,5.1811140061943,5.18653872760277,5.19195825892891,5.19753460677981,5.20316874845705,5.20882239285995,5.21459860658007,5.22068710875909,5.22659804160007,5.23246072006999,5.23820427728526,5.24428204894631,5.25010272094047,5.25581945068785,5.26152253618279,5.26699781480131,5.27234543633333,5.27758752120331,5.28253553787645,5.2871652688493,5.29156640694237,5.29565193398083,5.29934380101358,5.30262010849714,5.30539443397064,5.3079512449747,5.3099953335595,5.31157911191191,5.3127078865075,5.31338683400359,5.31358434223085,5.31321068527429,5.31237008685328,5.31113225345473,5.30941165008703,5.30712673327118,5.3046239381698,5.30156447297362,5.29827041153369,5.29454647744958,5.29049855839809,5.28613293712269,5.28149209894586,5.27659393453986,5.27148973742419,5.26622968154301,5.26077962740055,5.25523006562458,5.24960096473064,5.24385597259118,5.23807875865533,5.23216738364257,5.22634282677903,5.22053536852835,5.21476827524056,5.20904805807876,5.20339308129594,5.19782327360587,5.19234622871582,5.1869785644813,5.18170882165204,5.17656906928419,5.17155633913572,5.16667568589033,5.16194006559601,5.15732447364048,5.15285703130327,5.14853475891059,5.14433506054177,5.14028585266911,5.13638541583088,5.13260503608717,5.12896483714096,5.12546502611382,5.1220847295126,5.11883283049146,5.11570365585657,5.11270318792304,5.10981093806017,5.10703766151426,5.10436567800154,5.1017989028405,5.09932972512741,5.0969658272904,5.09468244251504,5.09250520960398,5.0903998740512,5.08838129900761,5.08641246717377,5.08459238947521,5.08279883306457,5.08108982291103,5.07945870787938,5.07786320545605,5.07634758288089,5.0748819960083,5.07346717949523,5.07210038049201,5.07079545321599,5.06954056819872,5.06832711638378,5.06716029959916
5.08652836461621,5.08855591471247,5.09067891044299,5.09287445718199,5.09516865146119,5.0975523716009,5.10001665356032,5.10260365879639,5.10530143450385,5.10810314586658,5.1110252211104,5.11406912381512,5.11722752972012,5.1205171930906,5.12391788740591,5.12746965225124,5.13116918306187,5.13500388651875,5.13898765804433,5.14312848962761,5.14740047414742,5.15185511396783,5.15645087140723,5.16121609563717,5.16610622939936,5.17118476779953,5.17637625827035,5.1817078289634,5.18713664196011,5.19280648912074,5.19868364875295,5.20468991971932,5.21066229774206,5.21673173014236,5.22281694433938,5.22911445568805,5.23541294066287,5.24169450190821,5.24805861152853,5.25426688523788,5.26037544791686,5.26641304885926,5.27243166891981,5.27815437934868,5.28369739713254,5.28892181352231,5.29374899356484,5.29839579523372,5.30300018784519,5.30699292899739,5.31049925015909,5.31385197637126,5.31644079218416,5.31862799571705,5.32035092392141,5.32153982385454,5.32228343715369,5.32247892973632,5.32206998339101,5.3211752024104,5.31973708353422,5.31792871038361,5.3155398993927,5.31275219716869,5.30951725728977,5.30588477293915,5.30189644694973,5.29740176168525,5.29270780583158,5.28781568315471,5.28257765475744,5.2770843314642,5.27143930676092,5.26565163381203,5.25972572229998,5.25366029522061,5.24750560199695,5.2414450584143,5.23522995275326,5.22910425110773,5.2229653382974,5.21688919375094,5.21087796319122,5.20494744552898,5.19911524412783,5.19338242844153,5.18776356193078,5.18227529999553,5.17693594633416,5.17174616305911,5.16668422858779,5.16177802364596,5.15702485753908,5.15241521969347,5.14797487998019,5.14366930397267,5.13951298962811,5.13552280202838,5.13166290402258,5.12795065096033,5.12438449627117,5.12095266652231,5.11766190596475,5.11449940414876,5.11144895396826,5.10853922889921,5.10574287460356,5.10305181988276,5.10047132200709,5.0979941599821,5.09560863738662,5.09333351251281,5.09114835614213,5.08905951087194,5.08703449385916,5.0851070157454,5.08324631439747,5.08148543991953,5.0797732990828,5.07815283853517,5.07658059261422,5.07507648571627,5.07361744157485,5.07222281304193,5.07087983094588,5.06958956433116,5.06834773407437,5.06715020387679,5.06599927316094
5.08508260225974,5.08711388520287,5.08921962505483,5.09141935149483,5.09371168388461,5.09608792409303,5.09857344080617,5.10115914729657,5.1038736758488,5.10667512828302,5.10964340921215,5.11272741541629,5.11589547656178,5.11921689834619,5.12267382967945,5.12629036877985,5.13003165810031,5.13394274028949,5.13801373280595,5.1422296397586,5.14661593954916,5.15115473767206,5.15587828231562,5.1607694724873,5.16586558966088,5.17110587469029,5.1764014791131,5.182135018343,5.18782203463682,5.1936917571707,5.19976522963771,5.20593414147654,5.21225133596656,5.21867336104098,5.22516822749279,5.2317707454769,5.23844272114988,5.24508414003365,5.25162192370334,5.25850741636576,5.2653605877069,5.2716740033049,5.27800937907839,5.28415370517473,5.28995246191132,5.29582402774624,5.30067800718971,5.3061421264479,5.31117062669291,5.31519609855947,5.31901622130512,5.32264919645643,5.32539722785457,5.32775998733734,5.32971770421107,5.33104598339012,5.33173243284079,5.33194870793626,5.33152002595614,5.33043618237516,5.32902739884325,5.32692255921894,5.32434759658953,5.32136526053325,5.31783924949633,5.31387897594313,5.30953959464814,5.30482364487736,5.29977192249438,5.29444358905629,5.28876098376637,5.28290435180214,5.27683393799711,5.27066731255275,5.26433351715195,5.25788898358797,5.25136435836456,5.24486654217033,5.23838160617792,5.23187115224853,5.22538490678514,5.21897854293044,5.21267752983145,5.20641412292773,5.20029211332953,5.19429663592953,5.18844477520139,5.18273399085366,5.17717318413085,5.17176783638589,5.16653769866476,5.16146372374561,5.15657444448991,5.15182448279921,5.14725517998201,5.14285238153109,5.13859382544111,5.13449763791549,5.13057899923373,5.12680178114047,5.12317951116502,5.11970182605661,5.11636305504212,5.11316735060382,5.11008870428772,5.10714649922556,5.10433707569828,5.1016274625111,5.0990375311627,5.09655743436743,5.09417157751044,5.09189619655525,5.08972063663196,5.08761960351866,5.0856251746664,5.08368984486647,5.08184363190052,5.08007089872433,5.07840318130951,5.07678563598302,5.07522998397338,5.07374607330902,5.07231267547323,5.07092525645675,5.06960626548732,5.06833144218191,5.06710751411784,5.0659301422981,5.06479931172218
5.0835523320134,5.08556671696606,5.08766918109548,5.08986355853365,5.09214835351982,5.09452609327029,5.09700514234088,5.09960638331756,5.10233312278623,5.10515379839946,5.10809133410347,5.11122512240757,5.11443203265672,5.11778905475151,5.12130049634937,5.12495138471091,5.12876755556609,5.13275414960055,5.13687772032977,5.14119170897026,5.14567596313105,5.1503331142821,5.15518325811921,5.16021102938099,5.16542428404921,5.17081446330668,5.17644219739223,5.18235120284442,5.18831498610671,5.19443648117537,5.20076680002114,5.20726483702257,5.21389304168307,5.220659479323,5.22753062007228,5.2345036816538,5.24155596158377,5.24863964415982,5.25576159566491,5.26286610805363,5.26990430509584,5.27683413040118,5.283633770435,5.29028157483714,5.29673691738799,5.3031352692451,5.30873343827978,5.31422173921686,5.31971719235768,5.32408561481419,5.32832956895261,5.33202394727411,5.33492881392911,5.33756130830018,5.33970697741112,5.34101415054249,5.34177495536641,5.34201157247416,5.34102538350109,5.34018420826828,5.3387214173406,5.33613316617495,5.33347745633545,5.3304614151184,5.32668063296848,5.32226404198958,5.31755392139875,5.31247355200133,5.30708385957349,5.30131736136389,5.295216910918,5.28896444065799,5.28244887157355,5.2757781395955,5.26906183683097,5.26210308595627,5.25538434665063,5.24840825641446,5.24143734357357,5.2345145446944,5.2276925466734,5.22092970862407,5.21429759454231,5.20777241749455,5.20134717523576,5.19506366101399,5.18893055706027,5.18298814187873,5.17721620576789,5.17164808524655,5.16625799196228,5.1610020625194,5.15596753447299,5.15109015172912,5.14638484392498,5.14188371085615,5.13753781554135,5.13335886220825,5.12936474335835,5.12552061523833,5.12184564811007,5.11832056897816,5.11494437740141,5.11171565127923,5.10862470098071,5.10565446625534,5.10282590853991,5.10011745804059,5.09751355268239,5.09503440204961,5.09265747635494,5.09039034826721,5.08821402142705,5.08611900581304,5.08413544261557,5.08219911692742,5.08039864419782,5.07862409128784,5.07697939359237,5.07536909711972,5.07383729814985,5.07235894567264,5.07095737689945,5.06960099497197,5.06829639602504,5.06703918998316,5.06584081443911,5.06467530343868,5.0635709262994
5.08197232773825,5.08397590769255,5.08606804373615,5.08825013163216,5.0905296312113,5.09289544768935,5.09537683219079,5.09798004014611,5.10071335429283,5.10357649287526,5.10646359972419,5.10968321574881,5.11290864477503,5.11629436883958,5.11984680506949,5.12353800757882,5.12740964022224,5.13143049896883,5.13565074438122,5.1400409147901,5.14462099299617,5.14939551500833,5.1543601827638,5.15952045560233,5.16486182453608,5.17050033366749,5.17622470928928,5.18245178977147,5.18836256672859,5.19481673837384,5.20144183324224,5.20827499194791,5.2152411898661,5.22236469194471,5.22965293324638,5.23704951661745,5.24452230556136,5.25208628924022,5.25965418364911,5.26724258092556,5.27477749244549,5.28224346610402,5.28957947845697,5.29674281453294,5.30368288752895,5.3103070753466,5.31666234625387,5.32260401558865,5.32814555308894,5.33313591837793,5.33760554902337,5.34169897747904,5.34515788583621,5.34773866844503,5.35005174369985,5.35162704133158,5.35258725896721,5.35256899812244,5.35235717682747,5.35103226482616,5.34918955017248,5.34689086214725,5.34368910916868,5.34016311150917,5.33577148998498,5.33094215083258,5.3261141547727,5.32072091159272,5.31469468343313,5.30825413100814,5.30172112378898,5.29513857238921,5.28830243434972,5.2811715489983,5.27391020177732,5.26642824599679,5.25930820299026,5.2516565268263,5.24430942540651,5.23710835223009,5.22997062553789,5.22283723896091,5.21584556489044,5.20898376721942,5.20237993280579,5.19567889573797,5.18936747219449,5.18318203034032,5.17720358683944,5.1714077554255,5.16579614170243,5.16041233084409,5.15518267966849,5.15019894800512,5.14537894826124,5.14073982057566,5.13632342523522,5.13207383924805,5.12800591133589,5.1241048514818,5.12038485198862,5.11682516289861,5.1134026962164,5.11015044301818,5.10704004444569,5.10406086661556,5.10122099823765,5.09850761368794,5.09591471942616,5.09343190291233,5.0910616031037,5.08880467717235,5.08664238380661,5.08456935711845,5.08258428819464,5.08068799580546,5.07887612204169,5.07713197345142,5.07547660937115,5.07391566120799,5.07240518465731,5.07094762645238,5.06957078698354,5.06824228349475,5.06696024436265,5.06572832300269,5.06455031491254,5.06341023004865,5.06232767048548
5.0803611243563,5.08234751719286,5.08442053517627,5.08659176204335,5.08885186440145,5.09121470744202,5.09369167651567,5.0962777268535,5.09900415673138,5.10187154020582,5.10480574753983,5.10795415494277,5.11122674298639,5.11465737087851,5.11821824588004,5.12196157460138,5.12586773752763,5.12995312137966,5.13423563985864,5.13870939596109,5.1433726239057,5.1482410716288,5.15334833445143,5.15866155622902,5.16418977771893,5.1699367172029,5.17595076415565,5.18209382452699,5.18848708899044,5.19541054938148,5.20225959846346,5.20936459549822,5.21667371666678,5.22415419026395,5.23181305342585,5.23961598112138,5.24753791094895,5.25555399951918,5.26362680022673,5.27171601577906,5.2797847142301,5.28778937653485,5.29565398463147,5.30337263394804,5.31084530108982,5.31803909051574,5.32490457802669,5.33137244439339,5.33737688195154,5.34288157851143,5.34782897496149,5.35219623520381,5.35589203873422,5.35894374392028,5.36129689921578,5.36292700979985,5.36381745600709,5.36393213912973,5.3632969222373,5.3618855940251,5.36001540367418,5.35736335794115,5.35406450464911,5.35015225470822,5.34601731234939,5.34070468821694,5.33508070138369,5.3293228624255,5.32280281861736,5.31568497450592,5.30863790631927,5.30149574061485,5.29393899716813,5.28621342917553,5.27866647516298,5.27097849332824,5.26313425789652,5.25535122326676,5.24752458267244,5.23970351188858,5.23192479488593,5.2246205266429,5.21732734189857,5.21023205685707,5.20335920301319,5.19629697281685,5.18966319044324,5.18325141835175,5.17700690556162,5.17099701041914,5.16516976951101,5.15960639285013,5.1542278890263,5.14908206236889,5.14417629848622,5.13945279214285,5.13493756077191,5.13060580542843,5.12647586144106,5.12254769223738,5.11874992876682,5.11517096477038,5.1117294836293,5.10844604980546,5.10533594926902,5.10234168112426,5.09949319057289,5.09677835613749,5.09418506827108,5.09172052598607,5.0893670608802,5.08711739863823,5.08497207167072,5.0829185642707,5.08096327258862,5.07909000200154,5.07730801000604,5.07559302949364,5.0739520925397,5.07240739262897,5.07091673421106,5.06949951704042,5.06813104914736,5.06683350821286,5.06558272287356,5.06437568163706,5.06322662267603,5.06211398735718,5.06105180754736
5.07867793684049,5.08063597891637,5.08269256276553,5.08483981615844,5.0870746188813,5.08943490817752,5.09190767526421,5.09442769158248,5.097178479336,5.10005687836147,5.10301145625963,5.10611467782976,5.10939266426378,5.11283431366461,5.11640719631539,5.120172374551,5.12411988145474,5.12825645673991,5.13259761015312,5.13712613033032,5.14189213568624,5.14686346074195,5.15208799357639,5.15754148803356,5.16321681405252,5.16917017407633,5.17536840939988,5.18176250991616,5.18847133218935,5.19543783863196,5.20267836922008,5.21010655179846,5.21776271530354,5.22564485065335,5.23371215065428,5.24196724476211,5.25037544500571,5.25889903811893,5.2675064356729,5.27614587757182,5.2847877575085,5.29337369331231,5.30186506586723,5.31018206681014,5.31826193022066,5.32605706687815,5.33348831146378,5.34050410001673,5.34704145810593,5.35302610747434,5.35843041985827,5.36318651362103,5.36722134329369,5.37054286975546,5.37309293591523,5.3748494163816,5.37582136434662,5.37596833371347,5.37533696437159,5.37390611312688,5.37169789672876,5.36875439044934,5.36512175838992,5.36083713685737,5.3559110561128,5.35010622961546,5.34425773798682,5.33768581065355,5.33083589385,5.32358447997626,5.31599392963763,5.30837301823493,5.30018022417233,5.29201775404394,5.28371839156145,5.27545263968288,5.2667200593031,5.25854170244857,5.25064087040362,5.24245986000873,5.23494414294577,5.22614076863625,5.21845979566573,5.21096677401419,5.20366568244213,5.19642092667275,5.1895757543198,5.18291413208307,5.17650933876356,5.17031024947848,5.16421180046085,5.15855376641485,5.15298103763515,5.14779829799768,5.14276264928765,5.13793911780548,5.1333146712932,5.12894911768655,5.12475352581403,5.12075839736642,5.11694580693852,5.11331347847544,5.10985936900473,5.10656031638604,5.10342520984802,5.1004542315512,5.09760565815898,5.09490454760799,5.09232725202915,5.08986881925085,5.0875179467442,5.08529899299688,5.08318483995241,5.08115360078443,5.07921975804857,5.07738056217407,5.07561171538662,5.07392139969825,5.07230837023442,5.07076605651294,5.06933653154288,5.06795386826897,5.06662599233059,5.06535150848365,5.06412698792255,5.06295921464769,5.06183032307356,5.06075066281639,5.05971261608035
5.0768515412439,5.07878937810107,5.08081108213061,5.08292890249786,5.08514355910625,5.08747302207332,5.08991598584672,5.09252405345704,5.09512206402247,5.09801049246222,5.10095813323955,5.10406572081611,5.10734868759365,5.11076751084964,5.11437630115297,5.11815827443611,5.12213768787996,5.12632262050641,5.13068653130057,5.13531029798386,5.14012292690443,5.14520757351511,5.15054112202195,5.15610131547131,5.16196443444021,5.16804788279006,5.17450966714577,5.18102968810544,5.1877705745643,5.19519964952995,5.2027372609446,5.21051408668085,5.21855749858938,5.22685470110079,5.23539222853228,5.24413399148321,5.25305470104296,5.2621369293161,5.27131766605966,5.28059260258506,5.28986329223699,5.29910084853141,5.30823803119638,5.31723084468611,5.32598829735562,5.3344327600843,5.34252965900148,5.35016209380676,5.35728292923836,5.36381931237923,5.36970765679318,5.37487819985035,5.37928225110445,5.38289029054583,5.38566205222539,5.38757391340293,5.38862122037291,5.3887649879542,5.38804448335894,5.38646949970395,5.38401283444041,5.38077570467556,5.37677618702823,5.37205054519273,5.36664767658273,5.36064406041836,5.35402068590937,5.34705482377362,5.33954920726322,5.33165487279094,5.32344854440365,5.31511260545198,5.30657694711252,5.29734183401687,5.28854790437282,5.27986070293923,5.27063413319014,5.26199137674677,5.25325104897928,5.2445222178186,5.23635475945987,5.22764696733938,5.2194046180124,5.21138453579541,5.20381881645397,5.19635032654783,5.18918581974711,5.18244933694335,5.17577775716011,5.16942939676182,5.16301911404079,5.15730337299487,5.15175021624852,5.14613085837514,5.14105789270299,5.13599684158757,5.13136169318803,5.1269496331496,5.12272655311696,5.11869461195534,5.11484396059852,5.11121153303785,5.10776295282005,5.10446333512514,5.10130995642081,5.09836290577526,5.0955319850489,5.09283074587823,5.09027612325206,5.08782664983832,5.08552868644544,5.08331456327431,5.08122421428314,5.07923744915983,5.07734154029111,5.07552570876834,5.0738032690268,5.07213870735811,5.07055766247009,5.06906519823699,5.06765447330864,5.06629699567458,5.06498905963064,5.0637687984356,5.06257621027032,5.06143623664041,5.06034526897177,5.05929340791952,5.05829977011012
5.07487260293131,5.07676864702963,5.07875939907866,5.08084747112205,5.08302688897296,5.08532846303842,5.08774865931337,5.09030466059839,5.0928933377069,5.09577491816066,5.09871087520315,5.10183528012089,5.1050832254794,5.10851170466114,5.11212311567005,5.11591395913425,5.11992148614999,5.12412591867631,5.12856516869298,5.13321037620705,5.13813542025692,5.1432801738724,5.14869725994438,5.15441813415243,5.16037597061179,5.16661032176593,5.1731540444725,5.18023459287217,5.18741600625283,5.19481378572422,5.20261319663658,5.21073307182457,5.21915349600637,5.22785315502645,5.23683486002904,5.24606751452102,5.25553935607158,5.26519074967484,5.27501157877585,5.284908582137,5.29489088213109,5.30481597290807,5.31469959276996,5.32442480114772,5.33392986208651,5.34312395825933,5.3519235680252,5.3602460100214,5.36802731005462,5.37516458398769,5.38160251775443,5.38727136840927,5.39210222081396,5.39605109258389,5.39909121226418,5.40116013660538,5.40227326861648,5.40240861956629,5.40158606869007,5.39982858388521,5.39710930252147,5.39357817418972,5.38916055905023,5.38399208933288,5.37805785306248,5.37147545891495,5.36431181947878,5.35661422356518,5.34847632636305,5.33989181598762,5.33105012169682,5.321941180339,5.312619712249,5.3031730252027,5.29364676991405,5.28411738974862,5.27463639263099,5.26520320730296,5.25584674821364,5.24665884935555,5.237578253538,5.22889771091425,5.22024864923621,5.21212255535571,5.2040909460262,5.19626513758416,5.18890044112064,5.18158193089275,5.17459780909522,5.16814154159079,5.16177142245785,5.15554199859582,5.14985909303376,5.14423907128302,5.13895904675152,5.13425990865667,5.1293017675066,5.12474067604495,5.12052528465241,5.11670665943054,5.11257055171375,5.10893847897202,5.10546241709454,5.10211974987801,5.09905302222995,5.09608562266766,5.09327920727302,5.09063991136595,5.08808000353507,5.08564516171185,5.08339523991692,5.0812382236983,5.07915927533058,5.0771993948133,5.07533314486321,5.07355912191665,5.07187731430328,5.07026224419877,5.06872879611154,5.06726575111107,5.06584598617787,5.06455801551148,5.06328368488387,5.06209716410735,5.06094242355019,5.05983868476515,5.05878037335087,5.05776644122475,5.05679382496465
5.072792039478,5.07465502011064,5.07661288972031,5.07865724493127,5.0808113008536,5.08307560186879,5.08548040158606,5.08799134975159,5.0906325971299,5.09338941407902,5.09633178825374,5.0994262173191,5.10267918681191,5.1061062865423,5.10969721799444,5.11351458195441,5.11752544771744,5.12176553465813,5.12622152213024,5.13092795833257,5.13590402155138,5.14113649393751,5.14666561423096,5.15244659669961,5.15857290174495,5.16498970404827,5.17159829906257,5.17864383915501,5.18620283562594,5.19398210990179,5.20213044342811,5.21062432315037,5.21944699689172,5.22860695042837,5.23808673365069,5.2478763956478,5.25792666027435,5.26821903828534,5.27870044460704,5.28932809251695,5.30004540500376,5.31079420816955,5.32146755058597,5.33201606689096,5.34235619978919,5.35235670613283,5.36198046436578,5.37108958129033,5.37959942912056,5.38744185389758,5.39450615331428,5.40071027736719,5.40601388239342,5.41032132776958,5.41361806647352,5.41587808259238,5.41707872498747,5.4171982238511,5.41625431371668,5.41429987553341,5.4112711012664,5.40734351149762,5.40247304043693,5.39678111171192,5.3902516919346,5.38307958546773,5.37523101164137,5.3668368957886,5.35796520147253,5.34868481310769,5.33907143391229,5.32919980256653,5.31916485570508,5.30899069162926,5.29875959981719,5.28853875528434,5.27839152015683,5.26833824365844,5.25844194767153,5.24872383974709,5.23923003977356,5.22997039816755,5.22099044057856,5.21228488152778,5.2038787004663,5.19579056206427,5.18804996127559,5.18046416350741,5.17329011837921,5.16650812077322,5.15996323882809,5.15372287946476,5.14786600161104,5.14219585153531,5.13696582866388,5.13183762299925,5.12693648741098,5.12264014974267,5.1180504986174,5.11398194274182,5.11002294593348,5.10646572388947,5.10306841855554,5.09994414989998,5.09665398616867,5.09369165438977,5.09091374500567,5.08830078515663,5.08579369613571,5.08338221091458,5.0811211047614,5.07891014864455,5.07699871572758,5.07507610742894,5.07325823624641,5.07154167021445,5.06989261602454,5.06832322938667,5.06683459711797,5.06539515053974,5.06405738381182,5.06276031498946,5.0615458404419,5.0603851345029,5.05928343222718,5.05821795278574,5.05719310047185,5.05621430977583,5.05527547729432
5.07070342406896,5.07252850111249,5.07444188408751,5.07644916444266,5.07856570576931,5.08080496068609,5.08316745365192,5.08563811336404,5.08823355695739,5.09098203893902,5.09386811145097,5.09694248776123,5.10018796945248,5.10357702749971,5.1071874656844,5.11097265465842,5.11498167112507,5.11922125581834,5.12371265848526,5.12846561875302,5.13346654735604,5.13877874356734,5.14435669350108,5.15026514380454,5.15648851389923,5.16308704478295,5.16989570977689,5.17728945155219,5.18492615706923,5.19299324917616,5.20146325660078,5.21033308424694,5.21957762566989,5.22920648037043,5.23920192223105,5.24953343905581,5.26020283098714,5.27116463596376,5.28236563967578,5.29376625050785,5.30529158766547,5.316881842728,5.32843372661322,5.33986907975964,5.35111099768716,5.36203548009643,5.37254214436814,5.3825040225312,5.39184112275199,5.40042882052948,5.40817045485401,5.41499928838463,5.42080788785909,5.42554704540659,5.42917034415942,5.4316322237359,5.43290571922216,5.43299960760475,5.43190709023781,5.42969568718563,5.42634802926609,5.4219798710507,5.416591623211,5.41031419007979,5.40315034277381,5.39526372502387,5.38666899953924,5.37750133760739,5.36783026646848,5.35773251364296,5.34732480231635,5.3366549391715,5.32582927126399,5.31489520839635,5.30392644644743,5.29300160809305,5.28215335748191,5.27145164328275,5.26093876854725,5.25064373110722,5.2406020382492,5.2308546984302,5.22140029246704,5.21226785658145,5.2034824486456,5.1950480184858,5.18695284602132,5.17922828846115,5.17183585945229,5.16479985068033,5.15813740231087,5.15160934658701,5.14573150053961,5.13998225870316,5.13458193690258,5.12939660400403,5.12456870095992,5.12058653226157,5.11559328340502,5.11173430867439,5.10775997491095,5.10408759660981,5.1004992734322,5.09733824301201,5.09408868401584,5.09123121353946,5.08858199525068,5.08601170029591,5.08357157275818,5.08108009799125,5.07899198438176,5.07680795164265,5.0748287311357,5.07297439447013,5.0712292223639,5.06945892918983,5.06790247570394,5.06639552979238,5.06494354202632,5.06355969816775,5.06223492193099,5.0609169654007,5.05982697514031,5.05871275919401,5.05762689586202,5.05659686655462,5.05561552809703,5.0546601335463,5.05375883839865
5.06859199695416,5.07036258609166,5.07222972750736,5.07419469630762,5.07625853232004,5.07845210860423,5.08076610098832,5.08317692935272,5.0857523014233,5.08844293029771,5.09131014857531,5.09436217626341,5.09754203038435,5.10087384976861,5.10444739686765,5.10821224660754,5.11223507808047,5.11647479724081,5.12098061672286,5.12572318143026,5.13078332134486,5.13610176429934,5.14178332107376,5.14772440301885,5.15410382686636,5.16074896701044,5.16794685251023,5.17498041285106,5.18327747897058,5.19156104054076,5.20030564403123,5.20951286530364,5.21915634621068,5.22923557267538,5.23974236420584,5.25067088103026,5.26198339013362,5.27365981624148,5.28563842378035,5.29785579788825,5.31027918060801,5.32279059816775,5.33533440439566,5.34777609573614,5.3600466452942,5.37201909760633,5.38349287697711,5.39444953253169,5.40470346853569,5.41417775614313,5.42271970917243,5.43023391824468,5.43663614611875,5.44183882288143,5.44579967564297,5.44846282023224,5.44982057727748,5.4498876760424,5.44864380028632,5.44613988519307,5.44240685225176,5.43753124361591,5.4315745145786,5.424606867723,5.416710952116,5.40801894252746,5.39860856302736,5.38859169179122,5.37802963580897,5.36705856731671,5.35574066337633,5.34419883832256,5.33249073864774,5.32071441150424,5.3089470738091,5.29723635696415,5.28565321551192,5.27426945654732,5.26308947536859,5.25220023288997,5.24160017350022,5.23133336139624,5.22142437373228,5.21187507447822,5.20271056394009,5.19394023712053,5.18555093795721,5.17755533331197,5.16994800511737,5.16272457844561,5.15587454548987,5.14937947473037,5.14336744247609,5.13744218581433,5.13190365854745,5.12670462765305,5.12183063542605,5.11723517087143,5.11287985890228,5.1087829592353,5.10488220895274,5.10136768592208,5.09784748825109,5.09460442165646,5.09169943820316,5.08867780478105,5.08598268020977,5.08349366934184,5.08102446619438,5.07876203300408,5.07663960052007,5.0747145009172,5.07257979135944,5.07080038612504,5.06915952120602,5.06737748289004,5.06590177577456,5.06447324960508,5.06302702051354,5.06167472336158,5.060423377253,5.05921627758549,5.05809331191318,5.05700069873513,5.05594764464876,5.05496726165199,5.05404398839683,5.05312688884727,5.05226612625696
5.06637169775803,5.06809632236302,5.06990916288419,5.07181405459197,5.07381383125706,5.07595953599482,5.0782164280392,5.08057218794031,5.08308793132406,5.08571918743767,5.08852692700236,5.09146803124721,5.09462470866225,5.0979782126545,5.10151921446486,5.10527448315221,5.10923803615372,5.11346433656856,5.11792663607902,5.12269469168259,5.12772450768668,5.13311001857714,5.13877841846339,5.14485511818134,5.15125828494233,5.15808699359682,5.16533788463709,5.17301895831466,5.18116149449138,5.18975814724506,5.19876742430936,5.20831931249928,5.21838212615067,5.22891266217381,5.23996712168744,5.25151012726294,5.26347651681527,5.27589037976481,5.2886849511852,5.30182183895126,5.31518641078537,5.32874047091233,5.34233800234953,5.3559110614558,5.36925860734433,5.382369734976,5.39500754607358,5.4070556116701,5.41836503143429,5.42879883266005,5.43820490153199,5.44650735043334,5.45356039872845,5.45928997824301,5.46364058193013,5.46655809134992,5.46800605718326,5.46802065835959,5.4665738691322,5.46370183856277,5.45954987968181,5.45408940822931,5.44747076321659,5.43975569279015,5.43104821174975,5.42147499046397,5.41111422836675,5.40013225963456,5.38858130927543,5.37662955021564,5.36433618499382,5.35182631861377,5.33917931213616,5.32649539094669,5.31382724159821,5.30129579848001,5.28891110348563,5.27677499884517,5.26491579770546,5.25337035986689,5.24219006282452,5.23139761347695,5.22099794453332,5.21102346573771,5.20147623565053,5.19235716219452,5.18367722743784,5.17542226032344,5.167591220398,5.16018075617964,5.15316693081452,5.14655034371688,5.14030816627301,5.13440856602393,5.12887357423795,5.12365396472683,5.1187529638406,5.11416023579745,5.1098208193849,5.10573680014703,5.10190022890498,5.09829558754102,5.09491590661222,5.09169306124349,5.08890130878099,5.08594824195093,5.08331490336267,5.08080411227554,5.07841519113298,5.0762771567576,5.07412688204462,5.07217484678438,5.07032006212357,5.06850707284307,5.06694036738366,5.06525422821882,5.06385462185761,5.06233338014355,5.06100005091764,5.05998124146905,5.05857873370887,5.05744714008797,5.0564149284817,5.05537130016207,5.05433915582047,5.05335176570858,5.05236247574014,5.05152399656127,5.05076244380018
5.06402027750082,5.06568649776024,5.06742553494551,5.06926268979155,5.07121403746454,5.07330292964475,5.07546812668717,5.07777122909405,5.08019787352904,5.08277332084084,5.08551449072689,5.08842522269749,5.09153706919974,5.09482411489437,5.09827467833776,5.10196829500168,5.10589428797718,5.11007412271804,5.1145294313657,5.119258003545,5.12430616625577,5.129661743293,5.13539665324436,5.14145897539815,5.14796969331304,5.15490228197227,5.16220811352072,5.17012962877938,5.17832739919201,5.18716803299364,5.19653191779012,5.20643518681245,5.2169132230218,5.22794337307706,5.23954786182916,5.25170304592997,5.26440445565171,5.27762250610353,5.29130940837719,5.30538670211872,5.31980571877196,5.3344671764884,5.34925317296007,5.36405152493603,5.37871373736635,5.39309298249277,5.4069979077384,5.42031401392387,5.43280571660287,5.44436533165702,5.45481726325605,5.46400111790519,5.47182140589714,5.47816412913448,5.48291618416017,5.48609550600442,5.48762965651249,5.48755125267015,5.48588068748783,5.48263375724847,5.47795888699833,5.47185026151814,5.46443669702407,5.45587204605417,5.44622245910129,5.43563238433476,5.4242250241119,5.41218346028647,5.39954839645868,5.38651521473475,5.37312000263246,5.35954478521412,5.3458454713269,5.33216137341988,5.31854611988913,5.30510137868132,5.29187536078133,5.27895472036988,5.26635065320438,5.25414279039828,5.24234260435213,5.2309804192461,5.22009086985346,5.20966044230097,5.19971965230752,5.19026328085636,5.18128368693573,5.17278694755755,5.1647532591872,5.15716325301147,5.15001634966204,5.1432891552583,5.13696656063937,5.1310190728639,5.12544491323787,5.12021374400271,5.11530852244037,5.11071394569515,5.10640172803868,5.10235849451,5.09857056297079,5.09501752530323,5.09168814184503,5.08858262009631,5.08565396658681,5.08289922753952,5.08031509849548,5.07785372322665,5.0756060927577,5.07346391803908,5.07143356474291,5.06955527536026,5.06770736815107,5.06608250418386,5.06448591069539,5.06302776741978,5.06154869764203,5.06020734786653,5.05892838291888,5.05771018911616,5.05655309794765,5.05545226979066,5.05435774489304,5.05340406742725,5.05251944822945,5.05154773786298,5.05073424410148,5.0498431281352,5.04909595555981
5.06151541759453,5.06309919710209,5.06477642500873,5.06655368541159,5.06844012021345,5.07044119828823,5.07253955783413,5.07475468494691,5.07713679299805,5.07960317056867,5.08226259978774,5.08509862652836,5.08816117464574,5.09136809357035,5.09477548724743,5.0983964192989,5.1022534458272,5.10637552114668,5.11078015979808,5.11547849664643,5.12049604324512,5.12585310601302,5.13156010848054,5.13768717182709,5.14418828819357,5.15106940302968,5.1586496051751,5.16657552913474,5.17493203426011,5.18399512449508,5.19365798293099,5.20392236648723,5.21481715527938,5.22635673675153,5.23854300875376,5.25139224225062,5.26486508206853,5.27894959532662,5.29357182155019,5.30871532972526,5.32429773306089,5.34020780110186,5.35633276629246,5.37250913297208,5.38862236271225,5.40441543753725,5.41978372609869,5.43450341531427,5.44838018438208,5.46119916964285,5.472769078303,5.48297284198232,5.49162513338131,5.49861368686372,5.50387676525015,5.50734026141713,5.50898130292446,5.50879945698611,5.50684952450498,5.50314370815836,5.49781606994383,5.49096415350975,5.48267409882347,5.47312804059865,5.46241654546972,5.45070217444146,5.43812768187646,5.42485731233335,5.41100632361467,5.39675790669233,5.38217227074376,5.36741699673672,5.35258982676238,5.33782982219654,5.32316673322058,5.30875757006342,5.29461085910745,5.28082617878111,5.2674544912522,5.25451232047292,5.24206419939992,5.23012569743701,5.21871252603793,5.20783751220555,5.19750352164537,5.18770194278085,5.17843864096259,5.16969021356832,5.1614416978882,5.15369827194959,5.14642410434603,5.1396011288488,5.13321528964076,5.12722764343633,5.12163089554203,5.11639695413335,5.11150591524478,5.10693674658939,5.10266795343706,5.0986731313285,5.0949458731767,5.09146353457194,5.08820345591281,5.08515652844777,5.08230969102554,5.07964021958018,5.07713849945523,5.07478914709388,5.07258979672613,5.07052576795711,5.06858865972357,5.06676265289713,5.0650513982878,5.06343167531683,5.06190503014328,5.06046183240284,5.05909866000944,5.05781143609889,5.05659053974689,5.05544117178241,5.05431437890623,5.05333078473253,5.052354678414,5.05150750684232,5.05053906862609,5.04972668703158,5.0488913910734,5.04810440990856,5.0473644911019
5.05886883524548,5.06039661237019,5.06199354574255,5.06369694083451,5.06551716636101,5.06743602298707,5.0694485488432,5.07159233795659,5.07388023857978,5.07629973804836,5.07907531661745,5.08162592407026,5.08457328138478,5.0877072197427,5.09102251147338,5.09458584709478,5.0983558181062,5.10242049551715,5.10675220596994,5.1114061045244,5.11637007709188,5.12170486408229,5.12738172066322,5.13349354057021,5.14007048079494,5.14708244967789,5.15501321499724,5.16279778934138,5.1714440671828,5.18068769647096,5.19055268852312,5.20109940648086,5.21236368382823,5.22432442556552,5.23705305095126,5.25055073094046,5.26477026014865,5.27970537909492,5.29536039926684,5.31162609918804,5.32842861305656,5.34570812836125,5.3632617324267,5.38099664215699,5.39869330593953,5.41617917060134,5.43317638015106,5.44954242383121,5.46499952801321,5.47922861723028,5.49217728781077,5.50353496924383,5.51316962182968,5.52095780365761,5.52675723363996,5.53051922539076,5.53223173794782,5.53188945870685,5.52960107672824,5.52532303145149,5.51933776802295,5.51156393103963,5.50229426634953,5.49159462915576,5.47968981017323,5.46670015371537,5.45282195282551,5.43819768538433,5.42297060104269,5.40737388756795,5.39145740890119,5.37544044471815,5.35935531734564,5.34340518872015,5.32763969040725,5.31214985589222,5.29703222930393,5.28235385598175,5.26814850207974,5.25447454545351,5.24135820910596,5.228813238876,5.21688175292407,5.20553455980708,5.19480015775575,5.184664805354,5.17510794391022,5.16612926057648,5.15770906673965,5.14981514969962,5.14244219661012,5.13553815068385,5.1291028048545,5.12309802943811,5.11749991240441,5.1122867119556,5.1074282769954,5.10290464089903,5.09869441215076,5.09477176063055,5.09111293888119,5.08770945416143,5.08453525465722,5.08157502029148,5.07881034740277,5.07622486320589,5.07381498770378,5.07155924909847,5.06944689835564,5.0674658542285,5.06561081900052,5.06386956211086,5.06223436938918,5.06069088255823,5.05924119208446,5.05787688353897,5.05658811791242,5.05537210156725,5.05422339995238,5.05314549494447,5.05211381804251,5.05114378765767,5.05022380252004,5.04934663834232,5.04851483709989,5.04772976212529,5.04697470817211,5.04625806302594,5.04558553280293
5.05618927012578,5.0576407464731,5.0591546870697,5.06078651941647,5.06251831815358,5.0643663486676,5.06628240661056,5.06835795792808,5.07056628836811,5.07294702827217,5.07543532197031,5.07795072271101,5.08086046576008,5.08392762262356,5.08716769620898,5.09060931035293,5.09431514958191,5.09826296140868,5.10253336673706,5.10707895739525,5.11200231532192,5.11724685863768,5.12293011444851,5.12900789719561,5.135597422869,5.14259466573185,5.14943407887067,5.15823954510291,5.1669852578064,5.17640767337616,5.18656542807326,5.19742964711095,5.20909254542788,5.22155452860671,5.2348685324156,5.24905390845317,5.26408740927124,5.27999247448243,5.296710685697,5.31418252995614,5.33235006769956,5.3511006615902,5.37031440717514,5.38975912254324,5.40929828590473,5.42862995512111,5.44753650569153,5.46568508070045,5.48294962908154,5.49890217359453,5.51333218199014,5.52601130115678,5.53673867217625,5.54537697941277,5.55174027720553,5.55583503352201,5.55762094434545,5.55710041772347,5.55439799900343,5.54947713196163,5.54258976073071,5.53386042111646,5.52342141750769,5.51140633988736,5.49816646397937,5.48371089855292,5.46836569759618,5.45222003390167,5.43551880962064,5.41839458661346,5.40102291901355,5.38357954239353,5.36616416568498,5.34893097592042,5.33194462826254,5.31534802649881,5.29918438320925,5.28353346465579,5.26847243122161,5.2539912499889,5.24017442367812,5.22701502270051,5.21452711687566,5.20272695366528,5.19160274209347,5.18113666513791,5.17131296710871,5.16211690477862,5.1535320283163,5.14551161430487,5.13804520294209,5.13109802484658,5.12463611456946,5.11863531925204,5.11305708012009,5.10788598575171,5.1030875882006,5.09863165838474,5.09449673460421,5.09066285953274,5.087100238496,5.08379016739299,5.08071500526383,5.07785265913096,5.07518886077121,5.07270991702129,5.07039684675258,5.06823677689473,5.06622230453701,5.06433804041172,5.06257340504845,5.06092030821685,5.05936879416225,5.05791459423892,5.05654846753926,5.05526193939142,5.05405178188913,5.05291039085167,5.05183373000789,5.05081729613343,5.04985518034563,5.04894582822717,5.04808600716454,5.04726799730068,5.04649587318879,5.04576055640695,5.04506205451155,5.04439791658127,5.04376272487895
5.05353064025353,5.05490122315249,5.05634196390259,5.05789655796209,5.05954916526728,5.06128572427205,5.06312112092775,5.06510769602377,5.06722860921518,5.06946043018121,5.07181445524878,5.0742975000261,5.07711302501029,5.08008292464395,5.08317186113496,5.08651208147922,5.09008667778452,5.09394418298415,5.0980778118568,5.102546798471,5.10733191600211,5.11253080248109,5.11808713044949,5.12411918668603,5.13067257298088,5.13770123397714,5.14523142109128,5.1534276984419,5.16225161155237,5.17179276967175,5.18212909636124,5.19323906141584,5.20523289694145,5.2181090020877,5.23193996852629,5.24677170917794,5.26258488907665,5.27943912119242,5.29723090712971,5.3160079608556,5.3356177536679,5.3560005352352,5.37695421453284,5.39831768028975,5.41988346587056,5.44132518514045,5.46238256649263,5.48270107472006,5.50198660380651,5.51981330645337,5.53606736336716,5.55027633661522,5.56227074230505,5.57188928496039,5.57896037018696,5.58340923668352,5.58526321422984,5.58446480942975,5.58121234349753,5.57554448058191,5.56770735005549,5.55774131845599,5.54597672785481,5.53248836141803,5.51767995352908,5.5015606570239,5.4845823421049,5.46676617477902,5.44836611933094,5.42962848831382,5.41062859844959,5.39167147969213,5.37277391325445,5.35414175460807,5.33588385351706,5.31805311970321,5.30079501095579,5.28414003036673,5.26815955276227,5.25289886433642,5.23837415175654,5.22459867397449,5.21159556860675,5.19933551783429,5.18782993986965,5.17704641778579,5.16698359391169,5.15760029912346,5.14888329013243,5.14077040029011,5.13325191243736,5.1262841113393,5.11982747291185,5.11385920817895,5.10834349740625,5.10323405855962,5.09852009672344,5.094164439279,5.09012995564977,5.08639885042754,5.08294997181264,5.07975602404501,5.07679464992311,5.07404600461437,5.07150090206579,5.06913360484678,5.06693325056737,5.06488373585066,5.06297190359182,5.06118858112042,5.05952663313014,5.0579706051123,5.05651549395604,5.05514941446809,5.05386993162145,5.05266632280871,5.05153669795772,5.05047438375683,5.04947126020924,5.04852567423241,5.04763575371643,5.04679315248597,5.04599714136797,5.04524102714298,5.04452444167552,5.04384369494818,5.04319815380813,5.04258357294351,5.04200099574278
5.05090613644415,5.0521962937243,5.053553538517,5.05501984810947,5.05657303231199,5.05819756273196,5.0599369524038,5.06182108836561,5.06382239002676,5.06592472496227,5.06818641417317,5.07061756380985,5.07326214295624,5.07598551061702,5.07898455768485,5.08219907971009,5.08565068287605,5.0893756401639,5.09337325467025,5.09769442721274,5.10236316533345,5.10741269556546,5.11285129271634,5.11890849814097,5.12522413694693,5.13228591496354,5.13940830300037,5.14775128793234,5.1565999274216,5.16621429633332,5.17666139740926,5.18796694661397,5.20023523237283,5.21350336749689,5.22784214246174,5.24332948345856,5.25993937284582,5.277736561027,5.29674907577344,5.31687171367548,5.33806973001405,5.36019120806165,5.38315210075507,5.40670509271747,5.43058945863079,5.45450863711465,5.47801045610236,5.50088031276639,5.52250226444773,5.54261711270049,5.56084696319796,5.57685606190019,5.59029476452338,5.60097720025043,5.60876135763353,5.61356290950358,5.6154091205224,5.61430570707149,5.61041872891664,5.60384504766389,5.59477519601353,5.58348365388125,5.57010333874726,5.5549836314969,5.53835851364065,5.52044235000682,5.50154384225512,5.48180802330006,5.461600244284,5.44097951982843,5.42026045084321,5.39956735162805,5.37908290014263,5.35894289675769,5.33927376805751,5.32018637129091,5.30175317119761,5.28403793307765,5.26713517888185,5.2510151225285,5.23576100263346,5.22136077146967,5.20780929963459,5.19511409282915,5.1832503612612,5.17219299835169,5.1619305209662,5.15238360075025,5.14356464399789,5.1354006854776,5.12786688439937,5.12092188056291,5.11451825866971,5.10861947299599,5.10319711712822,5.09820743569938,5.09360450985557,5.08937450078144,5.08548092957128,5.08189102563466,5.07858326415264,5.07552515828725,5.07270917104356,5.07010287898012,5.06769209709737,5.06545310788653,5.06338004580789,5.06145542094463,5.05966892114905,5.05800415697556,5.05645182674963,5.05500590546967,5.05365215115649,5.05239044284258,5.05120601011995,5.05009659950196,5.04905488432537,5.04807588796276,5.04715217214327,5.04628571153792,5.04546848795954,5.04469648745284,5.04396433886512,5.04327438524018,5.04262001259793,5.04199964944011,5.04141096385605,5.04085097980724,5.04031913583928
5.04823662556057,5.04942866975731,5.05068460505668,5.05205073713036,5.05348770906983,5.05501210297809,5.0566221787602,5.05839836249371,5.06025599028275,5.06224725282668,5.06436231722818,5.06664404200229,5.06911156688906,5.07167857135854,5.07456076328245,5.07760359644479,5.08092993478014,5.08445391070907,5.08831940123822,5.09244526492378,5.09695164625268,5.1018197562285,5.10715574115997,5.11288996718593,5.11904711712727,5.12597641679005,5.13309696834511,5.14140655769496,5.15025699082101,5.1598756667682,5.17039264863141,5.18184745307013,5.19434642534308,5.20796257829021,5.22275226481962,5.23883552377143,5.2561907931827,5.27494010627385,5.29510451724466,5.31665703905275,5.3394886345285,5.36357930855231,5.38871158894921,5.41463896368866,5.4411605594204,5.46777713856468,5.49416488863952,5.51984389649361,5.54433179187077,5.56703362006099,5.58765179046899,5.60567272952393,5.62077097400399,5.6327403808154,5.64141693362633,5.64655777738465,5.64838231380423,5.64684651875757,5.64214003868332,5.63441715215007,5.6239433001131,5.6110337425288,5.59582856744316,5.57881301911785,5.56013572639753,5.54013919946186,5.51910964211563,5.49728031316262,5.4749572079105,5.45235949897311,5.42969161877552,5.40717004574724,5.38494105874485,5.36317431844867,5.34203629369043,5.32154471793713,5.30188669902984,5.28306940077692,5.26516042766683,5.24820610734084,5.23221538768145,5.21719962907015,5.20313769712707,5.19001793048309,5.17784511141952,5.16652714980926,5.15607978572244,5.14642845369305,5.13754078607562,5.12937577896535,5.12185631575635,5.11496943321106,5.10866197318722,5.10287827891565,5.0975739718204,5.09272854071922,5.08828414568361,5.08420989220791,5.08047798429359,5.07704872951038,5.07391010269054,5.07101851213909,5.06836060000025,5.06590718968983,5.06365136171013,5.061565900002,5.05963884491637,5.05785461052834,5.05619855725736,5.05466593529881,5.05323994472763,5.05191397428677,5.0506766956351,5.04952218960396,5.04844404424848,5.04743354341004,5.04648908726332,5.04559984151684,5.04477101865604,5.04398554885812,5.04324918735604,5.04255219264389,5.04189561205379,5.04127495533968,5.04068720992337,5.04013030196384,5.03960271691745,5.03910113531013,5.03862583654199
5.04540685934555,5.04647436628928,5.04763692479306,5.04889706550058,5.0502260524278,5.05161082069627,5.05311647696194,5.05474798175544,5.05647697984814,5.05832335714958,5.06026959421713,5.06241259851415,5.06469305855378,5.06712637588701,5.06981670806979,5.07268304967947,5.07579262724822,5.07915637759277,5.08278017070784,5.08676263805235,5.09101614234812,5.09571446368484,5.10077575801042,5.10633195594439,5.11245210693429,5.11902815422605,5.1263182874201,5.13425775215595,5.1429969920965,5.1525399355709,5.16300127621437,5.1744818145938,5.18709418722606,5.20093585984698,5.21608378398051,5.23267114784582,5.2507597190248,5.27046188958341,5.2918116166816,5.31483043809442,5.33949994721319,5.36568239527414,5.39320273562447,5.42190498581667,5.45139287608982,5.48130654039724,5.51102326593016,5.54013907008483,5.56790493091286,5.59373185710053,5.6171040943168,5.63754253846461,5.65464877131106,5.66800856629769,5.67751491182133,5.68303859104037,5.68467959658872,5.68256789394906,5.67681854560873,5.66781359315874,5.65569619495233,5.64086049682756,5.62355596463571,5.60431141529569,5.58328278625347,5.56085983429661,5.53745571372156,5.51320418788853,5.48861636720841,5.46372713131985,5.43894248330664,5.41434129334225,5.39023563352251,5.36669354094688,5.34391451034439,5.32199120045061,5.30101870140028,5.28104534112391,5.26215149399672,5.24431095836244,5.22758371388181,5.21192678146312,5.19737677534881,5.18387040142619,5.17139484012426,5.15987380092798,5.14929445409473,5.13959010199411,5.13067752755312,5.12254288070159,5.11512465208006,5.10834467293176,5.10217348491546,5.09655764346905,5.09143080975084,5.08676078188352,5.08251114755614,5.07863449354226,5.07510422251951,5.07187047388341,5.0689221631424,5.06621445496743,5.06374642819388,5.06147399690136,5.05938934720423,5.05746769504412,5.0557029420202,5.05407419134738,5.05256850835732,5.05117584587552,5.04988327796326,5.04868397640608,5.04757052763524,5.04653324843252,5.04556946967087,5.04466350547258,5.0438222151337,5.04303195903446,5.04229771675805,5.04159803425394,5.04094179791465,5.04032772900807,5.03974576465077,5.03919907617661,5.03868124756785,5.03819224823042,5.03772831224654,5.03728848206628,5.03687136912593
5.04238553233564,5.04336545502606,5.04442002949357,5.04554554548043,5.04675892348145,5.04801536569301,5.04939728064943,5.05088502811211,5.05245557478514,5.05414769651268,5.05594146141828,5.05791345517718,5.05999561554292,5.06229605704742,5.06474399097011,5.0674671470332,5.07034020949626,5.07348563663941,5.07689909775503,5.08061541249644,5.08469508365324,5.08910353103908,5.09395296312784,5.09924364661111,5.10508688155473,5.11141408558602,5.11843554500484,5.12608393866311,5.13461187771668,5.14406049764031,5.15445610289638,5.1659502551267,5.17862990345993,5.19267152042059,5.20812191005856,5.22518956744172,5.24394060411834,5.26452190641903,5.28705223453383,5.31156000486604,5.3380477264587,5.36649042842197,5.39677649115509,5.42849481726183,5.46143250407209,5.49501051038049,5.52862860488579,5.56171625635962,5.59336930001471,5.62291390821217,5.649682024065,5.67288953407348,5.69209857814857,5.7071568488243,5.71763132434599,5.72352062150047,5.72488521359733,5.72201044498973,5.71502770533613,5.70431850341358,5.69016324161045,5.67315997701114,5.6533514739723,5.63155831537739,5.60783116252093,5.58275091653748,5.55661051741148,5.52968168239447,5.50248358191394,5.47513236578072,5.44795477730706,5.42117650725254,5.39499283186118,5.36955486033419,5.34508504134081,5.32157494239137,5.2992217276534,5.2780290428186,5.25805089950583,5.23932922154367,5.22183311794847,5.20558638744818,5.19056726933688,5.17668086736606,5.16393471009105,5.15225460477344,5.14158612547371,5.13184843087309,5.12297841457233,5.11492534838783,5.10763727575731,5.10103216869841,5.09503446416083,5.08960941702414,5.08470754107676,5.08026594006949,5.07624417351476,5.07259251995423,5.06928480489871,5.06627914794268,5.06354991028523,5.06106070882613,5.05879134669693,5.05671922572817,5.05482962146476,5.05309550964091,5.05150406187695,5.05004361913877,5.04869604060099,5.04745949249138,5.04631489835516,5.04525745904909,5.04427646317191,5.0433664105796,5.04251941387545,5.0417305123182,5.04099588922929,5.04031107559674,5.03966649209239,5.03906742074977,5.03850222077451,5.03797373689983,5.03747361858948,5.03700388573272,5.0365606049756,5.03614067492905,5.03574515970016,5.03536748459979,5.03501228798863
5.0392625960568,5.04012475267838,5.04105989255186,5.0420839455929,5.04314336153338,5.04428885531687,5.04551169360023,5.04686843137869,5.04827865179485,5.049813589843,5.05142824774034,5.05321541360505,5.05511808430228,5.0572003388636,5.05947083130987,5.06205923959217,5.06465219239432,5.06751650022079,5.07069465532082,5.07414723672404,5.0779647450791,5.08208663085859,5.08663788633705,5.0916519623005,5.09718692070974,5.10310656430996,5.11008760202702,5.11743077376796,5.12567099296178,5.13485130060348,5.14502254935579,5.1563389576723,5.16891059499546,5.18294996726646,5.19854895408548,5.21592889037574,5.23520198746743,5.2565864928707,5.2802720085211,5.30624794748969,5.33467528258818,5.36561019794068,5.3987475648848,5.4339317867092,5.4707206610931,5.508667632733,5.54697769995968,5.58475538343007,5.62121181286997,5.65501644628614,5.68587916652253,5.71230839874826,5.73414517244227,5.75095652689268,5.76243374685913,5.76859511398942,5.76946685074764,5.76553439045782,5.75695202723299,5.74429541487783,5.72780643182747,5.70806436872994,5.68547449371459,5.6607268927889,5.63389280352408,5.60575731600503,5.57657902997389,5.54666658569456,5.51659187007972,5.48644755920832,5.45672385508705,5.42745317904345,5.39906516505984,5.37157722908621,5.34522142551369,5.32009761720548,5.29626052606285,5.27382244486716,5.25280612457373,5.23314377455086,5.2149615979262,5.19811258397367,5.1826493231897,5.16844432204812,5.15548000701605,5.14370864579161,5.13297267219721,5.1232755609232,5.11453432538156,5.10664697468144,5.09952462344791,5.09313191489032,5.08738124272282,5.08220727248475,5.07756058634439,5.07337306562201,5.06962130887717,5.06623362171757,5.06317961464769,5.06041853753473,5.05792593259204,5.05567070072517,5.05362703460796,5.05176986523114,5.05007633771793,5.04853757118582,5.04713360947493,5.04584950757199,5.04467219438382,5.04359184639212,5.04259690926777,5.04168180276237,5.04083406991665,5.04005360481381,5.03933038227932,5.03865833089266,5.03803651176817,5.03745392030078,5.03691350403264,5.03640504261152,5.03593205169745,5.03548618486622,5.03506930759201,5.03467646112309,5.03430672344471,5.03395878504556,5.0336300362627,5.03331974951922,5.0330254222127
5.03608699529534,5.036835087383,5.03766405459378,5.03855400233886,5.03949982823107,5.04050251801116,5.04159110524171,5.0427933415439,5.04403281867016,5.04539547273669,5.04685877797692,5.04844163180414,5.05015913079606,5.05197942050044,5.05416890984593,5.05633431107674,5.05873873502155,5.0614005472795,5.06427616190909,5.06744992607135,5.07092299825321,5.07471653908334,5.07900071991072,5.08371612578167,5.08890466129696,5.09448663952397,5.10080505784004,5.10786860840065,5.1157366123529,5.12457914349494,5.13443109133518,5.14548400326708,5.15785355625485,5.17176159401641,5.1873778148363,5.20491272133889,5.22462225540114,5.24660738373993,5.27129741767016,5.29865299666576,5.32897536640585,5.36235352364899,5.39869307746545,5.43770677391544,5.47905277524879,5.52204461376423,5.56571637347475,5.60924420764299,5.65121622875817,5.69044822563097,5.72586802693619,5.75642259314942,5.78118087719331,5.80009888068205,5.81246245132892,5.81879544278935,5.8189672764184,5.81366284675804,5.80313209505904,5.78795045713572,5.76861057142677,5.74580469937918,5.71999871326542,5.69163958101667,5.66141186715438,5.62977966858548,5.59705805550903,5.56392505840367,5.53058750111715,5.4974343456113,5.46484196956424,5.43299211663936,5.40215090893365,5.3725047832387,5.3442276767181,5.31735777709197,5.29205174303768,5.2683219012041,5.24616964770478,5.22564953863151,5.20674907454732,5.18936360576319,5.17348743129329,5.15904893895949,5.14594011943734,5.13408290629069,5.12343123962472,5.11386254800391,5.1053016384672,5.0976364127469,5.09078002342432,5.08466154017453,5.0792096529784,5.07434930306728,5.07002389835,5.06615520881944,5.06269954810719,5.05960364535764,5.05684577370378,5.05436906170244,5.05214419843959,5.05014197109718,5.04834164716931,5.04671755378058,5.04525114030046,5.04391766184028,5.04271151693727,5.04161052258842,5.04060922606738,5.03969448432814,5.03885854821704,5.03808864478349,5.03738611925775,5.0367365667376,5.0361418215663,5.03558661377024,5.03507427306516,5.03459690389543,5.0341547615916,5.0337422565366,5.03335789871005,5.03299913134671,5.03266258874718,5.03234823541999,5.03205014886039,5.03177326832025,5.03150901842348,5.03126174191127,5.03102647796111
5.03293947835179,5.03358535596566,5.03428899263086,5.03505659419239,5.03584325844425,5.03671622629172,5.03768142338332,5.03870344286821,5.0397878480608,5.04096782314097,5.04222712983726,5.04361807270122,5.04513776050473,5.04687018775861,5.0486569275653,5.05047284315274,5.05272895791241,5.05510229813594,5.05767891077843,5.06051647053176,5.06362649718746,5.06713588538595,5.07093777022346,5.07531387433117,5.0801973136764,5.08540820216205,5.09117722369615,5.09775076699949,5.1051067323963,5.11342271724313,5.12278828851575,5.13335968329581,5.14532196895503,5.15887020459625,5.17420269558775,5.19164536229947,5.21147796524656,5.23390063595312,5.25934941396518,5.28798076459119,5.32016888861121,5.356102709959,5.39581111293798,5.43913744519124,5.48554279873475,5.53434847522653,5.58474623096571,5.6350699638037,5.68404355700515,5.72977477794069,5.77093348460935,5.80589515311695,5.83428345672627,5.85540623462463,5.86876469802596,5.8749663315693,5.87404313847549,5.866782953538,5.85373642909233,5.83543042032018,5.81288422723546,5.78635485829482,5.75662784675735,5.72443643505094,5.69018033654852,5.65464063226565,5.61810382364309,5.58119669337329,5.54434189618126,5.50786009504152,5.47217349033865,5.43743965819723,5.40404471043866,5.37206223899454,5.34168527791627,5.31305131873335,5.28615917733969,5.26110805090616,5.23794000986444,5.21654767000229,5.19698321350448,5.17911765740123,5.16291064931269,5.14829246803751,5.13516063409836,5.12334648773433,5.11286854908768,5.10353198939707,5.09519444296543,5.08783031083766,5.08134548739627,5.0755930980648,5.07051843723752,5.06603261727924,5.06207264268711,5.0585634349886,5.05547044851709,5.05272552515142,5.0502863540025,5.0481192386616,5.04620007543583,5.04448318647657,5.04294932651585,5.0415756158501,5.04034303293412,5.03923899694548,5.03824319973371,5.03734610854166,5.03653074145843,5.03579448623704,5.03511892134509,5.0345087865259,5.03394991616012,5.03344344037986,5.03297267037703,5.03254110239732,5.03214457211969,5.03177886990316,5.0314400830665,5.03112613676291,5.0308329108544,5.03056212208435,5.03030659722957,5.03007039826661,5.02984704249422,5.02963907889743,5.02944317626289,5.02925873973388,5.02908588253561
5.02982494030147,5.03035755857499,5.03093445292682,5.03155938030553,5.03220699856103,5.03293482971815,5.03372797738428,5.03455988117732,5.03548054421235,5.03644166150831,5.0375415703158,5.0387155186722,5.0399957140382,5.04137718678061,5.04288830863654,5.0445500064156,5.04644242040775,5.04847849012798,5.05076207089192,5.05320553304872,5.05597811352116,5.05905949330893,5.06247351190186,5.06629294712822,5.07055311355467,5.07472898793587,5.08046717797844,5.08648618721283,5.09328451195589,5.10100532898265,5.10976748752306,5.11974038499188,5.13111289997832,5.14411647372883,5.15904193086351,5.1760638906802,5.19577139327235,5.2183089629902,5.24423172955663,5.27389637799445,5.30767746787114,5.3460528629903,5.38924117753911,5.43706437208052,5.48941361068762,5.54549955135373,5.60356891068846,5.66243261206435,5.71994766067638,5.77366761787035,5.82194098144153,5.86274634576183,5.89494490218133,5.91835835195788,5.93250016020773,5.93807263159426,5.9355401287987,5.92573844664686,5.90962029827996,5.88762998135495,5.86092927591581,5.83000664261767,5.79591167894359,5.7591216090791,5.72036011472463,5.68026607283044,5.63934383678653,5.59836747603772,5.5575460008829,5.51735690526152,5.47825741018016,5.4404869612834,5.40423176323171,5.36978013431046,5.33728153961648,5.30676705553974,5.27832911122347,5.25195356848686,5.22775172363604,5.20553642641027,5.18535367029915,5.16712160951186,5.15067018275876,5.13597387489681,5.12290771736133,5.11131922255833,5.10104974458974,5.09202075552548,5.08411771587437,5.07718768543268,5.07112149147877,5.0658212804484,5.06122080469047,5.05717817284139,5.05365868542725,5.05057624367778,5.0478847364903,5.04553030532522,5.04347075334574,5.04165922207746,5.04005964695272,5.03865703110429,5.03741791188097,5.03632430423415,5.03535151651591,5.0344886568817,5.03371821153302,5.03303192262609,5.03241531494621,5.03185821256779,5.03136734124445,5.03092177046724,5.03051768887863,5.03015060139036,5.02981863781342,5.02951546964794,5.02923978527403,5.02898575341562,5.02875447634215,5.02853931641963,5.02834269671358,5.02815979630631,5.02799215238089,5.02783589112221,5.02769063067034,5.02755460128509,5.02742809515969,5.02730848704254,5.02719675524265
5.02662745332205,5.02702974674402,5.02748685169128,5.02796679182849,5.02846099728083,5.02903851243455,5.02965685892399,5.0303114098963,5.03104837194314,5.03180628108433,5.03269750703851,5.03363289503892,5.03464283379664,5.03577833224614,5.03704932537425,5.03842547925404,5.04001309943691,5.04169546236268,5.04358005757268,5.04568266309759,5.04800450238602,5.0506412081599,5.0535394571577,5.05688058499709,5.06056208949005,5.06456311572277,5.06937595586979,5.07471275708339,5.08075072103688,5.08767275065969,5.09559634516565,5.10470009170411,5.11526131483266,5.12733967801948,5.14152108740157,5.15783514262113,5.17698268140336,5.1992257793722,5.22521360853737,5.25547888154409,5.29056611085628,5.33130556896571,5.37791429713941,5.43072434678986,5.48955676024891,5.55386810101955,5.6216136745345,5.69118993875835,5.75944584224409,5.8235692522263,5.88036721007482,5.92817130412674,5.9647170325656,5.99041901375799,6.0051075001317,6.00947315199033,6.00458840116785,5.99135595742898,5.97119546447236,5.94466767150434,5.91325723467224,5.87724566636216,5.83794496900376,5.79604892964167,5.75199059132228,5.706868399967,5.66109115786838,5.61532002746583,5.57013764040215,5.52592068016488,5.48313808375963,5.44198008512213,5.40280729586723,5.3657315723082,5.3309062058295,5.29840959594152,5.26837253948051,5.24066934928872,5.21537362121622,5.19244232502449,5.17169062533177,5.15310313012627,5.13659684789657,5.12194380459001,5.10902938728076,5.09774954561142,5.08789800310547,5.07932652395705,5.07192780948814,5.06552277894393,5.06002406514905,5.05526528042172,5.05120904759478,5.04768231097897,5.04467958022057,5.04209310944987,5.03987092693457,5.03795348671949,5.03630154334669,5.0348824603251,5.03365701768854,5.03259344729339,5.03167498218925,5.03087338511216,5.03018193145494,5.02957402816185,5.02905100747145,5.02858928356218,5.02818315154803,5.02783442489236,5.02752828746848,5.02725086627902,5.02700859789294,5.02679482942745,5.02660485354046,5.02643573853278,5.02628513927643,5.02615105130889,5.02603210981207,5.02592418559493,5.02582783105136,5.02574015445666,5.0256607071511,5.02558876829464,5.02552184619938,5.02546293417899,5.02540620473148,5.02535657946026,5.02530837262942
5.02336117472304,5.02363350632227,5.0239529668848,5.02429661759324,5.02464350895963,5.02505579350672,5.02551452978407,5.02599247963417,5.02651441973329,5.02707104502863,5.02774169093151,5.02845137675173,5.02920112543776,5.03008444706888,5.03105553899761,5.03213072948573,5.03336651890796,5.03472163684355,5.03619209894463,5.03788208063269,5.03974492567788,5.0418445103164,5.04426192978628,5.04716822770603,5.04977257963432,5.05344551770056,5.05738085131039,5.06194692730301,5.06718157998488,5.07321440689795,5.08022626828005,5.0882977313527,5.09778764214616,5.1088743321948,5.12185246804742,5.13713111449824,5.15519000612981,5.17665192695011,5.20204983202496,5.23235729183761,5.26814617165823,5.31055085808603,5.36038466049418,5.41813365602974,5.48434176075891,5.5582916838693,5.63827243440021,5.72127177936716,5.80374083987916,5.88048278974957,5.94847455523517,6.00442341834691,6.0461661358307,6.07385827927965,6.08811754155317,6.09011774624322,6.08164735927826,6.06402931259573,6.03888885855569,6.00710026680664,5.96988076975753,5.92803423818575,5.88287029389675,5.83470034997241,5.78501992625685,5.7341453889306,5.68275481994473,5.63198261365347,5.58191168375719,5.53328065235524,5.48642408516481,5.44173693150251,5.39929058658942,5.35946446010173,5.3222700688002,5.28778932825454,5.25610374581906,5.22712535129053,5.20081275832414,5.17712194468182,5.15600294701103,5.13719255917319,5.12068204641121,5.10622312158418,5.09363674424809,5.08276617751567,5.0734538441573,5.06548103402556,5.05871100264624,5.05294291729595,5.04807946598813,5.04397748507042,5.04052424625461,5.03763878296528,5.03519820277176,5.03314564176806,5.03144312672337,5.03000588777942,5.0288060778915,5.02779872265181,5.02695879988446,5.0262595663191,5.02567887780243,5.02519800406999,5.02479640240138,5.0244661431533,5.02419263798876,5.02396337907108,5.0237764204463,5.0236387545602,5.02351426291412,5.02342017009535,5.02334569867967,5.02329104131323,5.02324981916013,5.02322199323917,5.02320095817701,5.02319085592852,5.02318524278747,5.0231868602348,5.02319221246863,5.02320161000047,5.02321400798804,5.02322956492912,5.02324663844804,5.02326618028293,5.02328485591069,5.02330518400428,5.02332511862112
5.02009213586586,5.0202498166264,5.02043684964235,5.02062246031715,5.02081431958392,5.02106231388416,5.02136389764312,5.0216250728958,5.02197900057912,5.0223236591434,5.02274890079288,5.0232079944585,5.02371197101285,5.02430070005183,5.02498861383624,5.02573151153607,5.0266353322884,5.02761409761296,5.02867658056509,5.02990218865425,5.03124031448988,5.03289996773052,5.03475924998414,5.03680544645533,5.03913280378649,5.04189066778305,5.04510667371934,5.04878518659493,5.0530399488848,5.05800942455813,5.06384802102045,5.07066905722074,5.0787366437955,5.08841912303002,5.09986586689077,5.11356791358916,5.12998964787618,5.14997549873644,5.17405956775978,5.20348306988461,5.23905822351033,5.28238205207232,5.3346205559858,5.3973261648188,5.47122312535494,5.55669620886142,5.65143493216197,5.75189337191448,5.85256521027615,5.94712370575776,6.02885586907309,6.09478048681312,6.14178673942463,6.17052349227871,6.18313280567204,6.18131269883658,6.16788914983742,6.1444476344124,6.11302761351771,6.07477933403271,6.03081905916203,5.98236692615224,5.93022542886899,5.87536465436897,5.81902079177791,5.7615305141998,5.70428286121602,5.64762688054317,5.59224408086979,5.53876970623595,5.48758217965131,5.43903355690279,5.39333155203426,5.35057844297462,5.31099834943311,5.2744789379649,5.24118655744786,5.21100292370865,5.18373335773736,5.15945618359988,5.13801751443506,5.11921895686729,5.10281443467077,5.08868815557604,5.07665245664694,5.06640789357439,5.05779577322022,5.05057269890651,5.04457056138197,5.03960646653344,5.03553893348769,5.03218637776409,5.02944303747476,5.02721577165011,5.02542592318527,5.02397984068329,5.02281459694183,5.0218939375126,5.02117372968653,5.02061637783917,5.02018440572173,5.01986748351514,5.01962638563785,5.01947053970373,5.01936137813335,5.0193066207011,5.01928229459931,5.01929532108314,5.01933209331132,5.01938824355462,5.01945720214492,5.01954216142998,5.01963198948388,5.01973482059007,5.01983765542388,5.01994311527643,5.0200494260272,5.02015820579348,5.02026637037136,5.02037482339707,5.02048259248208,5.02058554405335,5.02068974948054,5.02078740188318,5.02088706204223,5.02097935493063,5.02107238436695,5.02116030731132,5.02124568674102
5.01685355464966,5.01687539922878,5.01692884413351,5.0169510444368,5.01699736293563,5.01709226189111,5.01719152923307,5.01728750670132,5.01740254988223,5.01755081475427,5.01776645088253,5.017963994846,5.01812192073725,5.0184759658522,5.01887509633725,5.01919140768287,5.01981748142221,5.02034281500526,5.02104833243204,5.02173918297555,5.02265254765498,5.02370215900295,5.02494109161209,5.02636606346341,5.02775216380012,5.0299602145324,5.03211135207339,5.03479828261363,5.03801911226328,5.04179152698003,5.0463478399249,5.05182162787562,5.05833673853689,5.06611035319469,5.07571983248039,5.08730872417501,5.10161764969407,5.11927866852743,5.14107069169131,5.16836342789141,5.20244017541128,5.24520948090036,5.29865352928673,5.36507797561393,5.44676914345311,5.54483180305939,5.65772075007588,5.78165304460393,5.90821793968131,6.02638798918459,6.12624546120161,6.20390716482087,6.25592162858508,6.28417329309556,6.29253798235816,6.2844111835875,6.26370720149675,6.23279076156235,6.19380292736099,6.14803785758656,6.09643323822988,6.04020266949753,5.98033179675455,5.91760043666549,5.85374317141402,5.78911071719182,5.72481655906122,5.66177275862524,5.60067622444734,5.541976969223,5.48614394912628,5.43343045144008,5.38436265251961,5.3386260207214,5.29654353228594,5.25814614592383,5.22314007305947,5.19171401009876,5.16377111366865,5.13905708359569,5.11743232844096,5.09873978546513,5.08277229465763,5.06922566699069,5.05789479524516,5.04848372710627,5.04081376050747,5.0345554681135,5.0295366687473,5.02550377667311,5.02232514230973,5.01985454358648,5.01794742138119,5.01649297815339,5.01539886887826,5.01461905680125,5.01407905775923,5.0137147675632,5.01351032301556,5.01341773810393,5.01341917857877,5.01349405775925,5.01362298995723,5.01379648822276,5.01399882851775,5.01422390839076,5.0144664828973,5.01472279274811,5.01497820983725,5.0152442746961,5.0155062008562,5.01576937262558,5.01602667992867,5.0162772269914,5.01652345984613,5.01676558142936,5.01699707076484,5.01722535937134,5.01744254514186,5.01765403150064,5.01785682490983,5.01805206358198,5.01824131406748,5.01842077895782,5.01859634236599,5.01876362863274,5.01892432236468,5.01907928576389,5.01922560311681
5.01360796230602,5.01348627066576,5.01340373492844,5.01329100444817,5.01317215104892,5.01309780847352,5.01300857308343,5.01290961834187,5.01283107640643,5.01276948085723,5.01270576348627,5.01272826155908,5.01267022040591,5.0126334973187,5.01264336107396,5.01269558637896,5.01298895080325,5.01314675536854,5.01328134376178,5.01355073121209,5.01386336242552,5.01442417195706,5.01502715607045,5.01571338464773,5.01640107585947,5.01762500975562,5.01895027059603,5.02059603264292,5.0226373021928,5.02508685086657,5.02813340960329,5.03188501581665,5.03652079842102,5.04224397281921,5.04934665329479,5.05842165066537,5.06983619041818,5.08420879427133,5.102634472743,5.1262597616206,5.15693314624051,5.1970251734381,5.2493771555977,5.3173205904027,5.40561031164762,5.51731618828973,5.65315914806894,5.80921857204826,5.97114777324308,6.12358856637273,6.24915359387575,6.33906368515849,6.39374512912715,6.41756611765408,6.41790998305607,6.40020171168488,6.36962275795792,6.32945833964218,6.28143702774878,6.22694102240801,6.16658593565787,6.10176711704961,6.0330799519789,5.96183828102594,5.88911771501903,5.81615370911984,5.74423441193244,5.67412670621433,5.60647717748925,5.54220527047371,5.48136922620591,5.42454359918545,5.37170141847785,5.32302726762882,5.2783846098877,5.23783284903699,5.20156037435915,5.16904235939259,5.14041974003583,5.11547194643063,5.09392113417364,5.07556306565387,5.06022430607802,5.04749769731716,5.03720595429513,5.02892254541098,5.02238102335629,5.01729321473052,5.01345628007533,5.01057386627969,5.00847712225695,5.00699648440941,5.00602921113602,5.00543910727103,5.00515195647824,5.00508444615769,5.00519862109867,5.00543974359099,5.0057846546567,5.00619877409441,5.00666041374776,5.0071527276159,5.00766546716901,5.00817762020087,5.00869620175541,5.00922239225999,5.00973128157556,5.0102342445118,5.0107228174238,5.0111965350498,5.01165575379864,5.01209941725972,5.01252242945209,5.01293414229633,5.01332236501403,5.01370154321108,5.01405896923879,5.0144046570722,5.01473313623605,5.01504835415746,5.01535078220639,5.01563779133786,5.01591492547571,5.01617683701773,5.01642923358663,5.01666893717675,5.01689841890721,5.01711577733558,5.01732579165438
5.01037193799865,5.01012413535731,5.00989339308836,5.00960451945907,5.00934500150347,5.0090987402507,5.00883368262118,5.00853494341996,5.00822961822572,5.0079689466104,5.00766949125373,5.00740061007639,5.00706777308135,5.00664312333595,5.00646908431418,5.00637987803124,5.0057800744854,5.00567905048795,5.00542150643498,5.00517560130307,5.00494630623045,5.00488569290749,5.00505857126716,5.00502532838773,5.00476431526334,5.00493912216201,5.00524810916723,5.00575536636859,5.00646098594674,5.00748606755043,5.00886834079716,5.01078603854091,5.01340800667909,5.01672294565715,5.02108231211847,5.02707303913227,5.03480993577071,5.04511411148156,5.05896423049412,5.07750391803264,5.10262394779595,5.13678797377352,5.18461235534456,5.24996321469901,5.34077967193002,5.46468256938482,5.62652475350467,5.825345367496,6.04412856362836,6.24962016344496,6.40854685013551,6.51095703086157,6.56108688209415,6.57426410160931,6.55985284485917,6.52801182030303,6.4846089118611,6.43291967413683,6.37446412605325,6.31067972680319,6.2408708807254,6.16662434750561,6.08811751262662,6.00689774495997,5.92460917646979,5.84222674328986,5.76169309672409,5.68379551869146,5.60927557196977,5.53882623002963,5.47290340079506,5.41151341430403,5.3549975814454,5.30322353965941,5.25606971334426,5.21373169315823,5.17590113724899,5.14265808591839,5.11342529586184,5.08831006058875,5.06706355568509,5.04936521175704,5.03493128910175,5.02335177969443,5.01434008918395,5.00746904297894,5.00242131198605,4.99881349392093,4.99633901807433,4.99476162864183,4.99393067120033,4.993606275073,4.99366221387688,4.9940325234273,4.99460859095625,4.99534594632216,4.9961635071676,4.99706033051322,4.99797569345841,4.99892002646207,4.9998504950457,5.00076961145257,5.00167259044653,5.00255753024907,5.0034074116881,5.00422942902962,5.0050131183739,5.0057711227772,5.00648938188432,5.00718503070747,5.0078414527093,5.0084677139423,5.00906346000538,5.00963121257407,5.01017133865989,5.01068540594755,5.01117637056279,5.01164138637229,5.01208606282555,5.01250666917329,5.01290908084479,5.01328988078378,5.01365464608111,5.01400010033246,5.01433025849872,5.01464422454184,5.01494480704983,5.01522944350112,5.01550292945103
5.00710207167788,5.00671423756964,5.00634878756997,5.00590552702507,5.00548500337892,5.00506647289158,5.00458360463163,5.00412445904578,5.00360850560076,5.00310358237412,5.00256663573161,5.0020181805992,5.00136235308057,5.00075131260805,5.00022530808073,4.99958178636038,4.99879221345994,4.9981243202929,4.99737956782015,4.9967193276948,4.99594667125466,4.99539359061012,4.9944803460693,4.9936309086611,4.99332752862849,4.99210909931457,4.9914107500065,4.99077744679595,4.99019951005804,4.98969563811292,4.9894231056937,4.98936354643305,4.98959384372256,4.990375767104,4.99167512078807,4.99399711889009,4.99755690135407,5.00286295679347,5.01063445100438,5.02229590081294,5.03908821090702,5.0638527004791,5.10138528297481,5.15736147495414,5.24281514780171,5.37139460029123,5.56003235108243,5.82088096607101,6.13184126492262,6.42287947148871,6.6295288375201,6.73637472029519,6.77157827866414,6.7625554779001,6.721810635657,6.66939020227977,6.60950494331869,6.54627029134962,6.47612296761433,6.40161964740839,6.32225149358431,6.23722734463297,6.14724235504861,6.05402248723687,5.95955280581837,5.86615653804396,5.77597986540327,5.68938733666377,5.60739697500692,5.53051959393809,5.45936689327019,5.39360331430096,5.33321040420676,5.27853842564662,5.22924923579994,5.18524033328163,5.14616151423233,5.11194180604395,5.08250094634974,5.0574659327212,5.03673606211971,5.01992565974742,5.00677317650707,4.99671055459513,4.9894130409223,4.9842877277119,4.98101493151584,4.9791142475338,4.97831196268893,4.97828302148763,4.97879651126088,4.97974877471027,4.98096930424175,4.98237079522882,4.9838766659508,4.98543326634097,4.9869926904071,4.98855304951286,4.99006985970996,4.99154584676673,4.99296950844051,4.99433177233747,4.99563680450525,4.99688512035298,4.99805983740256,4.99919010850241,5.00025399994964,5.00126883558651,5.00222581285958,5.00312891235044,5.00398608681884,5.00479848882704,5.00556838068386,5.00629683235813,5.00698725550206,5.00764065984257,5.008260754465,5.00884808457669,5.00940562218931,5.00993491198136,5.01043648493016,5.01091479343202,5.01136826438561,5.01179865818427,5.01220985186249,5.01259872844301,5.01297310469584,5.0133272743352,5.01366434173812
5.00377851468244,5.00326107706771,5.00274288308601,5.00214970763685,5.00157205604811,5.00097559961192,5.00032795354067,4.99964769801753,4.9989240299042,4.99820217715972,4.99741609115713,4.99660077226143,4.99572433673927,4.99478027058138,4.99392873080976,4.99286552028953,4.99177349075056,4.9906904376243,4.98950673275591,4.98826233843941,4.98698038129785,4.9855852810087,4.98407552188055,4.98270248772895,4.98108493617546,4.9793935753383,4.9776007311773,4.97572415647856,4.97376950721479,4.97172628648994,4.96963072662423,4.96741585219609,4.96522184653177,4.96311773192778,4.96109710368901,4.95955880384088,4.95816730171887,4.95781986164416,4.95858037965331,4.96142623964225,4.96771138699992,4.97924052322811,5.00056017883826,5.03687553583385,5.10157805639226,5.21753747525806,5.41751109636354,5.75885329583812,6.23564992926884,6.69031637868264,6.95781765048167,7.0417989057288,7.020853126002,6.96209583720493,6.89003939621013,6.81321009134265,6.73596528163528,6.65692987326027,6.57902275258589,6.49340688489423,6.40555742372201,6.30914806761331,6.2085439681866,6.10139771839103,5.99510697461636,5.88931490668324,5.78834249259635,5.69224143318293,5.60186914356022,5.51816609273591,5.44070797989371,5.36964401127474,5.30564060078393,5.24786477240026,5.19647869598081,5.15090932801464,5.11088912664851,5.07616387398017,5.04677472034608,5.02220155755543,5.00242712427315,4.98697076435011,4.97553716659679,4.96746913792839,4.96231999127843,4.95946371593972,4.95837145062165,4.95852748006878,4.95961627580896,4.96131623549707,4.96342443929972,4.96574209428577,4.96820801635454,4.9706890856244,4.97316039884481,4.9755779295856,4.97790390324365,4.98012745443364,4.98225994891197,4.98427719984991,4.98618104614208,4.98799031984563,4.98968591308147,4.99128789160569,4.99279783602598,4.99421665445174,4.9955524840032,4.99681202903194,4.99799083840396,4.99911081267123,5.00015530660307,5.00115159246517,5.00208270062823,5.00296741778171,5.0037986269747,5.00458555726264,5.00533101615911,5.00603400229028,5.00670482921339,5.00733686951943,5.00793758698012,5.00850720226338,5.0090460718989,5.00955774671422,5.01004589463074,5.0105108286079,5.01095167658616,5.01137239248319,5.01177241935478
5.00045519123882,4.99981691087269,4.99914721452122,4.99841496862871,4.99769591670113,4.99692553662568,4.99608681514415,4.99521410000208,4.99429755923977,4.99332840189986,4.99234507431685,4.99123583373625,4.9901310299901,4.98889216780687,4.98759240860518,4.98640089217939,4.98483488486569,4.98324377293998,4.98163564194041,4.97985700853808,4.9780620264072,4.97600000275099,4.97370618019553,4.97133589810718,4.96906597576426,4.96644036160947,4.96359065986959,4.96054557164457,4.9572093121712,4.95362923867314,4.94971748017893,4.94551748844317,4.94091556686175,4.93595520857939,4.93055867064253,4.92466588580035,4.91839290316721,4.91160809770157,4.90474210415447,4.89749074045041,4.89133815608446,4.88565018162072,4.8842876361639,4.89016454062187,4.91408760325002,4.97716184365887,5.13652897853598,5.53611141396932,6.33907522627605,7.188513258572,7.47016955328671,7.42723563157629,7.30951907854683,7.18522328604398,7.06968104293834,6.96481302454866,6.86963520296773,6.77885171546082,6.68756950330491,6.59422869898673,6.49756860190585,6.39069430809857,6.27081581606468,6.14696020258202,6.02110260240323,5.90307879852299,5.7913566615472,5.68572418665603,5.5882684462178,5.49858074353836,5.41635560433965,5.34137100987731,5.27394657583257,5.21367024813143,5.1596675122309,5.11218284757435,5.07088476450789,5.03550035460842,5.00583070388942,4.98168619879273,4.96295782773212,4.94929873711793,4.9401098558578,4.93464985325091,4.93239238751075,4.93232690319467,4.93395572469451,4.93664200831929,4.93997431594951,4.94370141929551,4.94757436196146,4.95149169089318,4.95530701827144,4.95899381797119,4.96249715070055,4.96580232713292,4.96893848913602,4.97188259926106,4.97462405214083,4.97721172497499,4.9796044155003,4.98185636439274,4.98394344764167,4.98590706979377,4.98773294021528,4.98945181892246,4.99105529753782,4.99255276346844,4.99396222382918,4.99527947367873,4.99651858148321,4.99768351887717,4.99877869712271,4.99981198956676,5.0007833423194,5.00170140883656,5.00256682774084,5.00338282506904,5.00415818119575,5.00488463563172,5.00557975548743,5.00623513303889,5.00685812860217,5.00744753579768,5.00800856695331,5.00854284589708,5.00904835337012,5.00952938093681,5.00998697771874
4.99721737331671,4.99644687483851,4.9956484950508,4.99477015656658,4.99388735993979,4.99294169606497,4.99195024455592,4.99087608636447,4.98975847648326,4.98859222609257,4.98733121911992,4.98599388872785,4.98459080514667,4.98309434532692,4.98150207347359,4.97968346824792,4.97797956284878,4.97600132115627,4.97391158967678,4.97167851028665,4.96929200250223,4.96666475326891,4.96371238283461,4.9610561783535,4.95774749197311,4.95408797680206,4.95018160958764,4.94590842988662,4.94122126093929,4.93606125940876,4.93035260762715,4.92400477780615,4.91697058572919,4.90905180595013,4.90022794684709,4.89017103178771,4.87884552796959,4.8657821558853,4.85088435277077,4.83348143685516,4.81332761310876,4.78949546388101,4.76118511901787,4.72852967917101,4.69039929524089,4.65554742506559,4.6451539282125,4.83426949794136,6.1826944786575,8.50867077614657,0,0,0,0,0,0,0,1.80191020478157,4.40932903141999,5.34849208167821,6.20742760646599,6.45626759046367,6.34495755129836,6.19743732254264,6.05546940795529,5.91772006755752,5.78970431285121,5.67142747261219,5.56385377111756,5.46659171356195,5.37860446844778,5.30102691805899,5.23127169302947,5.16955540177536,5.11499323917235,5.06718798678597,5.02608079362741,4.99075895779634,4.96162293040713,4.93825206693461,4.92094509034169,4.9090051010447,4.90240317095023,4.89999214567127,4.90101740978763,4.90424251467768,4.9087296502407,4.91411436576805,4.91990916205572,4.92569426739583,4.93136436072776,4.93686870784245,4.94197110723255,4.94684665148594,4.95137089661442,4.95560568145121,4.95953710628786,4.96314929379175,4.96653835223716,4.96965618277414,4.97255563330487,4.97525710715606,4.97776029028877,4.98010306171537,4.98226616694697,4.98428905999716,4.98617042304412,4.98793313544996,4.98958524589289,4.9911221335226,4.9925734205542,4.99392460706777,4.9952008656288,4.99639969213348,4.9975228829265,4.99859018069945,4.99958503609042,5.00053327946234,5.0014232061442,5.00226660239284,5.00306873085606,5.00381895917907,5.00454432435186,5.00521376969999,5.00586412035983,5.00647286290397,5.00705545134418,5.00761050500749,5.00813245053646
4.99402618472262,4.9931464093946,4.99220172610621,4.99118067246816,4.9901398724756,4.9890426420986,4.98785980497881,4.98660876827872,4.9852814331602,4.98391201813688,4.98240248901282,4.98082720949663,4.97914877757834,4.97738671991887,4.9754366953602,4.97340646213962,4.97123570296976,4.96888414836354,4.96635988786643,4.96366055949538,4.96075432546522,4.95751751381064,4.95403655720843,4.95053124084394,4.94629137037433,4.94181056215119,4.93691104144882,4.93151503506342,4.92554886865982,4.91892080933925,4.91153012936521,4.90324211267148,4.89389549230926,4.88330240257017,4.8711893097882,4.85727960951066,4.84100845592688,4.82198962474527,4.79928326772822,4.77208983622193,4.7385670335928,4.69683446345552,4.6428331096245,4.57116806899238,4.47097822649268,4.31963507247084,4.05556460678296,3.49724385018661,0.952794084857536,0,0,0,0,0,0,0,0,0,0,0,0,0,0,0,3.4333684111459,4.66711901698119,5.53976156540896,5.6420792224044,5.5434235016063,5.43741940592824,5.34109966668443,5.25605508933136,5.18036471593187,5.11522337304869,5.05918040246839,5.01111204791401,4.97017405759155,4.935693777446,4.90765140572052,4.88580558528112,4.87061875903949,4.86208231124399,4.85987948187288,4.86237673670599,4.86822944390915,4.87592141152717,4.88448694191081,4.89322854225012,4.90178693851392,4.90988377919982,4.91752542880976,4.92452863951489,4.93101377747466,4.9369444426209,4.94238243412434,4.94737558226033,4.95192804678291,4.95612746720051,4.95997300249832,4.96350503657381,4.96678531896458,4.96978859981096,4.97258416456453,4.97516364185455,4.9775368649966,4.97978949800227,4.98182856073431,4.98379146059931,4.98557792267056,4.98727181923,4.9888525719695,4.99031490969336,4.99172559202693,4.99300147979782,4.99426306105682,4.99540342492717,4.99649924112414,4.99753592390482,4.99850243430397,4.99943648794732,5.00029034875764,5.00115234043759,5.00191822866854,5.00267610660295,5.00338239699449,5.00404668621595,5.00470037128526,5.0052946649128,5.00588946151156
4.99086648817736,4.98985723211582,4.98876653946793,4.9876079029784,4.98643052573211,4.98517336735445,4.9838051266924,4.98239746947806,4.98086976761721,4.97928237229396,4.97757122579759,4.97573551802018,4.97375932313519,4.9718154247822,4.96952523025196,4.96716328837448,4.9646141055744,4.96193032297056,4.95894744669284,4.95580001637641,4.95232910545013,4.94862412789352,4.94476412266687,4.94034232452027,4.93545067049431,4.93010533769986,4.92421742936078,4.91775585768772,4.91055467806031,4.90256320061515,4.89358484177964,4.8834900745669,4.87199752367371,4.85892481907935,4.84385178625889,4.82638508276073,4.80590657327939,4.7816172758835,4.75248806386341,4.71683626426382,4.67268969270859,4.61613935859646,4.54197306904001,4.44068108814082,4.29550159759112,4.07262398746223,3.68742821295423,2.968320139546,1.71461894826959,1.48704408037724,0,0,0,0,0,0,0,0,0,0,0,0,0,0,0,0,0,0,2.62098105990737,3.72711530189654,4.64752513704644,5.08475344012613,5.11047818650018,5.07096346644439,5.01362469957224,4.96100045584149,4.91460626350476,4.87722659971094,4.84598661140491,4.82358568732012,4.80964053455655,4.80435264992757,4.80744418241414,4.81648545359427,4.82869558968856,4.84214620676519,4.8555381202773,4.86845744070121,4.88045190255242,4.89132847227989,4.90135814862374,4.91033227506249,4.91851169257209,4.92590893603219,4.9325523676418,4.93869225392461,4.94410681562917,4.94918206434337,4.95368684656639,4.9578766121808,4.96169199296328,4.96517751093277,4.96844251271322,4.9713386890553,4.97416317252332,4.97661309409284,4.97898823220935,4.9811512394839,4.98315527289005,4.98506997385733,4.98676768121614,4.98847358966433,4.98994461931606,4.99139198029629,4.99271532130542,4.99396732181962,4.99515854720568,4.99623727655433,4.99731955560453,4.9982663655597,4.9992107912694,5.00007935136608,5.00089682191772,5.0016954960365,5.00242512242094,5.00314322698768,5.00379156354374,5.00443800378782,5.00503285233255
4.98772932111334,4.9866023927905,4.98537615811511,4.98409378478635,4.98277051292701,4.98135283445525,4.97983229855974,4.97824695782668,4.9765382116858,4.97474817560753,4.97281724004973,4.97070502269329,4.96850864769401,4.96618289967566,4.96378747014604,4.96112078865981,4.95824520049279,4.95515275193937,4.95180512838225,4.94824268146002,4.94432934856078,4.94011391913292,4.93554104981505,4.93042941685696,4.92514900916016,4.91880981782562,4.9121790144175,4.9047498359066,4.89649885855503,4.88724251774455,4.87687266673102,4.86512216850578,4.85180435712349,4.83653674606783,4.81897664554957,4.79852587549701,4.77457913096575,4.74601415780863,4.7117703987041,4.66982101396734,4.61787747940388,4.5518958726479,4.46606993696475,4.3511678999812,4.19191393710046,3.96317857197757,3.63228098972085,3.16281534545992,2.69156942035073,2.61201225501861,2.95535681560122,3.3822058296423,0,0,0,0,0,0,0,0,0,0,0,0,0,0,0,0,0,0,0,1.08946038922412,2.22363333680711,3.05991183890639,3.8115572144851,4.401825763776,4.65863562920724,4.77470921244035,4.7870045302194,4.77147903269846,4.75896023220036,4.75695332255144,4.76479737780298,4.77967525030759,4.79675529991247,4.81385709115754,4.83036013594462,4.84615375426145,4.85995302073489,4.87298805290518,4.88419124863377,4.89453837760248,4.90383050315426,4.91180437671435,4.91963137212184,4.92609007488034,4.93245466536987,4.93807608286829,4.94314783930836,4.9478823536141,4.95218617370174,4.95623391529323,4.95970502495402,4.9632612596589,4.96633551856648,4.96928081974733,4.97201814355551,4.97447215606431,4.9769078218228,4.978989864142,4.98114613560626,4.98300626545192,4.98484291203123,4.9865526779707,4.98813397012392,4.98967994875254,4.99105745696584,4.99243852366256,4.99367748288866,4.99487315974338,4.99601229140512,4.99707081242084,4.99810548803876,4.9990418175687,4.99996366205284,5.0008178673402,5.00163488258928,5.00241946658479,5.00314637822778
4.98466156858409,4.9833966705761,4.98206864169082,4.98064990540402,4.9791855852197,4.97761727581409,4.97594046538584,4.97418843887351,4.97231063007617,4.97031919911849,4.96822162513322,4.96590659128379,4.96360307933929,4.96090447314871,4.95816589148223,4.95521859314332,4.95202352145989,4.94860265665151,4.94490933252249,4.94092138288808,4.9365731276311,4.93175741972775,4.92654537928982,4.92095857198655,4.91498855585222,4.90805348924746,4.90057925100577,4.89230354963309,4.88306386066448,4.87278182661801,4.86119363565154,4.84815861780842,4.83331295177047,4.81634162554549,4.79679181525942,4.77408470927287,4.74754374100072,4.71607091805236,4.67855728676872,4.63302334154351,4.5771469376335,4.50744705915858,4.41903386057515,4.30500549985662,4.1555439022193,3.96270872191867,3.71765793246669,3.44851130809199,3.23516517031928,3.1897940628641,3.3470843867607,3.60549517218998,3.88292167763339,4.15783905563799,3.89205868948827,0,0,0,0,0,0,0,0,0,0,0,0,0,0,0,0,0,0,0,0,1.11723871409099,1.68560768420857,2.24511733613917,2.76338066362996,3.30320236369195,3.58965600903499,3.87410677681793,4.10253813726169,4.29357486476535,4.42008310790648,4.50615856615454,4.61979298498862,4.65338711282872,4.71538452204082,4.75394653799502,4.77959267992001,4.82231550963706,4.82849827333954,4.8651905980327,4.85766458500863,4.88109622428326,4.8887680367001,4.8976256897646,4.91436068571501,4.91407917037216,4.93230190413,4.92958089576278,4.9396896276053,4.94028529652434,4.94405202274656,4.95304658959809,4.9514437748528,4.96218636003668,4.96022495880788,4.9676171440933,4.96725229877261,4.97014522639829,4.97416084140264,4.97424693270827,4.97931092169965,4.97893057324931,4.98367446070525,4.98254434639884,4.98530424165875,4.98640995038405,4.98672457612871,4.99009418840571,4.98884401440528,4.99345712058331,4.99278737300857,4.99468844115472,4.99534252351036,4.99617444510327,4.99782827834572
4.98164265557457,4.98028247366857,4.9788266991713,4.97728254482315,4.97567804433065,4.97397389099581,4.97215403449502,4.97023052983048,4.96819538394639,4.96602662142197,4.96375130994528,4.96130280154705,4.95855255569034,4.95581969858959,4.95278772677415,4.949548362705,4.94610197595332,4.94234945655337,4.93832930408531,4.93397245152084,4.9292385108166,4.9240730266786,4.91847894344492,4.91245744424847,4.90564527148789,4.89827204277859,4.89012428342448,4.88112582391518,4.87109023549726,4.85991787366862,4.84736587723434,4.83323946646258,4.81722562343181,4.79896226074831,4.77804055666044,4.75380275613329,4.72569159758804,4.69260168483475,4.65344042022311,4.60656315308139,4.54991880149269,4.48106054330683,4.39639541865974,4.29250884402579,4.16530287109699,4.01339875611583,3.84555571622794,3.68513304979274,3.57227372359912,3.55423775712145,3.64076264580594,3.80616643452531,4.00322489651531,4.21463694929877,4.40578698712361,4.58561814108773,4.75790013074637,4.92128651305143,4.95028033085488,0,0,0,0,0,0,0,0,0,0,0,0,0,0,0,0,0,0,0,0,0.771395683117315,1.57593311439273,1.82476801040664,2.1623813619195,2.50771584542128,2.68401972272089,2.94185352682836,3.10927934038036,3.26055879807005,3.39780885103556,3.50853193858863,3.62378191143939,3.70509376397704,3.80720194873754,3.87515827346462,3.95629228920061,4.02010999288508,4.07661916843576,4.13876191937599,4.17922733013663,4.23390892584772,4.26832955639021,4.31327628131955,4.34724170688893,4.37943756817933,4.41177634288362,4.4371858625818,4.46592518564223,4.48868187676079,4.51253174047246,4.53423448669905,4.55411800071869,4.5740071787706,4.5897604204625,4.60751570661315,4.62204969932272,4.63681975084661,4.65094472295226,4.66307424817752,4.6760502882612,4.68679020231515,4.69813825832557,4.70846200187139,4.71798271958218,4.72801639015475,4.73583837091353,4.74515105597988,4.75210545136011,4.76039717281998,4.76754993652122
4.97873053026648,4.97726745181405,4.97569500572933,4.97403959828851,4.97231617138468,4.970500218273,4.9685348460409,4.96645305356923,4.96428025665302,4.96194004174998,4.95946013924438,4.95678888797537,4.95395674354355,4.95093539516514,4.94769552150398,4.94423206353748,4.940521472733,4.93647761141998,4.93218269199283,4.92749780504131,4.92239172302927,4.91682799113049,4.91127758159382,4.90432896577322,4.89721225881019,4.88932518462053,4.88065553335853,4.87105360235266,4.86039465145101,4.84850991089213,4.83521834087269,4.8202714256216,4.80341451176817,4.78425466837311,4.7624223811669,4.7373212939845,4.70836730003482,4.67474857292177,4.63545433008626,4.5892660344621,4.53476280439637,4.47005566040461,4.39387474987561,4.30381663846784,4.20088117933866,4.08682075494643,3.97066642048954,3.86998553883998,3.80680199723858,3.80182530304509,3.86210657202193,3.97411170158081,4.11866170227064,4.27497479540719,4.43460476648223,4.58868474167437,4.73467440884056,4.87043349549395,4.99557335358575,5.10856940309469,5.20930317358363,5.27787400808901,5.30672389891753,5.3147183487936,5.30928070442015,5.29031939471381,5.26181172831985,5.22549220802232,5.18270944208928,5.13642409725585,5.08597442084833,5.0323621882195,4.97893322725919,4.92263834777536,4.86842207737026,4.82040569899265,4.77672231193952,4.72949662682344,4.70270573093077,4.71289272566846,4.58898853531708,4.53576074953679,4.53664117288062,4.45639370936217,4.41611014418736,4.31796854012639,4.23102251162667,4.17043852997631,4.07647834977837,4.02408255922277,3.97094139433824,3.91575282900697,3.90235437210473,3.87353367835292,3.86620184231677,3.8654930375411,3.85894364146595,3.88398563311849,3.87347816545334,3.90744240349,3.91686832120269,3.93958876838797,3.96276651907578,3.97534134194365,4.00233037383578,4.01388007551178,4.04491520019363,4.06032346699038,4.08538342907874,4.10630995263862,4.12378939559256,4.1458370828256,4.15905281364395,4.18267621910055,4.19543587940749,4.21911831399994,4.23316534913896,4.25023382742844,4.26478194530568,4.27788925102286,4.2962367554115,4.30552890563319,4.32449611283822,4.33544447571376,4.35067458108889,4.36274863875424,4.37315464927421,4.38926040655206,4.3955171221264
4.9759990825235,4.97442231189429,4.97274571472404,4.97098774184596,4.96915509611653,4.96718659492881,4.96510595963111,4.96288279876628,4.96054560150987,4.95806670690498,4.95540682863605,4.95259207444608,4.94955601038477,4.94633120395036,4.94288940614759,4.93919537999399,4.93524331022687,4.9309530999813,4.92635579651758,4.9213776850034,4.91598564526354,4.91017382473797,4.90400302970777,4.89654340893074,4.88918431827438,4.88086948656112,4.87169920152261,4.86164718178645,4.85049530590043,4.8381195768392,4.82433238911851,4.80887395719033,4.79156756354019,4.7719739564527,4.74985631403471,4.72459279947994,4.69578621224116,4.66270210712529,4.62464747538493,4.58072536859709,4.52999830649999,4.47161262950899,4.40466600650087,4.32950044569385,4.24745064449027,4.16299337986163,4.0825326322203,4.01797423333406,3.97642147271389,3.98383859092321,4.0282501186862,4.10957236951446,4.21735312778392,4.33943222339043,4.46793271857352,4.59637319177851,4.72003256412906,4.83575643050186,4.94167419667763,5.03878937420256,5.11873667472518,5.17794240518009,5.21317223002096,5.22952251010259,5.23049499445734,5.21997386016955,5.19917470921113,5.17221876237487,5.13845674610173,5.10080319102368,5.0591747635737,5.0155256745437,4.96960272784303,4.92521877457956,4.88112566242739,4.84027754930308,4.80310373339557,4.77145955132348,4.74982620981843,4.74022731860395,4.73327139811177,4.73314685207265,4.74074205609816,4.75480901078166,4.77192424399513,4.78855963279054,4.80519412194841,4.82042768442343,4.83112585692274,4.84387825937026,4.84456468777328,4.85025017224204,4.84014779495613,4.8332345554756,4.82066829006216,4.79254929478517,4.7855257310049,4.7405468017545,4.71887781709404,4.68282932667559,4.64897749207716,4.61997616663685,4.58435381643688,4.55807739947839,4.52451217907165,4.49900185591471,4.47513317981936,4.4507824713107,4.43258288382318,4.41346192474006,4.3966241115139,4.38471473808271,4.36785293177615,4.36296365569531,4.34975782784327,4.34575342673892,4.33804008434951,4.33152899668271,4.33132986467192,4.32137958513001,4.32597162106143,4.32113310883812,4.32609823690511,4.32505319123138,4.32564662151318,4.32827747999711,4.32601287757138,4.33423794397141,4.33297541300922
4.97331062630956,4.97164027609902,4.96986879095232,4.96800330348699,4.96605832055306,4.96396812561242,4.96176063886135,4.9594083419802,4.95693089982496,4.95433580011291,4.95151234789571,4.94850095970241,4.94531627308295,4.94190711633631,4.93830028701351,4.93438997113827,4.93022006881387,4.92571003072149,4.92090086556816,4.91568117832717,4.91000217218671,4.90390156830356,4.8973117402704,4.89025130702163,4.88222602576829,4.87358582105532,4.86411293332905,4.85369688546507,4.84220858626904,4.8294922852235,4.81539661953557,4.79967842102034,4.78216845642558,4.76250458375357,4.74045269201127,4.71556947083332,4.68741541551538,4.65560055700102,4.61949648099253,4.57867620961825,4.53262066618574,4.48094805499602,4.42401317684463,4.36245531401453,4.29821190997416,4.23493333858507,4.17856166995015,4.13664585951561,4.1159936930616,4.12172862705784,4.1572904897579,4.21916612976309,4.30221199802992,4.39857032863419,4.50226199981528,4.60773259561545,4.71104826652422,4.80849111865736,4.90013591070411,4.98053154096795,5.04813463319442,5.10045814915612,5.13543749915887,5.15453080206273,5.16097635558708,5.15751274273069,5.14420349943746,5.12422725642614,5.09811846156189,5.06808400190828,5.03455180251496,4.99838322195031,4.96136480438492,4.92386176098651,4.88778408011771,4.85409922946188,4.82397590542794,4.79864404489946,4.78017306039785,4.76871543079296,4.76233663605897,4.76166617863696,4.76631926009753,4.77545722532892,4.78755324820776,4.80092262032908,4.81474929654701,4.82845733457938,4.84141460739918,4.85348181928018,4.86476057029087,4.87509956610508,4.884540304365,4.89334853650953,4.90136079826657,4.90853350480552,4.91527306758849,4.92079305899484,4.92616202206805,4.9300502106623,4.93365851970681,4.93672740787406,4.93733755894291,4.94044444135183,4.93723376674019,4.93773998513637,4.93294392609993,4.92927904662939,4.92479969830143,4.91346782780939,4.91365649241634,4.89591140689572,4.88999554250708,4.87489101294899,4.86174324589145,4.85194607190166,4.83508331580419,4.82575427786172,4.80691997978499,4.79496197242655,4.77837720298632,4.76464125503336,4.75085186354119,4.73552784787569,4.72468755563068,4.70997248475206,4.69838480942521,4.68566440043251,4.67400302406338
4.97068987262394,4.96893113254375,4.96706362144495,4.96509741247217,4.96304923261123,4.96084682599369,4.95851979463234,4.95604462877966,4.95343065498833,4.95068345073049,4.94775611093254,4.94463033777137,4.94129769258316,4.93773519232955,4.93395568170028,4.92987862079395,4.92551368383932,4.9208385979786,4.9158051012094,4.9103727403825,4.9044857049015,4.89826513805149,4.89151378037457,4.88371047573422,4.87562796528942,4.86678679258762,4.85709574139197,4.84648105902624,4.83483680581719,4.82198120254554,4.80783087124333,4.79211723600002,4.77469996328898,4.75533148866394,4.7337407073118,4.70965711024995,4.682770056109,4.65270368964243,4.61927635770404,4.58205885037239,4.54109278147796,4.49629414923591,4.44818860456328,4.39806866013671,4.34816898411704,4.30082612693981,4.26079032994171,4.23281162324408,4.22148641172903,4.22962179289756,4.25916672173013,4.30884413600283,4.37358914482685,4.45090925827659,4.53544797432365,4.6218572249771,4.70782874650607,4.79014885853777,4.86684959146929,4.93527336385774,4.99327078463754,5.03914680645025,5.07256605436358,5.09344262831445,5.10351028064847,5.1041304169837,5.09657789404271,5.08242122346117,5.06294191477812,5.03927602750417,5.01238275740493,4.98314378410143,4.95276543630365,4.92198784109552,4.89251180737972,4.86480521811112,4.84015377037033,4.81922362206671,4.80321693840193,4.7921226301108,4.7861705859692,4.78455059416622,4.78712221868131,4.79325222665822,4.80194124152025,4.81217378310908,4.82319853417587,4.8344421230044,4.84547671763193,4.8560520359465,4.86606475978429,4.87542234990003,4.88413527939583,4.89222117781445,4.89969423426563,4.90660296860476,4.91298515587065,4.9188712696299,4.9243105016289,4.92936297817363,4.93404752598591,4.9383831141718,4.94249358242381,4.94627363809312,4.94987715426309,4.9532527022502,4.95635417025198,4.95928674528787,4.96204440698139,4.96442407999091,4.96684679860162,4.96876559096504,4.97072745363577,4.97218552108807,4.97372875924389,4.97509582191107,4.97562855690627,4.97717682614802,4.9766902966031,4.97760242730199,4.97667301066767,4.97636017235145,4.97633459385136,4.97442806369921,4.975021213272,4.97054007064323,4.97006019501718,4.96536526115205,4.96277045222049
4.96814558575692,4.96629412216209,4.96434653485087,4.96228792494356,4.96013663453915,4.95784436589176,4.95541472161989,4.95286341985581,4.95019822867312,4.94734940762472,4.94422222061181,4.94095834762056,4.93749096113311,4.93380027372111,4.92985532761464,4.92562922793612,4.92110780208066,4.91627024819749,4.9110692632793,4.905492854592,4.89944029245594,4.89297885330305,4.88612912401618,4.87839803288725,4.87010471380426,4.86110972246836,4.85127479013683,4.84054984787953,4.82882664231567,4.81596211264726,4.80184520777948,4.78632227172873,4.76922605460961,4.75035650890567,4.7295577280529,4.70658152632303,4.6812389422157,4.65332773552232,4.62262751772272,4.58924277359139,4.55305488735409,4.51477060787189,4.47463930432841,4.43413530597378,4.39496708991709,4.35965204661001,4.33096429213149,4.31223168811701,4.3066500091466,4.31635436943945,4.341494873716,4.38134906583977,4.43415430805929,4.49645777752201,4.56466733502277,4.6363828154947,4.70802738167463,4.77758624058365,4.84239961051598,4.90063134019834,4.95076646951755,4.991589815643,5.02236195067995,5.04327105216032,5.05535154142499,5.0591527936718,5.05569200869974,5.04632030847588,5.03191620569829,5.01378085350511,4.99243335214152,4.96903921055831,4.9444506516131,4.91959088214174,4.89539265043673,4.87257107631075,4.85219963481895,4.83502853260066,4.82134119820604,4.81159308830539,4.80565025174981,4.80346388101945,4.80461809967637,4.80867495076413,4.81492460138786,4.82272548900219,4.83151618111447,4.84072872373643,4.85005046695955,4.85922973324149,4.86804806007908,4.87648896477453,4.88445292638605,4.89194249892972,4.89894139610016,4.90548849365358,4.91158149896683,4.91725964992038,4.92255864660151,4.92748594783297,4.9320983694734,4.93638870685328,4.94040616069976,4.94415502959411,4.94766414199968,4.95095747878233,4.95403757721673,4.95693055023657,4.95964892748428,4.96219955889471,4.96460241552389,4.96687037197775,4.96900173198174,4.97102668204959,4.97294736051455,4.97474648769241,4.97650207735437,4.9781371905391,4.97971560465488,4.98122520509443,4.98262824353106,4.9839896281371,4.98528682513435,4.98646597940517,4.98764596624551,4.98865943020088,4.9896978629807,4.99062050689885,4.99144951906558
4.9656492056114,4.96372838252088,4.96169557917489,4.95955482107086,4.9573171512693,4.95492209774164,4.95245143413984,4.9497842275579,4.94700523958501,4.94396801737961,4.94077497483947,4.93739151308936,4.93382753092966,4.93001154432217,4.92594670687178,4.92161498631637,4.91696280127195,4.91201866517167,4.90667920566913,4.90097896951823,4.89472680729074,4.88839673187786,4.88094678401354,4.8733028386845,4.86494578995196,4.85590485475588,4.84610017597917,4.83540300956757,4.82378099212335,4.81108895211866,4.79724988311023,4.78211097279676,4.76554062690351,4.74741671981026,4.72757191395318,4.7059155064882,4.68229328448947,4.65662278469033,4.62889859539621,4.59925014807041,4.56781536920274,4.53504213809923,4.50172886373473,4.46911624077478,4.43833517892548,4.41148990196755,4.39097331236005,4.37878536993158,4.37674714936057,4.38647075502831,4.40816866496511,4.44169258659637,4.48478387998929,4.5355342817379,4.59179679503703,4.65126284688691,4.7111602800826,4.76932813743962,4.82435115156161,4.87410212634704,4.91766002488642,4.95370362050788,4.98186374560676,5.00215406667987,5.01504794863464,5.02084063167341,5.0205486441891,5.01497644797481,5.00473291045266,4.99103263660837,4.97449381412623,4.95601095053134,4.93635281410607,4.91614464906159,4.89646393938129,4.87794602161837,4.86123628734166,4.84683572186117,4.83526019161683,4.82670370703037,4.82121012635647,4.81875790447389,4.81896029381824,4.82164632940425,4.82620951225252,4.8322551257608,4.83923865493973,4.84685235766064,4.85474322516603,4.86268506434697,4.87048736200025,4.87807475932082,4.88531515972712,4.8922222919566,4.89876436133769,4.90493261114356,4.9107331247966,4.91617169025498,4.92127926498892,4.9260641290669,4.93055061432784,4.93475618339955,4.93870075999187,4.94240201554818,4.94587942098224,4.9491463334102,4.95222041008088,4.95511138919676,4.95783667332184,4.96040612265006,4.96282896049694,4.96511877922464,4.96728259732091,4.96933151183722,4.97127140611083,4.97311173133957,4.97485780655934,4.97651485461764,4.97809068864606,4.97958923893004,4.98101440374929,4.98236888050864,4.98366313432779,4.98489274446404,4.98606854995471,4.98719116047274,4.98826166526088,4.98929124587371,4.99027495254835
4.96321719710288,4.96123202216385,4.95913591304989,4.9569243272313,4.95461512092252,4.95213742432879,4.94957425066878,4.94687220861474,4.94403901607855,4.94088024007296,4.93761448938605,4.93415492283018,4.93048306469068,4.92657641868398,4.92241409118032,4.91798596647753,4.91324256880305,4.90820359895729,4.90277853131201,4.89700143052452,4.89083260679741,4.8841425429313,4.87704438893029,4.86914721187583,4.86077600617626,4.85172246070838,4.84196243551779,4.83137699306526,4.81990912972251,4.80747206787645,4.79396393258918,4.77931069269422,4.76339800494602,4.74612143382625,4.72742985126417,4.70718311997931,4.68541205753208,4.66202885380389,4.63719966829054,4.61096352190559,4.58375796034238,4.55592369647484,4.52826662865004,4.50184186821014,4.47777794417797,4.45740733377866,4.44244891407213,4.43474816729792,4.43508916868134,4.44465753261665,4.46372396128242,4.49135560983296,4.52712255942667,4.56935257370103,4.61603477735639,4.66531631220159,4.71558908809017,4.76477971435775,4.81136155156641,4.85412377521036,4.89190469186533,4.92386900469205,4.94943004445044,4.96868817367616,4.98168318745742,4.98882796600549,4.99071814167061,4.98800202894851,4.98119642490811,4.97122546979842,4.95867088427521,4.94419684014168,4.9286363130353,4.91247952391612,4.89659744828433,4.8814829433883,4.86780882218283,4.85586464244654,4.84611937535749,4.83873773852345,4.83378447358324,4.8312895931942,4.83099198020064,4.83270704228594,4.83609000896409,4.84077264707154,4.84641004072991,4.85271658405258,4.85938493700858,4.86622890641729,4.87310263570289,4.87986598110831,4.88646116248793,4.89279346352762,4.89885550268302,4.90462631951415,4.91010308629206,4.91527591236183,4.92017549523122,4.92478730382217,4.92913958918713,4.93324221247388,4.93710507505892,4.94074971012215,4.94418025144939,4.94742076878443,4.95047369964751,4.95335747743974,4.95608322875974,4.95865742421931,4.96109617092272,4.96340059384335,4.96558661369489,4.96765778759099,4.96962472427471,4.97149070828263,4.97326274438344,4.9749494660906,4.97655220772971,4.97808076284151,4.9795348367631,4.98092171052229,4.98224677819174,4.98351027457454,4.98471817927091,4.98587312818056,4.98697823259769,4.98803591787602,4.98904863463863
4.96098980562023,4.95893287955177,4.95677245571562,4.95450074915369,4.9521111212099,4.94958981985934,4.94694576237733,4.94411913341593,4.9411502771802,4.93798240339668,4.93466748259109,4.93113143574967,4.92737383949013,4.92339447243821,4.91915034711582,4.91465676833786,4.90983499631501,4.90472875494137,4.89924631042188,4.89338615625346,4.88717251365377,4.88052596030838,4.87322928947429,4.86552572363609,4.8571845913132,4.84821631687608,4.83855062499473,4.82814947367307,4.81693229575208,4.80483137784745,4.79179347771881,4.77772478448347,4.7625754189094,4.74627482590012,4.72874077173141,4.71000444828093,4.69000486596162,4.66895640017577,4.64676581679606,4.62376214764119,4.60020382164177,4.57671929175149,4.55378981352416,4.53227035858135,4.5132272736936,4.49784566008057,4.48704008569169,4.48216516324573,4.48397682925294,4.49309993036149,4.50957949447027,4.53340232533786,4.56322286130855,4.59844499159338,4.63753671965649,4.67890532290457,4.72088201829275,4.76252074778321,4.80236738421342,4.83903060759806,4.87193440876193,4.90019554197471,4.92341566237967,4.9414120529574,4.95423956976178,4.96218721872064,4.96560518326077,4.96503514776408,4.96084772988378,4.95390807278665,4.94459264974352,4.93348718230139,4.92134069662591,4.90856587134909,4.89585380937229,4.88365746910064,4.87247444643901,4.86265296911871,4.85454859425418,4.84828264617394,4.84393938979662,4.84156671023709,4.841009031626,4.842082035223,4.84463552720731,4.84831014974261,4.85291416332206,4.85817504246098,4.86386084403876,4.86979590350613,4.87584203021243,4.88188292850955,4.88782889782414,4.89363612327523,4.89923902718998,4.90463244972522,4.90978502213357,4.91470034552114,4.91937499657025,4.92380935269965,4.92801148539128,4.93199133267827,4.93575653604157,4.93932276140562,4.94269428635835,4.94588730225833,4.94890806624905,4.95176961493734,4.95447884797832,4.95704714349698,4.95948286104581,4.96179124244449,4.96398355966224,4.96606621036417,4.96804549064044,4.96992655084419,4.97171763063576,4.97342432102324,4.97504827604608,4.97659826825167,4.97807653297179,4.97948816002326,4.98083625583231,4.98212419401207,4.98335685810564,4.98453620657223,4.98566702446902,4.98674831672012,4.98778581430066
4.95882439938972,4.95670224587681,4.95449292998306,4.95214028602257,4.94967958502282,4.9471275521611,4.94439658413536,4.94149099865128,4.93845186227178,4.93523864720758,4.93184520773182,4.92824030210246,4.92441934564737,4.92037728669102,4.916075375003,4.91152486923486,4.90665617300766,4.90150476104908,4.89599841904582,4.89011633900727,4.88402240649983,4.8771657793478,4.86996259498104,4.86234065797937,4.85414845849466,4.84532997267373,4.83589089845172,4.82575269702984,4.81488237117222,4.8032083022668,4.79068055916212,4.77727551128045,4.76292473051626,4.74761729732377,4.73132682086873,4.71408755952046,4.69591318294292,4.67693751488075,4.6572237076585,4.63708080003386,4.61681549472955,4.59684935529872,4.57789073878586,4.5604153733715,4.54532039594762,4.53356378979751,4.52574669177219,4.52298157335035,4.52560127336784,4.53424307971356,4.54866157671555,4.56895075052309,4.59430280050759,4.62381980419845,4.65655135465935,4.69127518339249,4.72690328247234,4.76229909467162,4.79628583743351,4.82800153942988,4.85660153668776,4.88158689184258,4.90252279415054,4.91922826256067,4.93164161420915,4.94000381039455,4.94447213896573,4.94551933480453,4.94346613727718,4.93884871275388,4.9321211627877,4.92384470024762,4.91452564592423,4.90456208379993,4.89449654047155,4.88473927726176,4.87569642036329,4.86775264043324,4.86102602714771,4.85578837072865,4.85206334389084,4.84991796689458,4.8492712061073,4.84999316834262,4.85194064546729,4.85492274118187,4.85871717350171,4.8631298681538,4.86800871731627,4.87319560561811,4.87853835392213,4.88392261176261,4.88930947110445,4.89461670322304,4.89979835802644,4.90481826146449,4.9096573583216,4.91430309375664,4.91875062815828,4.92299579279009,4.92703922747369,4.93089306567207,4.9345520872924,4.93803328011227,4.94133803202372,4.9444770390462,4.94745697160507,4.95028603366684,4.95297424991365,4.95552677030368,4.95795447719442,4.96026220202172,4.9624581544342,4.96454725801753,4.96653618403592,4.96843134657511,4.97023740172806,4.97195955932901,4.97360261865158,4.97517137389195,4.97666982457964,4.97810184622992,4.97947141716377,4.98078273373973,4.98203736112289,4.98323956753552,4.98439132386062,4.98549619406714,4.98655574279298
4.95662537877424,4.95447313980679,4.95214501480283,4.94973064009415,4.94725438961778,4.94486621112295,4.94188299791163,4.93898237769493,4.9359025627689,4.93265439768022,4.92922118412557,4.92557416498008,4.92172010880949,4.91764902084352,4.91331923375501,4.90874978075197,4.90387080902928,4.89871712188559,4.89320454843135,4.8873525742834,4.88126478761898,4.87439515069929,4.86730684268193,4.85975085706133,4.85171895426704,4.84309628174786,4.83389095610222,4.82407919934697,4.81359065919726,4.80240507228011,4.79048990588458,4.77779219731404,4.76433853833443,4.75006803866756,4.73503330197785,4.71922692353531,4.70276633172807,4.68571050506687,4.66827294026081,4.6507214474021,4.63330218498578,4.61638260120202,4.60055244741855,4.58636241912065,4.57433913929964,4.56531554283107,4.55975031901754,4.55836451019072,4.56143657422508,4.56941965631399,4.58222240084465,4.59956675391253,4.62120089617195,4.64610415116693,4.67383107988056,4.70327264534305,4.73346246423123,4.76358384797248,4.79277063670737,4.82014382443894,4.84517856050298,4.86724227781652,4.88605215012817,4.9014124503569,4.91330671095214,4.92175354899818,4.92693289761548,4.92908995909352,4.92864035717,4.92595987412907,4.92140883294811,4.91542605079123,4.90838243707511,4.90073604953347,4.89288554762258,4.88518828387899,4.87797571890921,4.87152201772291,4.86607597255386,4.8617760096098,4.85867803345502,4.85683540778429,4.85622136444755,4.85672795389232,4.85828786214906,4.86073454042673,4.86391466456524,4.86768254039204,4.87190963962608,4.87643179412979,4.88117122372085,4.88601321761669,4.89088640235067,4.89573387107036,4.90051064260493,4.90517668684515,4.90971003746859,4.91409320576019,4.91831187587163,4.92236977819264,4.92624644541508,4.92996446519834,4.93350719226973,4.93689078489577,4.94011518591569,4.94318718790035,4.94611698288763,4.94890243523426,4.95156270741031,4.95409063176682,4.95650308158975,4.95880041819807,4.96098906911867,4.96307794248377,4.96506756682039,4.966969487646,4.96878249445482,4.97051802331463,4.97217311555663,4.97375582651477,4.97527031121819,4.97671933049818,4.97810817197522,4.97943568899236,4.98070993646657,4.98193098581798,4.98310315475517,4.98422816145091,4.98530721828807
4.95477092663506,4.95256504061018,4.95035289558107,4.94795203607349,4.94536277795597,4.94272277667722,4.93977631963157,4.93684555426597,4.93373774295126,4.93044563858856,4.92697592962179,4.92330927470885,4.91942987841824,4.91534050741179,4.91099854068407,4.90642209215228,4.90154869126498,4.89640955505741,4.89094254094403,4.88511784559078,4.87916562588363,4.87232054931337,4.86551878982954,4.85807145947669,4.85020678779283,4.84180211422726,4.83288767344232,4.82340132021654,4.81333760817127,4.80265115817823,4.79132668122762,4.77935375459129,4.76671370318805,4.75346739448078,4.7395740628396,4.72514383827082,4.71025901994151,4.69499813920108,4.67958108278951,4.66420707689739,4.64917826093219,4.63487737794556,4.6216113111117,4.61002998302774,4.60043105981253,4.59343658108387,4.58946871025972,4.58908330801615,4.59241066420508,4.59974583525642,4.6110713182164,4.62606601556349,4.6444903539603,4.66581274229051,4.68926543896306,4.71439750368201,4.74012566374324,4.76601641991964,4.79110763650332,4.81488133342914,4.83675318350109,4.85634128821251,4.87324982629707,4.8873485630734,4.89854129406915,4.90694273879777,4.91253685313044,4.91555584928738,4.91635258467516,4.91516137779891,4.91227723912169,4.90811298637701,4.90301868296207,4.89729194850182,4.89127217134116,4.88531436633875,4.87964611525247,4.87454768385915,4.87019122775492,4.86673217794095,4.86421287391568,4.86269953431615,4.86219135141446,4.86261111777092,4.86391899887438,4.86598920480286,4.86871686441675,4.87198069841766,4.87566741301615,4.87966334042745,4.88389326720795,4.88824590313342,4.89267708665891,4.89711145097232,4.90150905927862,4.90584874205197,4.91008936759381,4.91421516582725,4.9182068176391,4.92206506238989,4.92577609200181,4.92934755975878,4.93276716643743,4.93604412077885,4.9391809775075,4.94217649372584,4.94504484113995,4.94777924063059,4.95039462354109,4.95288905730841,4.95527290786258,4.95754979373258,4.95972152798895,4.96179985241964,4.96378235424158,4.96568259315911,4.9674963918171,4.96923286740133,4.97089319472158,4.97248141849037,4.97400615998639,4.97546106139302,4.97686326441677,4.97820132632069,4.9794877997815,4.98072204972203,4.98190754207498,4.98304759219057,4.98414006504557
4.95309781020444,4.95086626317138,4.94853595862537,4.94609351550265,4.94350559827641,4.94078356332515,4.93790550975912,4.93491367493182,4.93177010936841,4.92845663388252,4.92496604664745,4.92127218207068,4.91738258807984,4.91327941969671,4.90893224506795,4.90435851196871,4.89950753751198,4.89438572096483,4.88897010313585,4.88319917301798,4.87719186704172,4.8704346956969,4.86385323960182,4.8565978143324,4.84893118464193,4.84078324674027,4.83216162916507,4.82304585459847,4.81340338077153,4.80323868717057,4.79252367820961,4.78128479047096,4.76949511211353,4.75722236665983,4.74447640508493,4.73132614555884,4.71786324222891,4.70422675415631,4.69064217599586,4.67719280290024,4.66423936293065,4.6520808728514,4.64096667336045,4.63140297725064,4.6237309295456,4.61836518728874,4.6155774945332,4.61580476592077,4.61920658474696,4.62589859200935,4.63588226393623,4.64893389560948,4.6647778206153,4.68307251260671,4.70318337259677,4.72462066560312,4.7467226292338,4.76889439962648,4.79066602126613,4.81136179083456,4.8305761435542,4.8479263679371,4.86316331301206,4.87605326688949,4.88658516522751,4.89473441589454,4.90057556018954,4.90422270349892,4.90590248559114,4.90587230159642,4.90438184998375,4.90170786620629,4.89817476475458,4.89401554873536,4.88954524122834,4.88505691671508,4.88071058894667,4.87675266307742,4.87336314121294,4.87064895625966,4.86868018597843,4.8675269346956,4.86718305473778,4.86761293728834,4.86876056457129,4.87058953864338,4.87296908707654,4.8758582628821,4.87911709150473,4.88269389082057,4.88649254642257,4.89044291483397,4.89447980992225,4.89855896690881,4.90263223477018,4.90666626945569,4.9106437772028,4.91452729052747,4.91831689350624,4.92198787873533,4.92554331675118,4.92897114955603,4.93227376601079,4.93544747904569,4.93849264203355,4.94141546316879,4.94421791835119,4.94690029356386,4.94946986959096,4.95192964605715,4.95428393007329,4.9565368953137,4.95869396566129,4.96075786108306,4.96273276634015,4.96462382087062,4.96643473043795,4.96817013063967,4.96983268162924,4.97142590920488,4.97295365870771,4.97441905590557,4.97582582396501,4.97717539652963,4.97847160030689,4.97971609141515,4.98091223073478,4.98206233229298,4.98316805029158
4.95139081724125,4.94912742228343,4.94674836416791,4.94424300914637,4.9416439173552,4.93889853849653,4.93600295721209,4.93298910122474,4.9298099815448,4.92648194265677,4.92297047507853,4.91928677094568,4.91537961273786,4.91127646411729,4.90694428869208,4.90239285090066,4.89757712215947,4.89249946900746,4.88713910616819,4.88145103818156,4.87554700531964,4.86913963397689,4.8624727519286,4.85541682669836,4.8479822155493,4.84012235438499,4.83184566013261,4.82312191264195,4.81395773659294,4.8043262271592,4.7942511788371,4.78371253113391,4.77276232217763,4.76140285286784,4.74971350502045,4.73778077933968,4.72564978330914,4.71348602531967,4.70146172698944,4.68971958518833,4.67850455725491,4.66813312847116,4.65882809166588,4.65091441776749,4.64468745910107,4.64050215720285,4.63863258290773,4.63928561858813,4.6426701777264,4.64871442442486,4.65753945663957,4.6689346558082,4.6826396775141,4.69836801219887,4.71564728413506,4.73406259562326,4.75311964907722,4.77233438606549,4.79115985977461,4.80924426970733,4.82616152238707,4.84156935091453,4.85527576043949,4.8671001130419,4.87693073923858,4.88477023526737,4.89068021769391,4.89471023369451,4.89708235396531,4.89795182372038,4.89755454889708,4.89608779578846,4.89380704397992,4.89094647095001,4.88776206896542,4.88447328616805,4.88124624344175,4.87827610920726,4.87571531174866,4.87366938773624,4.87222541248138,4.87140955490281,4.87125299143732,4.87172789746359,4.87282399519747,4.87447472243788,4.87662205524485,4.87920048297948,4.88214663412557,4.88537078390959,4.88880810512901,4.89241193188122,4.89612057770372,4.89988925013429,4.90366663189109,4.90743909766686,4.91116526880826,4.91483366131098,4.91842399693529,4.92192294816287,4.92532071473957,4.92861510225601,4.93179725345436,4.93487158002439,4.93783346710005,4.94068116711881,4.94342028675037,4.94605105771803,4.94857685554262,4.95100024360102,4.95332486595967,4.95555490310592,4.95769361388239,4.95974442844455,4.96171131672914,4.96359775154562,4.96540702972754,4.96714361409002,4.96880927398303,4.97040879050547,4.97194283272863,4.97341694102067,4.97483221255548,4.9761930228858,4.97750080340016,4.97875797019893,4.97996845787549,4.98113132162932,4.98225225223515
4.94967177174304,4.94737842488952,4.94497532650146,4.94249693452545,4.93963825125756,4.93705549840822,4.93413347327227,4.93112349918182,4.92794493188991,4.92461392262681,4.92110509642534,4.91740645542069,4.91352852956672,4.90945900182157,4.90515059734272,4.90063455040216,4.89587491894763,4.89086313373563,4.88558485766877,4.88007828482935,4.87420056678729,4.86820005588271,4.86147903527871,4.85466845197193,4.84746665823192,4.83989742554215,4.83195888641816,4.82363046273018,4.81490734496292,4.80580761305485,4.7963222411356,4.78647548742923,4.77631357483135,4.76584447638497,4.75514651003497,4.74428986413495,4.73337002528817,4.7225114221106,4.71183382150474,4.70159044568565,4.69185473216834,4.6829811494166,4.67508683103861,4.66854194911036,4.66351180315604,4.66027330081212,4.65905100921981,4.65994689399739,4.66315578416554,4.66869839015407,4.67647501387845,4.68648300478735,4.69834072439149,4.71197719039432,4.72690913423445,4.74283553598971,4.75931185883963,4.77592644262575,4.79240159880723,4.80822661456418,4.82315605774529,4.83688328076724,4.84921602183428,4.86001698708139,4.86918462993819,4.87666243095001,4.88254986497074,4.88683897704678,4.88970742593238,4.89125798514536,4.89168335701467,4.89116000308433,4.88992274628492,4.88814745643734,4.88601283982775,4.88372431940698,4.88143988425658,4.87930936300565,4.87747484897172,4.87602752299049,4.87503068676233,4.87454504657237,4.87459719941043,4.87516084324921,4.87623633885946,4.87779589888836,4.87976152014192,4.88212022380663,4.88480007516391,4.88773771119496,4.89088873144086,4.89420103983521,4.89761602304992,4.90110494603154,4.90462755382515,4.90815559659888,4.91165855242852,4.91511895729298,4.91852312485112,4.92185710175429,4.92510781684225,4.9282714741224,4.93133916940861,4.93431095418753,4.93718237221835,4.93995331259056,4.94262541867896,4.94519880119288,4.94767600844447,4.95005826360924,4.95235073975464,4.95455294851611,4.95667026937282,4.9587042048375,4.96065894244056,4.96253634709072,4.96433946545212,4.96607271311248,4.96773788066581,4.96933902267743,4.97087785246947,4.97235814167155,4.97378153122201,4.97515066567777,4.97646899246186,4.9777367023091,4.9789581264413,4.98013373095439,4.98126714450623
4.94796225224498,4.94564690566324,4.94323232658227,4.94070578017698,4.93807341860151,4.93528947834924,4.93237314780022,4.92933879880235,4.92615357801984,4.92281651855568,4.91931416901078,4.91564833450965,4.9117879677893,4.90772632431561,4.90346945330226,4.89901170501834,4.89430197632484,4.88938414546893,4.88418430022083,4.87874078075722,4.87312584182627,4.86696504960014,4.8606628999204,4.85409250704433,4.8471459653044,4.83989180096749,4.83229672225234,4.82438258230383,4.81612326561458,4.80755800212984,4.79867658912202,4.78950994217326,4.78008431073724,4.7704507371868,4.76068610653512,4.75081918397446,4.74099801196157,4.73130310333405,4.72186340369659,4.71285743027029,4.70443293609043,4.69679532961213,4.69012909831978,4.68463930664185,4.68054454135478,4.6780081803804,4.67725096503358,4.67834100713322,4.68136082697186,4.68638659821551,4.69327522079169,4.70202803868295,4.71241491993703,4.72420051707308,4.73718704909401,4.75092836432174,4.76529437101042,4.7798022633427,4.79413757048038,4.80807732628129,4.82128170114267,4.83353509273845,4.84465728335549,4.85452612589898,4.863037651442,4.87014753200206,4.87591349429342,4.88032797789234,4.8835076206265,4.88557309541597,4.88666406625328,4.88692812578486,4.88650925546208,4.88557435237209,4.88430442006358,4.88286264694714,4.88137108635326,4.87995362043032,4.87874894386736,4.87782052628442,4.87723888466246,4.87706299627529,4.87731358216208,4.87798098533951,4.87907565477046,4.88057204749166,4.88242749318638,4.884615500303,4.88708901007364,4.88980409715305,4.89270976645591,4.89577008008687,4.8989403935578,4.90219291661547,4.90548354053952,4.90879267791112,4.91209547144275,4.91536810571479,4.91860021936094,4.92177675720235,4.92488706233009,4.92792119902754,4.93087638210987,4.93374606176448,4.93652919417818,4.9392248468406,4.9418285579723,4.94434407175783,4.94677166497252,4.9491118427393,4.95136772886147,4.95353953763655,4.95563121771903,4.95764460730802,4.95958260020582,4.96144769443142,4.96324259112972,4.96497042280198,4.96663243672265,4.96823294665904,4.96977309216069,4.97125571826454,4.97268351928519,4.97405823111381,4.97538363445307,4.9766596294078,4.97788997803985,4.97907602131103,4.98021969184061
4.94629968670636,4.94396839250983,4.94156234001329,4.93901806492272,4.93633097122964,4.93355778023155,4.93065578155139,4.92761787245979,4.92444762088417,4.92113788830295,4.91764774934673,4.91401736078691,4.91019808609146,4.90621793669891,4.90200320711618,4.89762327574529,4.89299656437392,4.88818207091939,4.88309817006506,4.87782838004919,4.87215980713017,4.86659083184897,4.86032787256767,4.85395086906872,4.84729331035746,4.84035140437778,4.83312845565874,4.8256155970001,4.81782576853105,4.80976567692733,4.80145695279533,4.79294424352813,4.78422054767544,4.77538227163749,4.76646046366773,4.75752736857321,4.74867011307427,4.74001182074101,4.73165798094308,4.72372707227416,4.71638820403753,4.70978275027895,4.70410153287685,4.69950955189499,4.69617077230677,4.6941992274688,4.69375091301046,4.69492206870978,4.69774243045354,4.7022652164183,4.70840534452813,4.71608369117688,4.72517954355104,4.73546159279292,4.74676052023342,4.75876899920531,4.77122198028905,4.78390441202566,4.79652119359152,4.80879172462068,4.82051317669028,4.83146565819963,4.84150632051494,4.85052155041216,4.858394970606,4.86513445117039,4.87072296766505,4.87517404790136,4.87857673829582,4.88102700044025,4.88260102341478,4.88343066464742,4.88369732255986,4.88345041398779,4.88288978045396,4.88213539528781,4.88129065294318,4.88048203086041,4.87980697696813,4.87932925399332,4.87911427213598,4.87921400051772,4.87965232151372,4.8804321577616,4.88156434889728,4.8830327945418,4.88480760293041,4.88686510889393,4.88917676430941,4.8916974224191,4.89440623797883,4.89725088387344,4.90020865139809,4.90324390335726,4.90633067035684,4.90943872154243,4.91255424585025,4.91565188329632,4.91872375151811,4.92174513151518,4.92471898899699,4.9276296951074,4.9304725179994,4.93324303680426,4.93593506012619,4.93855083628658,4.94108128211295,4.94353657969359,4.94590647302472,4.94820055973126,4.95041428912254,4.95255100982047,4.9546133326678,4.95660039076488,4.95851881195397,4.96036591772225,4.96214862803976,4.96386450525808,4.96551924775327,4.96711478536041,4.96865008255647,4.97013247908636,4.97155979901197,4.9729386510408,4.97426652750542,4.97554867272033,4.97678498925642,4.97797718489883,4.97912934828786
4.94487853502359,4.94254393314539,4.94012511083739,4.93759811341666,4.93494799440373,4.93217120292668,4.9292835856541,4.92626046836599,4.92311142556024,4.9198179860855,4.91638330148601,4.91278494937004,4.90901117351549,4.90505738248001,4.90094465036973,4.89661541685342,4.89210377810021,4.88737052587023,4.88243729703503,4.87733365972135,4.87183023673953,4.86625846556757,4.86039815358549,4.85426778847325,4.84788917433677,4.84126376733322,4.83438488720592,4.82726078975168,4.8199192353567,4.8123501355791,4.80458897842451,4.79666732468643,4.78861860916376,4.78047850356875,4.7723131780223,4.76422322569183,4.75621789288583,4.74847182521335,4.74102739816177,4.73404101044659,4.72762401306125,4.72192107918334,4.71706158936639,4.71316878385519,4.71039741960372,4.70886955679182,4.70865865826091,4.7098726391158,4.71248024651634,4.71655580132605,4.72200792333146,4.72879137248712,4.73677651326288,4.74576672348997,4.75563510421389,4.76613871168161,4.77707352367316,4.78819047789863,4.79929574906326,4.81016740429974,4.82056884280712,4.83038074490004,4.83947339650943,4.84769759968627,4.85494732060093,4.8613677529578,4.86675361061915,4.87119667837889,4.87471595625236,4.87740737459563,4.87936056897225,4.88066630490488,4.8814279307871,4.88176422435243,4.88178236783991,4.88159468012707,4.88130414475071,4.88100235202213,4.88077692986379,4.88069073387475,4.8807979371716,4.88114856478609,4.88176871964269,4.8826650879773,4.88384716612395,4.88530908764619,4.88702924447605,4.88899533014718,4.8911797487794,4.89355201226615,4.89608911919263,4.89875763041834,4.90153093067676,4.90437669440486,4.90728068248793,4.91021246641382,4.91316018180267,4.91609405148423,4.91901418649988,4.92189793743031,4.92474075749865,4.92753088501293,4.93026295773923,4.93293229781224,4.93553382530127,4.93806818451821,4.94052592106325,4.94291577602411,4.94522916263508,4.94747070124763,4.94963988820923,4.95173606003199,4.95376363796765,4.95571939465709,4.95761220360226,4.95943665681749,4.96119951622285,4.96290044179627,4.96454141012475,4.96612625721058,4.96765393688785,4.96913136613876,4.97055396347035,4.97192955997314,4.97325614143203,4.97453618221296,4.97577499246492,4.97696760085365,4.97812440030268
4.94366852410813,4.94144246030613,4.93899789335316,4.936346020623,4.9337118873285,4.93094387104757,4.92806293785545,4.92506641135179,4.92192219499972,4.9186680867044,4.9152588594516,4.91171283997652,4.90799374426779,4.90411493762745,4.90004079698563,4.89584229947054,4.8913863713381,4.88678255836292,4.88194574085382,4.87696319213302,4.87161914378638,4.86627701702855,4.86058528107376,4.85471545301586,4.8486136155329,4.84230594210639,4.83578053558339,4.82905218260924,4.82212948081813,4.81503264753857,4.8077949484564,4.80042533865586,4.79299391327353,4.7855139565569,4.77806263728632,4.77069380761215,4.76348866308918,4.75653260793332,4.74990795173512,4.74372242877524,4.73809127643699,4.73310908978433,4.72893485979902,4.72564345662652,4.72334723879787,4.72215760552647,4.72209909890074,4.72328469684948,4.7257057216216,4.729364608844,4.73424612430172,4.74020983354386,4.74724993552467,4.75514147616674,4.76382869606349,4.77306090557822,4.78266114995309,4.79248086274787,4.80228563821665,4.81191837055612,4.82122852286116,4.83004244428353,4.83828483806017,4.84582319802569,4.85256348450841,4.85855928313267,4.86371853575594,4.8680786481112,4.87166680719486,4.87454659234792,4.8767745645057,4.87843322396065,4.87960484293725,4.88038917813766,4.88087198995772,4.88115292036641,4.88132548231136,4.88144730064704,4.88160767797816,4.88186060823127,4.88225099984681,4.88282976161559,4.88362019093766,4.88462728632203,4.88586815846644,4.88734367201681,4.88903622025238,4.89093335952517,4.89302645338749,4.89527697646972,4.89767642895949,4.90019854729365,4.90281340102467,4.90550619119062,4.90825312662848,4.91102937651991,4.9138227605216,4.91661742553623,4.91940006907624,4.92215593345597,4.92487960117795,4.92755971373771,4.93018884931737,4.93276507103138,4.93528413403292,4.93773798060509,4.9401312823389,4.9424609207431,4.94471442487822,4.94690527628564,4.94902958639929,4.95108663951669,4.95307928042054,4.95500669445635,4.95687193486113,4.95867487472325,4.96041807803664,4.96210286487586,4.96373017849708,4.96530291542467,4.96682172418665,4.96829017397727,4.96970820324539,4.9710788834538,4.9724030967506,4.97368298120668,4.97492046477167,4.97611537046014,4.9772719008937
4.94245096186655,4.94009267774142,4.9376505293526,4.93512422877597,4.93250902540377,4.92976663783124,4.92690344787715,4.92393578209858,4.92082969292751,4.91758649947051,4.91421814527226,4.91071079267611,4.90705406731949,4.90325023854459,4.89927947808063,4.89515682324103,4.89083502383209,4.88634749358362,4.88161171028157,4.87687491513595,4.87161181241917,4.86648466654662,4.86106052012484,4.85541499038939,4.8495867892347,4.84357072299984,4.83737369497643,4.83102005259185,4.82449660082474,4.81784969270535,4.81109916378742,4.80425908335788,4.79738336531927,4.79051240884921,4.78368325681655,4.77699860972822,4.77048470399713,4.76421471749182,4.75829294473241,4.75280945198427,4.74785613224071,4.74351561277828,4.73989111749848,4.7370809992597,4.73514895754399,4.73420887951293,4.73428655068355,4.73542689194306,4.73766130614709,4.74094368928826,4.74529235194491,4.75058902101899,4.75678776225169,4.76377667142669,4.77138665775729,4.77951337250485,4.78800112802753,4.79666988321954,4.80536448227893,4.81395931611186,4.82227646820015,4.83023419998637,4.83770396848555,4.84455872834213,4.85085041068941,4.85646413633204,4.86139265545153,4.86565495476796,4.8692547585351,4.87223279162878,4.8746574200664,4.87657676352613,4.87807139316059,4.87921394954259,4.88008416963841,4.88075068411325,4.88128892795404,4.88176483496638,4.88225197748901,4.88279395861455,4.88343443213656,4.88421388908263,4.88515541065828,4.88627058104348,4.88757706992317,4.88907398867159,4.89075067412322,4.89260472237763,4.89462216375637,4.89678148678885,4.89906968978844,4.90146799379552,4.90395488602158,4.90650867121172,4.90911604346763,4.91175805483876,4.91442155388054,4.91708729010219,4.9197459708369,4.9223880928808,4.92500028786647,4.92758032881235,4.93011704118091,4.93260641720067,4.9350441070422,4.93742795784175,4.93974930830517,4.94201724263182,4.94422584565945,4.94636857007266,4.94845074880526,4.95047119470222,4.95243063111609,4.95432984429112,4.95616900169445,4.95795050086625,4.95967482699935,4.96134280889177,4.96295863461422,4.96452059536514,4.96603200629628,4.96749380117528,4.96890800452008,4.97027573309117,4.97159783727063,4.97287716700496,4.97411439235891,4.97531217166873,4.97647005767485
4.94129197279208,4.93896459087812,4.93654002799517,4.93401933578683,4.93141437205789,4.928679527702,4.92585408989981,4.92290003333554,4.91984811507328,4.91664628420848,4.91332664807051,4.90987583575452,4.90629219398756,4.9025564045408,4.8986765240321,4.89464676821316,4.89045319657957,4.88606141503489,4.88158456288378,4.8767055693558,4.87190965161701,4.86684136858099,4.86164045839802,4.85623977776109,4.85068468470504,4.84497185411347,4.83911383716344,4.83311894677833,4.82700038755421,4.82078127316674,4.81448207336687,4.80814591758838,4.80179357208969,4.79548726511047,4.78925414533851,4.78314914696606,4.7772529798519,4.77162685643625,4.76632687141502,4.76144868236197,4.7570563012325,4.75324752888742,4.75009989383029,4.74769475563843,4.74607732369067,4.7453255694167,4.7454789190604,4.74656103689304,4.74860801348638,4.7515529510867,4.75543195792296,4.76014407374017,4.76562928898931,4.7718141906884,4.77852993155652,4.78569460334226,4.79319709126782,4.80090628242488,4.80864349731614,4.81629338147735,4.82378490303365,4.83095020717916,4.83774949085886,4.84406918192904,4.84987483804365,4.85514954874776,4.8598342305886,4.86395394036319,4.86751832229877,4.87055247700814,4.8731069428478,4.87522055652061,4.87696213645798,4.87837728946233,4.87953512994422,4.8805062842346,4.88135392686436,4.88212549683163,4.8828804287168,4.88366232098359,4.88451079926946,4.88546057984851,4.88653424351673,4.88774568396268,4.8891095668437,4.89063060711529,4.89230050513927,4.89411948916585,4.89607697266491,4.89815864033087,4.90035089949692,4.90264188200318,4.90501367461867,4.90744752187479,4.90993198252467,4.91245144691523,4.91499036165334,4.91753984747508,4.9200832144047,4.92261659230492,4.9251246434444,4.92760932090621,4.93005284857495,4.93246010162211,4.9348184096131,4.93713135368774,4.93939072294931,4.94159397224031,4.94374880007528,4.94584258304291,4.94788143543349,4.94986198297454,4.95178643688842,4.95365439875362,4.95546621323004,4.95722451220892,4.95892636356517,4.96058206920024,4.96217847128135,4.96372871725574,4.96522980621443,4.96668305202934,4.968090052096,4.96945209666322,4.97077213819148,4.97204903692187,4.9732860388969,4.97448366522878,4.97564354980102
4.94027428853661,4.93796510685931,4.93555282521763,4.93305981264571,4.9304709985996,4.92777511456922,4.92497730121462,4.92205907766681,4.91904519675933,4.91588339530803,4.91263441828725,4.9092284022321,4.90570919119191,4.90206036486374,4.898271483813,4.89433742070712,4.89025809843588,4.88613821235911,4.88173115162667,4.87712415435345,4.87235708984424,4.86758616867829,4.86259908407037,4.85743998364028,4.85214676575854,4.8467222533756,4.84117128938809,4.83550749183297,4.82976526446481,4.82393556581283,4.81807023480938,4.81218214194009,4.80631385084251,4.8005078557587,4.79479240525738,4.78923319730458,4.78387736002411,4.7787826724858,4.77402656461422,4.76966958986042,4.7657805265691,4.76242670882273,4.75966781565722,4.75756625590449,4.75620019556277,4.75559737896136,4.75581097127554,4.75682188905945,4.75867612376444,4.76131774361231,4.76480961765243,4.76900194573295,4.77387177396487,4.77932714488121,4.78528617809462,4.79164760524415,4.79832168520106,4.80517101616257,4.81207028035454,4.81895076864012,4.82566195547781,4.83215655874986,4.83834299490747,4.84413585494359,4.84953324054005,4.85446702349199,4.85892461017753,4.86289701044207,4.86640099660008,4.86944882548459,4.87208147455499,4.87432625869865,4.87623685051229,4.87786504331017,4.87926413517583,4.88048058287374,4.88157169068711,4.88258027036669,4.88355797983809,4.88454487469628,4.88556925512391,4.88666590602761,4.88785641868878,4.88915363669321,4.89057334370924,4.89211773089028,4.89378931300699,4.89558094768103,4.89749196103926,4.89950843961682,4.90162302714991,4.9038212074315,4.90609186405077,4.90842213316779,4.91079705235841,4.91320657520767,4.91563400139684,4.91807517452706,4.92051351501423,4.92294653908051,4.92535802939121,4.92774794359308,4.9301070210117,4.93243075365415,4.93471450432011,4.93695509180443,4.93914989884826,4.94129354742429,4.94339115698276,4.94543540018198,4.94742838236852,4.94936829877277,4.95125422001001,4.95308930586375,4.95487033884978,4.95660236957338,4.95827964442524,4.95991215938385,4.96149512311903,4.9630249237952,4.96451257687776,4.96595337790434,4.96735167197421,4.96870427194718,4.97001792381583,4.97128884957003,4.97252199627633,4.97371592081145,4.9748736072607
4.93941158090998,4.93711513865984,4.93472908934945,4.93225874499238,4.92969851757551,4.92702672694722,4.92425769354663,4.92139000392961,4.9184170570413,4.91532159801589,4.91211441539782,4.90878889830634,4.90533962425875,4.90176407333029,4.89806352951167,4.89423836954217,4.89028301179386,4.88617385186237,4.88214643984813,4.87753674322525,4.87292881484077,4.86833786364313,4.86356204497151,4.8586660139857,4.85363313709935,4.84849204408139,4.8432501564162,4.83791922019103,4.8325243163358,4.8270770191253,4.82160102260067,4.81614773623343,4.81072095813854,4.80536300014194,4.80012463355589,4.79504325984169,4.79018135021418,4.78557879002435,4.78129555631811,4.77739032905794,4.77391562754906,4.77094291760108,4.76852321602204,4.76670098114755,4.76553837191719,4.76504396229216,4.76527674500891,4.76621579056459,4.76789512762793,4.77031741279159,4.77340061550196,4.77714851094492,4.78145815840535,4.78631952750208,4.79163493691989,4.79729524513688,4.803228114063,4.80934171454406,4.81552704979894,4.82169143189782,4.82776828709516,4.83366550859561,4.83930188857112,4.84464597859606,4.84964328403164,4.85426907293952,4.85849721344552,4.86231059411449,4.86572971879393,4.8687575842046,4.87142763764292,4.87376577839694,4.87581147859502,4.8776021548258,4.87918005111675,4.88059014134605,4.88187893578767,4.88308417082384,4.88424569687579,4.88540220605147,4.88657588887314,4.88779984486379,4.88909187992985,4.89046638680466,4.89193654578677,4.89350900809662,4.89518268141409,4.8969579273878,4.89883170605439,4.90079776012006,4.90284448822993,4.90496839568621,4.90715306209551,4.90939099665843,4.9116719593931,4.91398362485999,4.91631514167805,4.91865961281578,4.92100403447279,4.92334228877477,4.92566669061258,4.92797238320046,4.93024990617879,4.9324978400109,4.93471124389028,4.93688392041106,4.93901697715563,4.94110593845207,4.94314842037034,4.94514540250578,4.94709388901316,4.94899284043295,4.95084238653414,4.95264373366342,4.95439524994535,4.95609943701797,4.95775502667666,4.95936274623482,4.96092746129377,4.96244321533589,4.96391477201822,4.9653424622502,4.96672919529734,4.96807311044223,4.96937814578006,4.97064304985366,4.97186987051618,4.97306034499945,4.97421450303047
4.93865910081388,4.93637590037868,4.93400402153009,4.93156238173935,4.92902449850565,4.92639472839882,4.92366583746244,4.92083628949483,4.91790691118606,4.91486360718143,4.91172489524586,4.90845942630246,4.90509081861021,4.9015943699537,4.8979895778713,4.89426364688323,4.89042270270933,4.88644211930049,4.88234759673639,4.87815709851598,4.87389956773934,4.86932854492039,4.8647745408322,4.86008421077759,4.85530319014656,4.85041847591192,4.84545789213202,4.84043221079073,4.83536042843759,4.83026321066321,4.82516724538642,4.82008213290127,4.81505726718182,4.8101222677601,4.80530994579107,4.80066403974607,4.79622334431127,4.79204560809896,4.7881701428875,4.78466529179031,4.78155828418649,4.77891099270285,4.77676787356517,4.77516481637306,4.7741575493205,4.77374864975328,4.77398767150547,4.77487139931769,4.77639862349605,4.77857213250002,4.78132394974961,4.78466513674442,4.78853010844351,4.79285759838676,4.79758478144568,4.80263394606771,4.80794659401928,4.81340651154835,4.81897222216403,4.82453082323908,4.83002754567474,4.83537932733661,4.84055165985621,4.84547147480898,4.85011393396856,4.85444701725099,4.85844475821171,4.86210302669895,4.86542581578642,4.86841543327886,4.87109630233833,4.87348856301291,4.87561801056723,4.87752369946146,4.87924170722281,4.88080279433705,4.8822473757268,4.88361268145928,4.88492413899056,4.88621880122787,4.88751626834376,4.88884538062795,4.89022498412581,4.89166566497684,4.89318060919271,4.89477866990508,4.89645630720069,4.89821927374269,4.90006602941135,4.90198695377642,4.90397935053454,4.90603774616262,4.90814988499604,4.91030799075952,4.91250579588606,4.91473228635393,4.91697608607423,4.91923128107298,4.9214903252418,4.92374608519955,4.92598966093319,4.92821574226547,4.93042060715812,4.93259704573469,4.93474373795483,4.93685557041136,4.93892957900524,4.94096348053798,4.9429566304097,4.944905450909,4.94681189702923,4.94867300366732,4.95048703559827,4.95225622210421,4.95397943796538,4.95565687698505,4.95728896773421,4.95887575866273,4.96041960121752,4.9619202255326,4.96337706729534,4.96479256306329,4.96616795984296,4.9675031255825,4.96880016796801,4.97005887187811,4.97128075765424,4.97246703398186,4.97361827364764
4.93791476602552,4.93565551416402,4.93331474017254,4.93089352501325,4.92838100144809,4.92578845944875,4.92309959998522,4.92031931481123,4.91743830770721,4.91446288333716,4.9113840099446,4.90819095784866,4.90489848615748,4.90149751014106,4.89797629690834,4.89437616075453,4.89065759104466,4.88681969454384,4.88286853661714,4.87879566860176,4.87474915167018,4.87040779596446,4.86597208749001,4.86147052469705,4.85692879876161,4.85231152988771,4.84762057751336,4.8428869725147,4.8381138832167,4.833343165376,4.82858630773302,4.82385873101489,4.8191956281695,4.81463379062392,4.81020702022492,4.80594982654619,4.80190398123956,4.79810354486216,4.79459873410791,4.7914259815393,4.78863538517382,4.78626279702817,4.78436347804206,4.78295073339299,4.7820720834454,4.78173650402827,4.78197260726905,4.78278678673206,4.78416706110165,4.78611078509491,4.78859329769422,4.79157958693471,4.79504498543284,4.79890826525001,4.80313200835681,4.80765682917029,4.81240878173842,4.81732579996059,4.82233395607248,4.82735937654363,4.83233769829774,4.83722483110919,4.84196496637076,4.84650152788246,4.85082300506639,4.8548770360994,4.85866825409536,4.86216535430057,4.86538014488921,4.86830982580111,4.87097222270252,4.87338804202521,4.87557646178302,4.87756699222262,4.87938585901151,4.88106613988542,4.8826330934683,4.88411853725577,4.8855506276137,4.886959169769,4.88836154692189,4.88977883382171,4.89123181413511,4.89272757293745,4.89428244893141,4.8959011822172,4.89758508478126,4.89934000081539,4.9011623459309,4.90304711738569,4.90499319069004,4.90699430903764,4.90904362328181,4.91113150349079,4.91325669937654,4.91540591641213,4.91757271938143,4.91975064470789,4.92193228642525,4.92411015602469,4.92628005295051,4.92843473222964,4.93056986081274,4.93268141140186,4.93476562373903,4.9368180884682,4.9388375173814,4.9408198405378,4.9427649751648,4.94467022522634,4.94653496276204,4.94835796457197,4.95013786388981,4.95187534557514,4.95356979249091,4.95522118589783,4.95683093526585,4.95839491313149,4.95992182290807,4.96140542281447,4.96284849801897,4.9642514218331,4.96561495819802,4.96694047734097,4.96822887183745,4.96948079034561,4.97069755584055,4.97187896780439,4.97302747104622
4.93720867080653,4.93496730912129,4.9326507942454,4.93026757525924,4.9277907780362,4.92523417630394,4.92258907831089,4.91985467808243,4.91702987273704,4.91410792354433,4.91109432112397,4.90798019784838,4.90478358959783,4.90147561796864,4.89806613456413,4.89455444306718,4.89093974145714,4.88725010370557,4.88343789037373,4.87952730003057,4.87582020187154,4.87139048035999,4.86719938726434,4.86295511763313,4.85842866007953,4.85440039999952,4.84987204540958,4.84536064576831,4.84085097165991,4.83638567730197,4.83199087900889,4.82758474241646,4.82327737215206,4.81906366447985,4.81498072182299,4.81107104457421,4.80735748800658,4.80389106136162,4.80070899555362,4.79784193395528,4.79533087296085,4.79320095773963,4.79149876111477,4.79023925874877,4.7894613135991,4.78918471119774,4.78940803913546,4.7901561236824,4.79139778801791,4.79314824126936,4.795377911076,4.79805721629262,4.80115367604687,4.80461480686143,4.80839812238451,4.81246819634272,4.81673257321681,4.82115889264861,4.82567414646037,4.83023173727136,4.83476545767557,4.83923584565891,4.843577998778,4.84777774608188,4.85179082944431,4.85559552306582,4.85916967072208,4.86250624215633,4.8656039932822,4.86846333228035,4.87109293268095,4.87350885373458,4.87572692846485,4.87776892371206,4.87965752958328,4.88141871482304,4.8830767575734,4.88466014823097,4.88618673119181,4.88768223706326,4.88916436270641,4.89065215664104,4.89216380431581,4.89370507843994,4.89529024252518,4.89692594491664,4.89861371724697,4.90035826036122,4.90215780178081,4.90401222373098,4.90591410832013,4.90786606899067,4.90985756481662,4.91188476922079,4.91394086726956,4.91601994335993,4.91811670225202,4.92022145731718,4.92233163611055,4.92443857097305,4.92653866658221,4.92862551312112,4.93069662779712,4.9327453420463,4.93476945550995,4.93676630089589,4.93873203438783,4.94066531714682,4.94256279718183,4.94442451128021,4.94624783170884,4.94803394804131,4.94977942473773,4.95148565482983,4.95315136015314,4.95477634463183,4.95636275919601,4.95790532703362,4.95940910315882,4.96087871761214,4.96230638540497,4.96369532225286,4.96504668421064,4.96636193398776,4.96764170091545,4.96888623343361,4.97009666861582,4.97127327505219,4.97241708615821
4.93652427632852,4.93431436354407,4.93202729728869,4.92966916015282,4.92722731578239,4.92471458446658,4.92211257621272,4.91943578469428,4.91666256257063,4.91381044536096,4.91086563059327,4.90783135688701,4.90470958980787,4.90149706234596,4.89819913621974,4.89480618367785,4.89130785858909,4.88772169176398,4.88405318332051,4.88026491203183,4.87643573864239,4.87255973268627,4.86854090555701,4.86447796365542,4.86038994613771,4.85620226228847,4.85202675405146,4.84788609597905,4.84369197224986,4.83942943214581,4.83537345968787,4.83124862888056,4.82724037229571,4.82334002235448,4.81961255350769,4.81592956140666,4.81254607646177,4.80935818107604,4.80644176998894,4.80383500021265,4.8015553647066,4.7996334704657,4.7981009898351,4.79698470949927,4.79629740560762,4.79605909133241,4.79626785187554,4.79693269709852,4.79806104534243,4.79963508508749,4.80164814626793,4.80404906443291,4.80683129562146,4.80994161530953,4.81334225822599,4.8169965572419,4.82084962013537,4.82484393250002,4.8289418206815,4.83307430289134,4.83721063666513,4.84129610888847,4.8453009927273,4.84918568360121,4.8529240499978,4.85648950978474,4.85987298347661,4.86305614832857,4.86603530220682,4.86881475907069,4.87139330510065,4.87379186886789,4.87601682508224,4.87808829779072,4.88002413205462,4.88184551978646,4.88357344915674,4.88522585139601,4.8868239696025,4.88838852679874,4.88993528509894,4.89148008380691,4.89303654151058,4.89461482271847,4.89622475097974,4.89787244144167,4.89956285318778,4.90129768455045,4.90307788873943,4.90490273348051,4.90676960871754,4.90867497741183,4.9106158848928,4.91258567570206,4.91458266622314,4.91659812296324,4.91862911854149,4.92066888040228,4.92271211327338,4.92475391718604,4.92678957243474,4.92881366513914,4.93082155395475,4.93281203640407,4.93478005550149,4.93672243491049,4.93863644170301,4.94052182720263,4.94237339998343,4.94419184746204,4.94597666531623,4.9477244312785,4.9494367004071,4.95111027673525,4.95274722531359,4.9543446415724,4.95590620104697,4.95742884680555,4.95891147128581,4.96036072691279,4.9617727335315,4.9631477251751,4.96448599805947,4.96578952242979,4.96705812573575,4.96829404105739,4.96949611067062,4.97066589175147,4.97180473002614
4.93590017903227,4.93372594125612,4.93147365173283,4.92915240415935,4.92675697580685,4.92428639118533,4.92173288703385,4.91910842439639,4.91639418160524,4.91361168536758,4.9107420185514,4.90780303646959,4.90475930802694,4.90164762968456,4.89842894337607,4.89513489437488,4.89177594559457,4.88831222595188,4.88477919683196,4.88117097345067,4.87749224084978,4.87376762933268,4.86995111826718,4.86609688404061,4.86230445419349,4.858257315836,4.8542614632061,4.850395635674,4.84645628683588,4.84251798492543,4.83869401203865,4.83475031384355,4.83119092010466,4.82750661177537,4.82405730149803,4.82074085566518,4.81747406329016,4.81465433640411,4.81194241826755,4.80968939820756,4.80755830338619,4.80587085263335,4.80451328380495,4.80342155886501,4.80281412714678,4.80258522867987,4.80276169421047,4.80341184846562,4.80438269353228,4.80580014735533,4.80760221859441,4.80976798304377,4.8122651406675,4.81507397531087,4.81813492336415,4.82143417865335,4.82490912115635,4.82853270640333,4.83223852589721,4.83600537750174,4.83977968873926,4.84353061737924,4.84722400973279,4.85081998204659,4.85430510111652,4.85764885372558,4.86084012818298,4.86386583932183,4.86672286370263,4.86941218098877,4.87193176865923,4.87429800309766,4.87651078466725,4.87859194581374,4.88055267094419,4.88240709093812,4.88417887129696,4.88588049269634,4.88753115274414,4.88914571188726,4.89073881589226,4.89232462336739,4.89391419710918,4.89551846957239,4.89714470877006,4.89879828471259,4.90048692682659,4.90220952633205,4.90396948799139,4.90576527770155,4.90759710790396,4.90946018523919,4.91135214390012,4.91327166863632,4.91521194030229,4.91716824110118,4.91913878713474,4.92111541007784,4.9230977261503,4.92507654665116,4.92704982171403,4.92901430117319,4.930964213226,4.93289833736013,4.93480970337378,4.93670181028382,4.93856478202348,4.94040390803607,4.94221059900341,4.94398778505273,4.94573209025399,4.9474426305257,4.94912010150266,4.9507610134803,4.95236914666287,4.95393924187035,4.95547542626674,4.95697572086332,4.95843829210379,4.95986671483823,4.96125941486423,4.96261979144667,4.96394278889879,4.9652350500594,4.96649189600301,4.96771731425565,4.96891112711151,4.97007286063592,4.97120520416788
4.93543592568535,4.93328493477951,4.93106937707566,4.92877817542436,4.92642487788151,4.92399871548111,4.92150306431044,4.91893192732315,4.91628403338241,4.91357166437869,4.91077533849374,4.90789734748969,4.90494305480304,4.90192319705615,4.89881251747515,4.89563367705068,4.89237628565792,4.88904605859385,4.88564188583846,4.88217074668166,4.87866477884038,4.8750766319311,4.87146302637389,4.86778343842258,4.86410945890167,4.86043633819548,4.85664714135354,4.85289635483572,4.84925758344172,4.8454916828047,4.84187815252242,4.83833146865421,4.83482606004708,4.83157019395565,4.82833642831601,4.82513332229992,4.82238446973576,4.81957389626288,4.81740650951076,4.81510316891364,4.81319442961877,4.81143217511187,4.81023565792765,4.80910760165467,4.80887046863145,4.80863239115786,4.80879433231728,4.80954226745669,4.81050556214697,4.81166246414406,4.81325297875739,4.81519706833847,4.81744960416829,4.81996812624443,4.82273835957916,4.82572037096749,4.82887527858698,4.8321655542245,4.83552634563505,4.838959851844,4.84242415709176,4.84587425049305,4.84927902595226,4.85262400531485,4.8558719367835,4.85901069038309,4.86202758311321,4.86490765572201,4.86764820342967,4.87024413470311,4.87270031961117,4.87501973363996,4.87721087962253,4.87928495210815,4.88125308841319,4.88313114416905,4.8849297983544,4.88666576752901,4.88835214367427,4.89000186898908,4.89163039290717,4.89324423331245,4.89485917969099,4.89648137494221,4.89811778548172,4.8997767865171,4.90145868554016,4.9031689807414,4.90490978042469,4.90667840970919,4.90847622576039,4.91030156048851,4.91215021922048,4.91401984202821,4.91590794914162,4.9178121141962,4.91972394879915,4.92164456626281,4.92356829036235,4.92548869422249,4.92740504540074,4.92931196647146,4.93120582942718,4.93308521459325,4.93494548850288,4.93678520785054,4.93860103003991,4.94039227764243,4.94215549086052,4.94389048599409,4.94559483648035,4.94726867272659,4.94891085209339,4.95052025910242,4.9520966113514,4.95363861750268,4.95514801820994,4.95662305596093,4.95806360302324,4.95947108284629,4.96084430880056,4.96218712541123,4.96349499250655,4.9647719691291,4.96601586941773,4.96722930596472,4.96841169480044,4.9695631996577,4.97068717522676
4.93504381691212,4.93293490812618,4.93074678147639,4.92849059008597,4.926185406824,4.92380019977747,4.9213565034237,4.9188388494921,4.91625802789133,4.91360420401464,4.91088270594731,4.90808280790258,4.90522029690075,4.90227377713781,4.89926846912792,4.89619900066116,4.89304022904043,4.88983112713795,4.88655116132849,4.88323594682872,4.8798726159234,4.87644518110138,4.87299946827191,4.86951275387001,4.86601732338258,4.86247843068925,4.85894043102174,4.85542693260149,4.85194706399223,4.84848572300464,4.84506861467945,4.84174937372119,4.83849336619979,4.83539025523126,4.83237631853747,4.82951666587532,4.82695290142222,4.82441051616238,4.82226425164913,4.82022553199148,4.81851587911116,4.81714040024654,4.81582051955317,4.81510823181891,4.81457526225072,4.8142206085926,4.81453017169613,4.81491414818561,4.81559924786675,4.81697999217676,4.81820652566124,4.8202559030378,4.82219648460511,4.82461827897089,4.82718290587694,4.82984899775723,4.83263498577127,4.83559490034075,4.8385373630953,4.8417764511558,4.8449520574922,4.84813613082114,4.85129389635242,4.85439798648718,4.85743987440309,4.86039003487574,4.86324119913485,4.86598476803999,4.86860659652214,4.8711120715214,4.87349850757408,4.87576863269245,4.87792997199392,4.87998718402666,4.88195532908718,4.88384031377747,4.88565499721134,4.88741245536587,4.88912258408813,4.89079834451924,4.89245031791561,4.89408773687851,4.89572082036473,4.89735561137609,4.89900045347761,4.90066019476496,4.90233751212109,4.90403722323899,4.90575953711367,4.90750588244138,4.90927476285671,4.91106585751278,4.91287754645484,4.91470636226943,4.91654857186907,4.91840428292018,4.92026824108764,4.92213853841009,4.9240088599335,4.92587919473867,4.92774344219897,4.92959935276087,4.93144457491113,4.93327456669624,4.93508787677074,4.93688220618842,4.93865438241347,4.94040285300837,4.94212669257308,4.9438236737814,4.94549255345696,4.94713263862593,4.94874154590212,4.95032144820811,4.95186985919912,4.95338667390565,4.9548711407998,4.95632379071196,4.95774474844062,4.95913243093841,4.96048893814015,4.96181395538892,4.96310773986606,4.96437068787434,4.96560299272718,4.96680510132179,4.96797684718498,4.96912107418933,4.97023566130612
4.93464268833829,4.93260714894609,4.93043803635747,4.92822500597585,4.92595545992406,4.92362742153179,4.92123782730121,4.91877648853567,4.91626603979728,4.91367295018421,4.91101482912555,4.90829425771969,4.90551880858756,4.9026738328502,4.89975826124218,4.89678403729933,4.89375183901505,4.89065802234904,4.88753265045678,4.88433967164194,4.88110553200731,4.87784688817704,4.8745393771797,4.87123370810755,4.8678948159898,4.86454885155802,4.8612184919464,4.85790766078625,4.85461596215359,4.85137001681789,4.8481806803591,4.84508401349479,4.84209104214291,4.83917456968896,4.8363874240238,4.83372166149077,4.83125741869297,4.82903321604421,4.8269805720762,4.82515730643871,4.8234618389371,4.82219689809668,4.82109244278283,4.82033427090471,4.81984072149535,4.81966420320272,4.81996346003279,4.82026756986418,4.82104356679757,4.82206754384984,4.82339437969561,4.82490338595639,4.82689480126774,4.8289613331068,4.83099754322485,4.83357719362249,4.83616399520912,4.83886249452774,4.84157586826918,4.84469815468234,4.84758818547953,4.85057812296498,4.85352078625711,4.856340833132,4.85911468982152,4.86189074714114,4.86458717953593,4.86719507909725,4.86969887026606,4.87210711867115,4.87441811493468,4.87663012197017,4.87875123265063,4.88077997965588,4.88273183726596,4.88461155389957,4.88642887509178,4.88819274927273,4.88991359802001,4.89160221873103,4.89326566634343,4.89491391752282,4.8965547643828,4.89819432844285,4.89983964292212,4.90149395508706,4.90316193105771,4.90484637326538,4.9065480970806,4.90826941342227,4.91000897204374,4.91176572041112,4.9135396260382,4.91532793426228,4.91712776024082,4.9189369674704,4.92075385638762,4.92257450057771,4.92439668839963,4.92621777602041,4.92803227703708,4.9298397348493,4.93163630701229,4.93342010363968,4.93518817328882,4.93693770469203,4.9386678655272,4.94037572850725,4.94206120148938,4.94371991411433,4.94535511981704,4.94696130874416,4.94854013330789,4.95009053524387,4.95161084537109,4.95310244990974,4.95456260305331,4.95599383513072,4.95739345120024,4.95876335501325,4.9601022065045,4.96141141675598,4.96269086728364,4.96394038128637,4.96516117486973,4.96635268443802,4.96751543457172,4.96865051496306,4.96975764513798
4.93436468779912,4.93238070615721,4.93021375857051,4.92805580030213,4.92582742862168,4.92354572318861,4.9212098375608,4.91881250910969,4.91634996477806,4.91383147709812,4.91125431252174,4.90861892080394,4.90591305346521,4.90315619082212,4.90034268075881,4.89746181122627,4.89454488445297,4.89157171986764,4.88856121906144,4.88550908165211,4.88242045015716,4.87930191385358,4.87615286692966,4.87300283667511,4.86981477242103,4.86666197264396,4.86350422224084,4.86036336205266,4.85726672116391,4.85421686903755,4.85122453486329,4.84831291365116,4.84567166621144,4.84274254996011,4.8401630859298,4.83768762774359,4.83539512690657,4.83332718814825,4.83141441594699,4.82979342563512,4.82827852364654,4.82705502121111,4.82606488941959,4.82535320625716,4.82492223334462,4.82470363083818,4.82491237215471,4.82529345029381,4.82595047936652,4.8268849692021,4.8280557304122,4.82949152288521,4.8311864579474,4.83309453043979,4.83531993564751,4.8373328807087,4.83970846713419,4.84212868931009,4.84487135586512,4.84735955549127,4.85028143869084,4.85282154339273,4.8555256123137,4.85825128236151,4.86089392044396,4.86350699728253,4.86606041959186,4.86852349491458,4.87102831931839,4.87333640248354,4.87553922374261,4.87764836804584,4.87971364178406,4.88170866644732,4.8836375536117,4.88549818712997,4.88730876720788,4.88906970768496,4.89079230207522,4.89248398538004,4.89415150656754,4.89580243684511,4.89744476922035,4.89908236723752,4.90072365123962,4.90236988835006,4.90402508633852,4.90569135177166,4.90737155392662,4.90906675484344,4.91077670898219,4.91250089789598,4.91423799787019,4.91598736369056,4.91774539181756,4.91951085764298,4.92128188959791,4.92305619519725,4.92483092539694,4.9266035888525,4.92837020371141,4.930131566036,4.93188135498143,4.93361821324307,4.93534210411594,4.9370476363635,4.93873672243722,4.94040279900291,4.94204979624219,4.94367221795989,4.94527099917157,4.94684348874619,4.94839018174942,4.94991015257762,4.95140140263895,4.95286593469822,4.95430120152978,4.95570881854182,4.95708664023835,4.9584361306692,4.95975661131307,4.96104760666541,4.96231107005534,4.96354450836101,4.96475181550702,4.96592994264199,4.96708198907449,4.96820622385874,4.96930397917062
4.93416451299648,4.93214449173558,4.9300839341575,4.92796841591379,4.92578835060941,4.92355458138595,4.92126859768576,4.91893466729305,4.91654011471748,4.91407896318275,4.91156933880058,4.90900789006442,4.90639276741032,4.90371777752178,4.90099728704265,4.89822594890568,4.89540527671193,4.89254650248389,4.88965305384948,4.88672426266296,4.88377608034419,4.88079016436161,4.87778295926013,4.87478332447048,4.87177719243266,4.86875053176775,4.86578177708338,4.86280394326343,4.85987751290172,4.85701297346607,4.85419440244553,4.85142437462446,4.84869730340993,4.84622456094058,4.8438324979537,4.84154831247297,4.83944897581078,4.83758809792414,4.83567504564714,4.83418984176823,4.83285199238546,4.83171301982186,4.8308101795278,4.83016787050882,4.82970825412202,4.82955893781371,4.82967370315444,4.83001132980917,4.83062457755928,4.83146447540721,4.83251985158431,4.8338301853425,4.83535837836102,4.8370814360277,4.83898915936965,4.84099844656621,4.8431357527925,4.84542481788274,4.84778355712813,4.85025277320665,4.8527607452322,4.85522650828646,4.85767968138406,4.86024038997832,4.86275161736121,4.86532788104535,4.86763822509856,4.86988396281022,4.87228841743612,4.87447617459598,4.87668544277516,4.87875823650938,4.88076563842739,4.88271662905025,4.88460427297291,4.88649025465786,4.88830361497098,4.89002739218287,4.89171996141531,4.89339926841196,4.89506156609762,4.89671166010405,4.89834720581328,4.89998363353107,4.90161621682244,4.90325263915226,4.90489338106927,4.90654398793434,4.90820145969534,4.90987291961133,4.91154706892672,4.91324285483432,4.91494661779173,4.91666026062913,4.91838063646949,4.92010852031796,4.92183622597494,4.9235653958403,4.92529707327929,4.92702563359951,4.92874993639487,4.93046524294128,4.93217085794788,4.9338633986549,4.93554445246195,4.93721108624092,4.93886012780471,4.94048979242209,4.94209866702667,4.94368545714072,4.9452501170806,4.94679081960937,4.94830717393653,4.94979722137933,4.95126196521894,4.95269998009692,4.95411124648145,4.95549552692237,4.95685162076139,4.95818052914022,4.95948172834218,4.96075588513186,4.96200219056096,4.96322171161063,4.96441467346452,4.96558064168291,4.96672037768626,4.96783387574314,4.96892144632558
4.93399486596665,4.93200938049071,4.92997698526659,4.92792746541932,4.92577112218633,4.92358973903675,4.92135943542503,4.91907150481203,4.9167357716363,4.91435722618061,4.91190663607398,4.90941695299259,4.90688803720576,4.90429821147861,4.90165404034553,4.89898670266543,4.89627129107378,4.8935213309567,4.8907425844336,4.88794002868881,4.88510532045197,4.88225265980375,4.87939336719393,4.87651560315578,4.87366060813114,4.87080428402322,4.8679704859222,4.86516989233223,4.86241605479706,4.85969602121826,4.85704791813429,4.85448538080749,4.851783945537,4.84964034475084,4.84739209192428,4.84526180208728,4.84327290531495,4.84157624701614,4.83985471522203,4.83837502657908,4.83713840548452,4.83608142979694,4.83524343406399,4.83462091693475,4.8342345497718,4.83410093028744,4.8341532938607,4.83448260251017,4.83502285699119,4.83577596861022,4.83674477568627,4.83791747203933,4.83929925398803,4.84088043565511,4.84261563197487,4.84445248712464,4.84644240801738,4.84853218297065,4.85070690465928,4.85296479837774,4.85528314096761,4.8576006539452,4.85994683172165,4.86229607762038,4.86464013820536,4.8669361234638,4.86918814655939,4.87146093196965,4.87365020581649,4.8757684377007,4.87784682972938,4.87983751886181,4.88182442567722,4.88369576247495,4.88552897549193,4.88737359720217,4.88912928055479,4.89093087654885,4.89263448560346,4.89430503726512,4.8959653443363,4.89757956948115,4.89923711510866,4.90088044096438,4.9024918719411,4.90409920367874,4.90571722727755,4.90733355850202,4.90894174149782,4.91064952524592,4.91227529680347,4.91393740177433,4.91560775123002,4.91729118448602,4.91897665636073,4.92066301653814,4.92235536901889,4.92404924021904,4.92573649278121,4.92742598135111,4.92910901991866,4.93078568737279,4.93245271764871,4.93408699477183,4.93574305390939,4.93736901148111,4.93898350781371,4.94057688808025,4.94215119027564,4.9437054411306,4.94523724163671,4.94674798608489,4.94823431593465,4.9496980201947,4.95113552542714,4.95254882484359,4.95393636486996,4.95529874838646,4.95663491787794,4.957944193809,4.95922812480014,4.96048511824581,4.96171619813359,4.96292121142488,4.96410038159068,4.96525419819495,4.96638210298203,4.96748549897688,4.96856360704687
4.93378972154845,4.93185093697564,4.92985069104777,4.92789200039106,4.92576067164493,4.92361099482262,4.92143423435566,4.91920497591988,4.91692461052491,4.91460114129395,4.91223587425875,4.90982817223001,4.90736373260551,4.90485926921549,4.9023238512528,4.89973207863596,4.89713469121109,4.89448910963446,4.89182092003504,4.88911633266595,4.88641037145,4.88368920588763,4.88096326192409,4.87823020218331,4.8755097126894,4.87280228051616,4.87012200323024,4.86746115904932,4.86484707439822,4.86230833819791,4.85981719219156,4.8574036301567,4.85509609327643,4.85285072612992,4.85074065616121,4.84873979230011,4.84692345726879,4.84526973118801,4.84374582010745,4.84238841342209,4.84121544189751,4.84021688014458,4.83944780448296,4.83885736250587,4.83851486014368,4.83834181043778,4.83842109109666,4.83868265309651,4.83917823474911,4.83987448594374,4.84072575162003,4.84180737816954,4.84306191304387,4.84449052061693,4.846078834834,4.84778912866451,4.84962159615335,4.85153148569406,4.8535293745928,4.85561994332815,4.85775319525945,4.85992427781641,4.86212495859496,4.86431520591166,4.86656507089538,4.86866802939964,4.87085853575626,4.87297297675876,4.87505282837525,4.87710115428681,4.8790989291204,4.88106620272099,4.88302413315416,4.88483886336555,4.88688293047622,4.88843531724217,4.89015140845573,4.89192414697163,4.89353853616909,4.8952379344677,4.89686834722392,4.89844815740335,4.9000668372668,4.9017046322365,4.90329378094467,4.90485817153509,4.90652007342764,4.90815153684266,4.90974541049694,4.91135899796692,4.9130426707271,4.91467636939981,4.91629790840229,4.91793694350183,4.91958350553905,4.92123632363175,4.92288662963013,4.92452321982211,4.92619767213423,4.92783538601309,4.92947557693198,4.93109306658258,4.93273320511127,4.93435877582162,4.93596200623795,4.93755460460974,4.93912455576857,4.9406826280481,4.94222412417499,4.94374527239441,4.94524649662836,4.94672674807213,4.94818463992307,4.94962044470069,4.95103253237198,4.95242041167373,4.95378501698708,4.95512510253884,4.9564405068897,4.95773041058813,4.95899566780695,4.96023537366734,4.9614505773454,4.9626409013862,4.96380628021102,4.96494721567555,4.96606346273709,4.96715628336863,4.96822474032233
4.93365213071711,4.93175042006193,4.9298143144315,4.92782303577403,4.92587176119912,4.92370465525065,4.9215780426663,4.91941221677445,4.91721325930316,4.91495238509443,4.91264661062996,4.91031758443525,4.90793479490035,4.90551507114251,4.9030656174542,4.90058680583546,4.89806527452717,4.89552811324708,4.89297793793786,4.89039498956688,4.88779178894221,4.88519424054889,4.8825878077042,4.87999476058569,4.87740183712298,4.87483044144142,4.87228864540232,4.86977285863424,4.86731318789697,4.86490709459241,4.86256303459891,4.86030614491098,4.858104573094,4.85601771584086,4.85403138636084,4.8521408729685,4.85043604106938,4.84888192087394,4.84748249239489,4.84621849389331,4.84511187321672,4.84421139698201,4.84346939593812,4.84293738787895,4.84258325221282,4.84244108114967,4.84247282159718,4.84272602311933,4.84316039151882,4.84377986435912,4.84458349758049,4.84553347359977,4.84668458808397,4.84799302011307,4.84944190358588,4.85102954196873,4.85271467222545,4.85446081124958,4.85632539137375,4.85824345860059,4.86022997750529,4.86224471368351,4.86429234817764,4.86636860937315,4.86842201363899,4.87040818939119,4.87252406380498,4.87454704442473,4.87653628955829,4.87848604974771,4.88041221688287,4.88229404286631,4.88420590696427,4.88594641733571,4.88774991132926,4.88951830599754,4.89121128936329,4.89289711490721,4.89452905395938,4.89612636294157,4.8978267551976,4.89943897212776,4.90103377858536,4.90259488795251,4.90419637328919,4.90575347394105,4.90737494355923,4.90895340261051,4.91052026389031,4.91217464190639,4.91373595021436,4.91534936606184,4.91699737802613,4.91854064176197,4.92021755916215,4.92178901854907,4.92334152015953,4.92501185334628,4.92664520678031,4.92825786766859,4.92985448612884,4.93145671979372,4.93304278635316,4.93462571755256,4.93618243830722,4.93774736931489,4.93931658519948,4.94081233857273,4.94231838920947,4.94380809469377,4.94527765253965,4.94672899143551,4.94815918472657,4.949569313306,4.9509552580856,4.95231919232608,4.95366113042673,4.9549788017315,4.95627391607817,4.9575440490643,4.95879148825942,4.96001476023905,4.96121304453774,4.96238922499622,4.96354005031056,4.96466837507932,4.96577238640278,4.96685432051686,4.96791204801581
4.93368963954831,4.93182913496549,4.92992275533057,4.92797700171073,4.92600194296613,4.92397220452487,4.92189389220055,4.91978528788816,4.91762797992104,4.91543871372835,4.91321901595553,4.9109413677397,4.9086397031329,4.90630268089324,4.90393051344341,4.90153298977272,4.89912220125335,4.89668411605483,4.89421745932226,4.89174549924789,4.88925908157813,4.88677099150045,4.88428083459489,4.88181289928543,4.87934238751688,4.87690351928547,4.87448302392746,4.87211221892783,4.86976948575116,4.8674969995698,4.86529512108154,4.86315116238773,4.86108500524132,4.85913137658595,4.8572571336698,4.85552429834025,4.85387548432919,4.85242936629649,4.85110695562778,4.84992274057346,4.84889818444948,4.84804244997772,4.84734977195713,4.846839249801,4.84649341678701,4.84635979389408,4.84637915140482,4.84660235913352,4.8469797523077,4.84756005025068,4.84827634427775,4.84915517943681,4.85019393222601,4.85137581365971,4.85270229444323,4.85415697425595,4.85570125587677,4.85734427356782,4.8590525912088,4.86084161304465,4.86268020830341,4.86457117689106,4.86648372864287,4.86840493942876,4.87040059987044,4.87231554074008,4.87427580904116,4.87617025563578,4.87805770193544,4.87992739834496,4.88177404057426,4.8835851801953,4.88540138326623,4.88714673598921,4.88889594210244,4.89060686271423,4.8922884582406,4.89393562729944,4.89556151507,4.8971776954085,4.89878460145184,4.90037444602464,4.90192168437294,4.90347075524654,4.90507975792683,4.90665552809805,4.90824663828798,4.90976019256197,4.91132549504959,4.91287809423104,4.91445944811521,4.91605000869867,4.91757833423553,4.91915876672851,4.9207887423023,4.92235729705547,4.92391463478306,4.92553638834236,4.92713328543386,4.92865074295112,4.93019823540566,4.93181910669194,4.93332779217165,4.93493989088564,4.93646230459498,4.93799848952922,4.93951571008371,4.94099936459103,4.94247308450104,4.94392940717993,4.94537112913478,4.94679560285725,4.94819374781144,4.9495794668251,4.95093810290697,4.95227873309486,4.95359441347171,4.95489159338698,4.95616578772983,4.95741732876594,4.95864589825808,4.95985080058586,4.96103512616661,4.96219427891794,4.96333198774827,4.96444621237972,4.96553823762823,4.96660819758354,4.96765550586997
4.93377798055157,4.93194844953866,4.93008454610249,4.92818115927162,4.92624410346807,4.92426105268013,4.92223604515601,4.92018033807481,4.91808332215401,4.91595814808559,4.91378975212325,4.9115865858506,4.9093605790924,4.90709365800706,4.90481436023227,4.90249974480496,4.90016678413952,4.89782370889997,4.89545106768986,4.89306945019561,4.89070573675604,4.88832612995205,4.88594741925842,4.88357243384504,4.88122948597489,4.87891470810912,4.87661564613995,4.87435677224883,4.8721394942383,4.87000133404622,4.86791158875447,4.86587883053563,4.86395207512312,4.86210280683623,4.86034939367208,4.85869713970491,4.85716303010502,4.85578661419075,4.85454903632286,4.85345494649789,4.85248895217814,4.85166940064613,4.85103190206572,4.85053237723937,4.85022696234578,4.85007607807196,4.85008774448835,4.85027007310897,4.85062953907419,4.85113088287575,4.85180582550892,4.85260460644235,4.85354137809731,4.85463885783209,4.85584758558942,4.85718553427745,4.8586223481823,4.86013498961999,4.86172065928486,4.86338326057343,4.86509972513502,4.86685005422431,4.86865120868729,4.87048440354032,4.87227300529137,4.87411200573404,4.87596273106554,4.87783324252913,4.87962888714975,4.88140980877456,4.88318123976461,4.88492205149188,4.88664881986674,4.88839233805049,4.89007010097707,4.89173026415533,4.8933632221132,4.8949826230197,4.89658502560468,4.89816845497393,4.89973529882442,4.90133971442616,4.9028504767634,4.90443455507674,4.90596858287303,4.90750685059038,4.90905243995578,4.91058600897695,4.91210504017888,4.91365782134242,4.91522860906488,4.91675233903167,4.91827478566165,4.91984403750578,4.92137507252461,4.92290290464808,4.92448262258523,4.92608559342706,4.92758289466753,4.92906243042608,4.93064741596507,4.93213331579905,4.93367575254333,4.93517518769212,4.93664872339106,4.93816926662092,4.93958884821543,4.94110867801367,4.94251020998848,4.94395486498234,4.94536731498597,4.94676097315729,4.94812871851076,4.94952368811309,4.95086263003719,4.95217733146494,4.95347483587645,4.95475775363662,4.95601025929656,4.95724704140902,4.95845798046138,4.95964879382346,4.96081774886325,4.96196494487683,4.96309010627412,4.96419323019991,4.96527554990389,4.9663350634324,4.96737403554409
4.93376714542131,4.93197736350106,4.93015493450839,4.92829623858323,4.9263952800441,4.92446331100838,4.9224972525507,4.92049521287267,4.91846308981708,4.91639057918289,4.91428290923994,4.91215543233745,4.90999611810048,4.90781744150141,4.90560576819636,4.9033795873923,4.90114139092713,4.89886981765513,4.89660224258733,4.89432885731749,4.89204364280406,4.88976693187549,4.88750079125738,4.88524656321534,4.88300843836186,4.88078802259523,4.87861970541216,4.87648015752028,4.87438704502964,4.87233543322844,4.87035640086148,4.86845327565932,4.86664459719207,4.86489434592042,4.86324808890061,4.86169055871427,4.86027184919111,4.85894986175825,4.85779544177417,4.85676360482371,4.85585769559632,4.85509966116698,4.85449336328953,4.85403161681924,4.85372319401122,4.85357479733146,4.85358315589043,4.85374505429626,4.85405711682897,4.8545214206501,4.85512532699542,4.85586633866864,4.85673768832716,4.85772393008723,4.85884370499302,4.86005683082927,4.8614095928139,4.86280266281371,4.86428561035884,4.8658224888771,4.86742939905347,4.86907168747066,4.87075493237583,4.87247270736761,4.87420631062719,4.87594391218159,4.87767174734518,4.87942381081254,4.88115676711736,4.88287571033627,4.8845772636902,4.88626373331693,4.88794234988501,4.88960936996057,4.89125129864743,4.89286898399273,4.89446930629339,4.89605410189995,4.89761718794457,4.89917273404928,4.90071255058321,4.90221702351018,4.90374469684832,4.90530181760929,4.90682282236601,4.90833679504364,4.90985729123265,4.91136736851655,4.91288178247303,4.91438821700476,4.91590775190516,4.91742172684758,4.91893361357119,4.92045364378041,4.92196136476667,4.92346745936896,4.92501915034628,4.92650419058393,4.9280168956455,4.92953111686543,4.93102241683963,4.93256885170602,4.93402044956978,4.93546597891647,4.93692248480778,4.93839223490571,4.93981536905056,4.94123721555688,4.94264941589944,4.94403711183708,4.94542981746682,4.94679423320879,4.94817735768434,4.94947209738512,4.95080724208814,4.95210668940087,4.95335880369469,4.95462062046391,4.95590553769414,4.95711562753096,4.95830281425621,4.95947773024147,4.96062313895016,4.96175985681684,4.96286745592834,4.96395950199818,4.96502699138612,4.96607549000606,4.96710153060191
4.93373749654807,4.93199013006706,4.93020226762918,4.92839425749364,4.92654239344476,4.9246545930312,4.92274300917225,4.92087909421577,4.91882524075578,4.91680232835661,4.91478469811803,4.91272261532393,4.91063248728574,4.90852647473016,4.9064070724414,4.90426213620932,4.90209141803238,4.8999256697681,4.8977459409604,4.89556880731306,4.89337999460842,4.89120398397816,4.88903399285223,4.88688710901822,4.88475292767616,4.8826504559207,4.88057546279005,4.87854516213274,4.87656329290829,4.87463342628007,4.87275667102804,4.87094622748235,4.86923476563246,4.8675891728749,4.86604058636034,4.86458540040447,4.86323945014585,4.86201877012193,4.86091150705102,4.85992056591227,4.85909376729307,4.85836133679921,4.85779760241727,4.85735860980215,4.85706731608506,4.85691772038889,4.85691255776869,4.85705572088207,4.85733458774786,4.8577573326686,4.85830666253432,4.8589950079846,4.85979210279861,4.86070186677818,4.86172386693046,4.8628476272006,4.86408469972743,4.86538721325615,4.86676610686033,4.86820877109178,4.86970839734021,4.87125337250788,4.87283205919741,4.87444961994567,4.87607944501182,4.87772133903603,4.87937894423742,4.88104807246736,4.88269719002488,4.88434233913221,4.88598648588962,4.88760821135522,4.88922552533011,4.89082854629218,4.89242300000988,4.89400197805751,4.89556475662951,4.89711392786965,4.89865256227544,4.90016712529938,4.90166077861334,4.9031391914787,4.90469998903326,4.90619880256378,4.9076871911367,4.90917275638219,4.91065625367184,4.91214415767456,4.91362523113969,4.91511851416081,4.91659984575045,4.9180829973937,4.91956962695579,4.92105728285648,4.92254280679975,4.92404637591165,4.92537305446016,4.92702542856514,4.92849218187762,4.92998427464131,4.93145323993977,4.93288854224431,4.93434295137606,4.93578990940743,4.93721711579431,4.93863681165877,4.94004598335524,4.94144355263337,4.94281952373978,4.94418057655089,4.94555095871595,4.94689864917113,4.94823185086434,4.94952929899035,4.95081551387226,4.95205382739052,4.953333325994,4.95457659370246,4.95580058477667,4.95695847459942,4.95814103329891,4.95929514264755,4.96045316855245,4.96152824702263,4.96266172936268,4.963764862569,4.96482265786705,4.96584572301246,4.96686756770817
4.93385499492944,4.93214926896749,4.93041076052469,4.92863623803661,4.9268401144513,4.92500412479293,4.92313891373358,4.92128766264933,4.91934456530916,4.91738305310569,4.91541537724642,4.91341686128423,4.91140825834053,4.909368387498,4.90731328730053,4.90524736179575,4.90317141686831,4.90107866249498,4.8989907074193,4.89689488349368,4.89480709748715,4.89272214018981,4.89064835655386,4.88859310179844,4.88656296493395,4.88456206993372,4.88259053221898,4.88065943937802,4.87877085456433,4.87694800812157,4.87517710251542,4.87346487384133,4.87182779569679,4.87027962806243,4.86881427765086,4.86745590149907,4.86617583632802,4.86502369340426,4.86397013699273,4.8630432713482,4.86223932049683,4.86155383287377,4.86101411670383,4.86058984640836,4.86031901498244,4.86016951611442,4.86015977249561,4.8602741651934,4.86053048978176,4.86090773458494,4.86141384736737,4.86203758040539,4.8627804219973,4.86362071143006,4.86455445762245,4.86560809163446,4.86673641749293,4.86794597638098,4.86922912213228,4.87057692147097,4.87197603086162,4.87342191316154,4.8749139563334,4.87646076160881,4.87798811999758,4.87952368780904,4.88108956171769,4.88267522292261,4.88426615214365,4.88584528318168,4.88741710488024,4.88899030199885,4.89054219492651,4.89209688206967,4.89363789732061,4.89516980361431,4.8966959055514,4.89820332089728,4.8997021120951,4.90120512036952,4.90263611102719,4.90415156683435,4.90562683956248,4.90709212211417,4.90855687222758,4.91001436323463,4.91146976701928,4.91293262801148,4.91438615316607,4.91584491987585,4.91730204650265,4.91875955925083,4.92021602106319,4.92166976132274,4.92311721816112,4.92455685510416,4.92605620393801,4.92750802856072,4.92893964180031,4.93038524121071,4.93184070564481,4.9332630606033,4.93468748171548,4.93609446304145,4.93750500431504,4.93888734064388,4.94026984359137,4.94164338830167,4.94301849976999,4.94435128212751,4.94567694066436,4.94699920351841,4.94829478219943,4.94957680553455,4.95084805263325,4.95211566994582,4.9533427615636,4.95455316538899,4.95575452353218,4.95690454447352,4.95805315132458,4.95921532796927,4.96033193133345,4.96142433397684,4.96251678686995,4.96357987763936,4.96458101427492,4.9656518740048,4.96666153559437
4.93412181012966,4.93245186347421,4.93074958587001,4.92901949724672,4.92726297611885,4.92547342823731,4.9236610398139,4.92182036200802,4.91995082001708,4.91805920367252,4.91615066745949,4.91421623980997,4.91226269513397,4.91029718251712,4.9083204768229,4.90632067879981,4.90431826456574,4.90231144598814,4.90029733014629,4.89828354184536,4.89628719493335,4.89428898781247,4.89230607279142,4.89033630729713,4.88840594470909,4.88648681998425,4.88461382350889,4.88277809355538,4.88098970678722,4.87924180869333,4.87756539032144,4.87595672699006,4.87440636089776,4.87293426758455,4.87154493500787,4.8702604000883,4.8690536915782,4.86794398441919,4.86696026005767,4.86607554361446,4.86531645858155,4.86466998311853,4.8641480121822,4.86374981795886,4.86347220806043,4.86332236293606,4.86330398942579,4.86340717138019,4.8636285700384,4.86397192378903,4.86443179515126,4.86500535857475,4.86568352784065,4.86647218751279,4.86733684739376,4.86829081929563,4.86935389687057,4.87047684365759,4.87167398012106,4.87292246546952,4.87423573188009,4.87559260537531,4.87697909109406,4.87840259107166,4.87986986469083,4.88135579301911,4.88285293143714,4.88435267922805,4.88587379768923,4.88738644849592,4.88889724550189,4.89040315287466,4.8919128886636,4.89341050995611,4.89490087547733,4.89638983236146,4.89786597637426,4.89934109178469,4.90079580285521,4.90225452661588,4.90368541681697,4.90513425592266,4.90658256548676,4.90801554579797,4.90945461952195,4.91088150415931,4.91231566262188,4.91374083867921,4.91517457417041,4.91659891595748,4.91802458241024,4.91945679057382,4.92088878950008,4.92232217597367,4.92376202904737,4.92512271020192,4.92656154165874,4.92799579254241,4.92941496708226,4.93082684308394,4.93223383578225,4.93363425876001,4.93502959587874,4.93641460417438,4.93778565674051,4.93914841090773,4.94050134556492,4.94184819397538,4.94319608133517,4.94448628951108,4.94581460557426,4.94711405641109,4.94838880091842,4.94965330609932,4.95089833256455,4.95212740925795,4.95333643010408,4.95452594801232,4.95570122481063,4.95684944193955,4.95798650779874,4.95912842056885,4.96022295460793,4.96130602911337,4.96237940945904,4.96343410621757,4.96443322812836,4.96547413644452,4.96645422337314
4.93435890577527,4.93272227609982,4.93105927595207,4.92937034688347,4.92765424257357,4.92591377680483,4.92414795936695,4.92236051417296,4.9205535948736,4.91871184509312,4.9168563227228,4.91497626331277,4.91308763242724,4.91118756665242,4.90927901512856,4.90735249080365,4.90541801766019,4.90349207451456,4.90155605967143,4.8996299389373,4.89769502961023,4.89578693282113,4.89389209253463,4.8920137090989,4.89015526688782,4.88833270829344,4.88654822101087,4.88479499509427,4.88309445562267,4.88144823061135,4.87984652206954,4.87830822998642,4.87685192587682,4.8754618688102,4.87414386531974,4.87291144951078,4.87177095277127,4.87073027784514,4.86979610800212,4.86896646859274,4.8682364156542,4.86762863513872,4.86712575243336,4.86674406125408,4.86647572357019,4.86632047363155,4.8662916119156,4.86637303233882,4.86658115231056,4.86689209775455,4.86731453611878,4.86783979612011,4.86847096631189,4.86918906175604,4.87000577210513,4.87089542704817,4.87186766657726,4.87292315585001,4.87403302895232,4.87521707225611,4.87643634603969,4.87772175073896,4.87902139817385,4.88037855757964,4.88178776761296,4.88316504469908,4.88458351954708,4.88601903867777,4.88746163281648,4.88891799492705,4.8903728749315,4.89182459521857,4.8932749740139,4.89472727527633,4.89617287012027,4.89761273911734,4.8990548729366,4.90048531807038,4.90190852575494,4.90330527085264,4.90473666760593,4.9061522915694,4.90756392836617,4.9089732055682,4.91037830917155,4.91178065634812,4.91317873308416,4.91458247187696,4.91597679522311,4.91737774313538,4.91877970046164,4.92016035398021,4.92158972949379,4.92294853819984,4.92435594319195,4.92571271662797,4.9271352740545,4.92852657914956,4.92990339928174,4.93128837466763,4.93265950837046,4.93403053776005,4.93539504009106,4.93675073178829,4.93809627218193,4.93943042357106,4.94075251675216,4.94206945340396,4.94337913023078,4.94466445005309,4.9459563545204,4.94722664930618,4.94847996824314,4.94972001613903,4.95094421659352,4.95214389328736,4.95333318321443,4.95450549440795,4.95565983270896,4.95680173993268,4.95793318100201,4.95904328826037,4.96013046706531,4.96120141865034,4.96226313622431,4.96329641421076,4.96431431347968,4.96531731556238,4.96629688711734
4.93450691156727,4.93290778712361,4.93128819011432,4.92963964089145,4.92796946141597,4.92627511473099,4.9245600734552,4.92282283205692,4.92106390127098,4.91928364431143,4.91747205089327,4.91566833184641,4.91384352934997,4.91200363561107,4.91015642628952,4.90829766118363,4.90644402088683,4.9045853902778,4.90272713977723,4.90087126941881,4.89902450523511,4.89719324941175,4.89537516080098,4.89358256181153,4.89181421215651,4.89007325536414,4.88836206221078,4.88670359093,4.88507777403898,4.88350937057782,4.88199362491788,4.88054006224113,4.87914292859973,4.87782802921724,4.87659031626189,4.87541861159503,4.87434570803413,4.87336011998889,4.8724670830597,4.8716788901204,4.870989328286,4.8704074945107,4.86992376270678,4.86956168847168,4.86929421397189,4.86915318853112,4.86910977994379,4.86918387007988,4.86935682022033,4.8696480139994,4.87003547619207,4.87052331036436,4.87110170008409,4.87177191992312,4.87252927788405,4.87336346353606,4.87427351456396,4.87524902714279,4.87630306087727,4.87739251091576,4.87855899073822,4.87975355697254,4.8809998496869,4.88227289960399,4.88360116031522,4.88493053310392,4.88628070649187,4.88763501084169,4.88901797848619,4.89040949803093,4.89180543645965,4.89320563758303,4.8946072657811,4.896008726954,4.89741060987872,4.89881496773186,4.90020522341287,4.90160721781227,4.9029799643135,4.90433780744582,4.9057499314343,4.9071410321757,4.908516969181,4.90989759388029,4.91127235493663,4.91264679429806,4.9140211003757,4.91539110506694,4.91676242122723,4.91813099848581,4.91952092977873,4.92091960048423,4.92226888556831,4.92359695941295,4.92497659411745,4.92629734891804,4.92769646099558,4.92905328679293,4.93040479307517,4.93174916156641,4.93309560180889,4.93443460664275,4.93576696713964,4.93709127633576,4.93841303274112,4.93972080467163,4.94101655761079,4.94229566631111,4.94358187065831,4.94484614543091,4.9460927668078,4.94734123130604,4.9485704941177,4.94978667996713,4.95098497234161,4.95217037689641,4.95333920715548,4.95449108461094,4.95563397566593,4.95676012978517,4.95787033958712,4.95896018239348,4.96003603467724,4.96109484031685,4.96213594322424,4.96315844997537,4.9641674924476,4.96515947162943,4.96613177641424
4.93466894870488,4.93311224423076,4.93152413831738,4.9299241394659,4.92829354339981,4.92664620008286,4.9249777452247,4.92329165011568,4.92157794829247,4.91985301441362,4.91812287089136,4.91636404836261,4.91459383072098,4.91282041410483,4.91103376448443,4.90924703834417,4.90745901078622,4.90566590801727,4.90388325110995,4.90210057354919,4.90033199684039,4.89856987963191,4.89683412682741,4.89511351814815,4.89342534594888,4.89176234522055,4.89013609796993,4.88854392860839,4.88699985471231,4.8855057720649,4.8840646629822,4.88268253499667,4.88136456464539,4.88010845712082,4.87892899142856,4.87783014525594,4.87680392558897,4.87586863248134,4.87502199080618,4.87426761065218,4.87361190181007,4.87305662857315,4.8726025277035,4.87224217658505,4.87199723176978,4.87184081251405,4.87180535281538,4.87185930442634,4.87202314253212,4.8722753493463,4.8726265556157,4.87308166035151,4.87361768570443,4.87424216533048,4.87494347295263,4.87572842793472,4.87657694335101,4.87749446504149,4.87846801102425,4.87950413181636,4.880593469416,4.88171884954569,4.88289546644217,4.88411246905242,4.88534548786312,4.88661787342199,4.88791449512706,4.8892190272328,4.89053578124151,4.89186282128819,4.89320864331475,4.89455430528334,4.89590785752518,4.89726249134083,4.89861840879261,4.89997890608569,4.90132760562107,4.90269214285987,4.90398760329366,4.90537071956891,4.90672533237732,4.90807673055164,4.90942720746483,4.91077471474953,4.9121216044159,4.91346999381003,4.91481731922864,4.91616203231941,4.91750216887056,4.91884226031298,4.92017165615439,4.9214938701105,4.92284457106283,4.9241878542086,4.92554682046675,4.92687777476408,4.92820995563417,4.92954622562869,4.93087717467403,4.93219456849194,4.93351208716686,4.93482407868703,4.93612922125571,4.93742882269969,4.93871930802256,4.94000360558622,4.94127898452436,4.94255871917173,4.94381472591517,4.94504877959716,4.9462689328666,4.9474829910075,4.94868935498471,4.949877465603,4.95105188068611,4.95221584250242,4.95336559377025,4.9545022932929,4.95562599434996,4.95673379153128,4.95782361519382,4.95889679778584,4.95995536803384,4.96099950593548,4.9620239377001,4.96303671590406,4.96403169606291,4.96501136267268,4.96596964496197
4.93490844608386,4.93338522745754,4.93184246294938,4.93027402170094,4.92869105994142,4.92708292403894,4.92546241170432,4.92381773098409,4.92216022467035,4.92050534024712,4.91882462706628,4.91719287731728,4.91540308429615,4.91366343824971,4.9119539672628,4.91023346786166,4.90850511138509,4.90678308191458,4.90506131124448,4.9033542245225,4.90165279058793,4.89996824992634,4.89829782441606,4.89665389163842,4.89503696846176,4.89344925773033,4.89189670852979,4.89038148871837,4.88890717856538,4.88748080475158,4.88611097216189,4.88479311385709,4.88353997045103,4.8823522337143,4.88122865070259,4.88017889026453,4.87921369813069,4.87831909481767,4.87751864596023,4.87679993305855,4.87617391011227,4.87563756385061,4.87519879180372,4.87485999282468,4.87461333149614,4.87446410988953,4.87441383053572,4.87445873138967,4.87460075482744,4.87483192276913,4.87515628664845,4.87556705399725,4.87606082179465,4.87663936251701,4.87729963394164,4.87802535316448,4.87882591996791,4.87968358714484,4.88060526205515,4.8815715276746,4.88259291825849,4.88366615813634,4.88477484437306,4.88592302452093,4.88709259700993,4.88830104184438,4.88952721672725,4.89078017822101,4.89203913408976,4.89331882710277,4.89460264303982,4.89590155374783,4.89720375357976,4.89851278366024,4.89982457446246,4.90114437156012,4.90245437954946,4.90376660723688,4.90506203687613,4.9063908582331,4.90771579076303,4.90902923849679,4.91034315113129,4.91166536770166,4.91297719582086,4.91429339813601,4.91560712053727,4.91692079650042,4.91823261807322,4.91955171341753,4.92085877565043,4.92217816243959,4.92348779964999,4.9247976442488,4.92610880064104,4.92741956719261,4.92872400485055,4.93002608640872,4.93133031656046,4.93262668944443,4.93391187670392,4.93519894443287,4.93648086173242,4.93775326240365,4.93901759016375,4.940275609468,4.94152203436587,4.94275971876414,4.9439922167513,4.94521571613019,4.94641970358981,4.94761624555465,4.9487999044416,4.94996906053902,4.95112703539366,4.95227133294585,4.95340417121679,4.95452226782313,4.95562394167196,4.95671408522459,4.95778315298807,4.95884352363439,4.9598791183921,4.96091556100162,4.96193109779453,4.96292862946388,4.96391157259958,4.9648701800419,4.96581999956616
4.93519164496895,4.93370424067136,4.93219806165867,4.93067238283909,4.92912687991624,4.92756560324603,4.92598483060542,4.92439447628788,4.92278040559657,4.92116115380492,4.91951926698072,4.91792962447451,4.91622658768502,4.91456643647538,4.91290045691958,4.91124238592037,4.90957855256314,4.90791610332377,4.90626185948063,4.90461967462845,4.9029854504262,4.90136871765869,4.8997714835938,4.89819327716204,4.89664015625843,4.8951296317772,4.89363994482033,4.89219606530661,4.890792842355,4.88943164294154,4.888119596563,4.88687099368966,4.88567196848563,4.88454145263191,4.88347828642793,4.88248050724678,4.88155443539209,4.88071164940907,4.87994285243692,4.8792626693987,4.87865953784743,4.87815301686579,4.87772586964741,4.87739552333223,4.87715765047465,4.87700589523888,4.87695510399373,4.8769822643424,4.87711325648825,4.87731874591033,4.87760787718173,4.87798945294131,4.87844942269863,4.87898868148824,4.87959608712973,4.8802830466096,4.88102546807306,4.88183644063498,4.8826973664639,4.88361717430454,4.88457546243136,4.88558155534575,4.88663121647451,4.88771506034753,4.88883384242883,4.88998146139655,4.89114907803164,4.89233715022162,4.89355035524317,4.89477128339302,4.89601244536966,4.89725557719201,4.89851369618202,4.89977385743177,4.9010435596386,4.90231984768738,4.9035936269696,4.90486171204334,4.90614118587587,4.90742122537097,4.90870820808648,4.90999211099446,4.91127881961584,4.9125611630966,4.91384865572617,4.91512991900535,4.91641200310666,4.91769225531946,4.91897525391621,4.92024306332115,4.92153664677203,4.92284585952435,4.92413778716703,4.92541449117809,4.92669520005772,4.92797295119499,4.92924720461757,4.93051617888124,4.93179489455199,4.93306630655503,4.9343230201637,4.93557902147809,4.93683425319116,4.93808010589386,4.93931927383046,4.9405531735383,4.94177870065487,4.94299317318727,4.94420008532306,4.94539348734117,4.94657509521556,4.94774772996787,4.94890920582618,4.95006084583957,4.95119969921472,4.95232669190921,4.95344201392809,4.95453998423481,4.95562852961563,4.95669376357563,4.95774979980605,4.95878725241717,4.95983088188854,4.96084978525395,4.96184119435108,4.96282377132814,4.96378878537846,4.96473623546045,4.96567505957411
4.93548241952605,4.93403374426349,4.93256363659613,4.93107708673085,4.9295733753058,4.92805263011931,4.92651702364169,4.92496781452909,4.92340644571139,4.92183077932725,4.92024676120025,4.91866588386861,4.91705653855638,4.9154550977945,4.91384613669157,4.91224000914063,4.9106389381486,4.90904001648228,4.90744689444271,4.90586064531058,4.90429835944299,4.90274426278794,4.90121232937078,4.89969916631237,4.89821889528036,4.89675821085242,4.89534475765926,4.89395972960601,4.89261925228367,4.89132426934627,4.89007554119246,4.88887665206345,4.88774057481449,4.88666006004298,4.88564509259988,4.88469986626973,4.88382111877885,4.88301240331911,4.8822822629589,4.88163216688543,4.8810573921039,4.88056950649642,4.88017201235985,4.87984469733807,4.87961069627987,4.87946359586341,4.87939843946963,4.87942638506528,4.87952630243507,4.87971471276785,4.879992383148,4.88034229291483,4.88076675951515,4.88126063638979,4.88183523572614,4.88246823826865,4.88317496741798,4.88392961037624,4.88474785864195,4.88560763940817,4.88652178768906,4.88747066947794,4.88846217672538,4.88948781838367,4.89055513588816,4.89164461637567,4.89276127777539,4.89390110627319,4.89505215080926,4.89623117867696,4.89741647282207,4.89861928368621,4.89982710344026,4.90104735690355,4.90226999171223,4.90350635166141,4.9047456322067,4.90598937078793,4.90719966566458,4.908451607354,4.9097036676567,4.91096536734636,4.91221239463603,4.91347087390583,4.9147231113882,4.91597676938515,4.91723184177619,4.91846983670022,4.91970126756872,4.92097208792226,4.92223037271159,4.92350342858058,4.92476620050187,4.92602222870501,4.92728165096478,4.92853736161996,4.92978240799629,4.93102587225288,4.93226948973155,4.93351603954248,4.9347492616318,4.93597876669856,4.93720018523972,4.93842510584626,4.93963895534975,4.94084727851308,4.94204728221671,4.9432363625727,4.94441918823843,4.94559108262398,4.94674693673873,4.94789599212439,4.94903745810591,4.95016867023693,4.95128880992382,4.95239718305949,4.95349226749524,4.9545689583948,4.95563330710341,4.95668838147121,4.95773462408773,4.95873115277053,4.95976396003222,4.96076579853342,4.96174933369032,4.96272073790428,4.96366997865684,4.96461222058215,4.96553624168161
4.93578324427189,4.93436505837523,4.93293394630762,4.93148369513837,4.93001977066434,4.92853942984759,4.92704702632825,4.92553945112077,4.92402333733099,4.92249564802811,4.92096180982437,4.91942613019347,4.91787539804435,4.91632626967292,4.91477310015556,4.91322633537632,4.91167814209525,4.91013896914135,4.90860213710875,4.90708418874943,4.90557236910572,4.90408434409376,4.9026134064359,4.90116552957927,4.89974096784974,4.89835322581119,4.89698996584653,4.89566869109484,4.89438904952379,4.8931497017172,4.89196014774421,4.89082051171626,4.88973158348492,4.88870361254252,4.88773506268471,4.88683051485033,4.88599602645896,4.88522903819135,4.88453020508011,4.88390868580564,4.88336447893192,4.88289220256785,4.88250225533448,4.88219968958316,4.88196608904335,4.8818201958287,4.88175253840869,4.88177112979302,4.88186441682855,4.88203821389427,4.8822819995975,4.88260775216167,4.88300357343559,4.88346915095901,4.88399352839224,4.88459860922932,4.88524665758042,4.88596518974044,4.88672905344774,4.88755003633301,4.88840804672426,4.8893149163661,4.89025551851558,4.89123081815117,4.89224105909804,4.8932800585382,4.89434504162776,4.89543196855905,4.89654222749938,4.89766776137556,4.89881102625401,4.89996365510379,4.90113391519682,4.9023087927164,4.90349528062404,4.90468489316658,4.90588657471651,4.90710273852389,4.90832400496535,4.90950138626553,4.91072491822458,4.91194714471937,4.91316227576907,4.91438430693099,4.91560551079137,4.91682511089152,4.91805412097343,4.91932058826516,4.92052409002537,4.92172892914749,4.92297147169231,4.92419767785206,4.9254216049095,4.92664804949894,4.92787416336733,4.92909966709269,4.93032670210425,4.93154332834181,4.93275788658254,4.93397516251161,4.93519009168161,4.93639503168879,4.93758638803298,4.93878496579673,4.93997729437976,4.94115549970371,4.94233149375345,4.94349694732573,4.94465484177385,4.94580451229485,4.9469389946179,4.94807200975025,4.94919161233359,4.95030212019853,4.95140004844487,4.95248434592749,4.953560141824,4.95462051864059,4.95566345414393,4.95670163550607,4.95771682147517,4.95871959328215,4.95973476372125,4.96071725324262,4.96168765710243,4.96264307348601,4.96358291984053,4.96451232344141,4.96542347946093
4.93608998223585,4.93471021605162,4.93331031001883,4.93190149070686,4.93047295147533,4.9290362725613,4.92758324622709,4.92612277408406,4.92465069398194,4.9231665436594,4.92168511602839,4.92019587467418,4.91870984694869,4.91719610702749,4.9157016304983,4.91419852918591,4.91271125467196,4.91122902350977,4.90975368467173,4.90828834680262,4.90683807769081,4.90540765042771,4.90399625294272,4.902607626626,4.90124518331872,4.89991186460468,4.89861219391271,4.8973464590291,4.89611908775794,4.89493915335672,4.89380001071717,4.89271281656344,4.89167640649645,4.89069338423702,4.88976948104025,4.88890642194835,4.88810695643688,4.8873757012897,4.88671225938748,4.88611590407198,4.88559445929546,4.88514535120405,4.88476806749418,4.88446651910009,4.8842516242413,4.88409762445795,4.88403249770727,4.88403566850609,4.88412132101647,4.8842733377857,4.88450594387384,4.88480370843244,4.88517424864482,4.88560393443633,4.88610341878639,4.88666219974037,4.8872793731816,4.88794702957763,4.88867564425318,4.88943794554651,4.89026098132522,4.89111557892347,4.89201316404436,4.89294123808946,4.89390396244457,4.89489202621769,4.89590910662766,4.89695087589755,4.89801675700002,4.89909205409842,4.90019226275885,4.90130569682986,4.90242921597315,4.90356623006294,4.90471191901746,4.90586079033439,4.90702693760005,4.90818895172646,4.90936331312298,4.91057021398538,4.91172748900392,4.91291384227433,4.91409424362082,4.91528558296627,4.91648023699067,4.91768020447256,4.91887147964677,4.92005618419494,4.92127842883608,4.92246405300943,4.92367681606539,4.92488117622024,4.9260822042267,4.92728551361719,4.9284828809594,4.92968153961605,4.93088208902318,4.93207321684213,4.93326057551179,4.9344498798884,4.93563978610023,4.93681981016836,4.93799399299957,4.93916011849803,4.94032781132213,4.94148577872984,4.94263715122435,4.94378484868774,4.94492230767944,4.94603959689209,4.94716643882508,4.94827080596427,4.94937274962697,4.95046012687897,4.95153603782325,4.95260277877665,4.95365351027526,4.95469317955928,4.95572597476941,4.95674366274538,4.95774600537988,4.95874195808354,4.95973172366124,4.96069912900143,4.96165418197367,4.96259698120968,4.96352396140797,4.96443820842281,4.96534117152361
4.93644638443066,4.93509834131491,4.93373846595657,4.93236140629524,4.93097604385957,4.92957562244479,4.92816614232906,4.92674721852013,4.92531724777597,4.92388525686871,4.92244606265041,4.92099773815782,4.91957938338897,4.91815326388795,4.91666237504521,4.91521006649382,4.91377475705328,4.9123476234194,4.91092781146043,4.90951724331469,4.90812259070657,4.90674545948252,4.90539189980128,4.90405749986996,4.90275191040922,4.90147412819768,4.90022882957376,4.89901689113866,4.89784409715455,4.89670931458915,4.89562611251624,4.89458285206852,4.89359409541269,4.89265703989204,4.89177273584648,4.8909491648381,4.89018499577691,4.88948261740061,4.88884950250083,4.88828175096868,4.88777903631857,4.88735022848133,4.88698862711146,4.88669865474471,4.88648060050892,4.88633601819681,4.88626380697362,4.88626375590934,4.88632867140673,4.88646940269977,4.88668602666444,4.88695836934252,4.88730136928453,4.88770500274085,4.88817210520774,4.88869699480868,4.8892717411551,4.88990872729774,4.89058228357042,4.89131759244856,4.89208565873481,4.89290088969743,4.89375052964632,4.89463894190139,4.89555263798522,4.8965013163033,4.89747039658061,4.89846814229676,4.89948196888429,4.90052339974396,4.90157799961186,4.90264816126545,4.90373032113764,4.9048286604488,4.90593455926125,4.90704928279883,4.90817589957951,4.90931151023307,4.91041075310207,4.91158780262021,4.9127472053976,4.91390220242806,4.91506382622394,4.91617676965443,4.91738071157572,4.91851429837554,4.91974737506137,4.92090021008329,4.92205852643234,4.92322044937661,4.92439166558272,4.92556692303283,4.92674645437856,4.92792726601702,4.92910009004159,4.93027248306911,4.93144350919829,4.93261719836846,4.93377670215624,4.93493665811779,4.93609915494401,4.93726097019271,4.93841336997042,4.93954979921866,4.94069313795258,4.94183042537873,4.94295568368887,4.94407868817813,4.94520213637854,4.94625208444349,4.94739893106575,4.94848607077581,4.94956514588338,4.95063397298902,4.95168410938227,4.95272997180958,4.95376506434943,4.95478766246318,4.95580199470572,4.95680419755003,4.9577967390235,4.9587749945437,4.95974300126431,4.96069849859718,4.96164052404744,4.96257074027093,4.96348449918095,4.9643889671531,4.96527855132457
4.93686699131738,4.93555318519812,4.9342248773239,4.93288568294093,4.93153400019647,4.93017277386893,4.92880166775732,4.92742058395016,4.92603481548222,4.92464132775611,4.92325076778714,4.9218461434927,4.92045521631577,4.91907564086337,4.91764718118027,4.91624952963619,4.91485816815407,4.91348152086324,4.91211231668375,4.91075564193403,4.90941154659815,4.90809022977583,4.90678175379902,4.90550664406131,4.90424964752061,4.90302467644731,4.90183172897266,4.90067010681808,4.89954395020609,4.89846267634597,4.89741498875134,4.89642595716023,4.89547339230054,4.89457872302361,4.89373733530497,4.89294528240508,4.89221564749606,4.89154539452442,4.89093217298087,4.89039117639921,4.88991071304363,4.88949465185244,4.88915102907835,4.88886849710355,4.88865568550532,4.88851504772414,4.88843734377282,4.88842920614446,4.88848746830903,4.88861774897526,4.88881303087988,4.88905418340049,4.88938621340919,4.88976157643619,4.89019703772443,4.89068729839071,4.89123319719386,4.8918259615926,4.89247306089316,4.89315528091857,4.89389097397067,4.89466210416336,4.89547053119166,4.89631139884277,4.89719023526232,4.89808923970409,4.89902360357358,4.89997301909394,4.9009528793688,4.90194408747598,4.90296150474136,4.90398781683208,4.90503710174459,4.90609210898745,4.90716437169502,4.90823722128643,4.90933243420143,4.91042954344407,4.91152927720787,4.91263154018022,4.91375758992246,4.9148865393763,4.91604015727546,4.91717062946848,4.91827312187724,4.91939096110615,4.92054109486684,4.92172901916312,4.92285014960627,4.92398850028777,4.92512514610051,4.92626987443049,4.92741683620648,4.92856915545859,4.92972146850267,4.93086599641746,4.9320108377745,4.9331575500976,4.93429908352958,4.93543132469204,4.93656279932628,4.9377014326643,4.93882709024601,4.93995128345309,4.94106000814384,4.9421744620656,4.94327891340785,4.94436858750107,4.94547395621353,4.94652774710945,4.94763000907389,4.94869974475774,4.94975976108433,4.95080410491325,4.95184308013973,4.95286745155117,4.95387776855558,4.95488802740956,4.95589288079945,4.95688057272136,4.95785596929396,4.95881715260083,4.95976847214851,4.9607080741562,4.96163775264607,4.96255153008779,4.96345624204917,4.96434674361148,4.96522474678816
4.93728641239728,4.93600169942327,4.93470568820557,4.93339894399061,4.93208215459743,4.93075670097324,4.92942170506601,4.92807960257374,4.92673082974634,4.92537849141947,4.92402614595967,4.92267068476666,4.9213100310842,4.91996109084686,4.91860863286893,4.91725633255723,4.91591496066708,4.91457219178972,4.91325347263598,4.91194831246621,4.9106554529979,4.90937378619871,4.90812698600229,4.90689060168893,4.90568794817605,4.90451313787526,4.90336343502324,4.90225199426354,4.90117373746115,4.90013173256961,4.89913925963191,4.89817710536276,4.89727515959057,4.89641278270869,4.89560634803228,4.89485641844395,4.89415162265416,4.89351055374618,4.89292765078001,4.89239926098502,4.89194253990449,4.89154219903466,4.89120625728919,4.89094114613975,4.89072990898442,4.89058803713667,4.89051528759552,4.89050048082934,4.89054991945309,4.8906698891599,4.89083746556894,4.89108097184141,4.89137022233557,4.89172493668,4.89213199221299,4.89259501965869,4.89311372292743,4.89367310761476,4.89427983977143,4.8949390915902,4.89562587054379,4.8963613325064,4.89713102851582,4.89793319869561,4.89876692880931,4.89963373181333,4.90052122284433,4.90143891544679,4.9023730817064,4.90333293595613,4.90430660576833,4.90530087797838,4.90630691900089,4.90733009195654,4.90836256282262,4.90940628117635,4.91046073976994,4.91152482548447,4.91261707691863,4.9136704558563,4.91477363399682,4.9158691834885,4.91692770380489,4.91803787401531,4.91918035559557,4.92028141069916,4.9213905959452,4.92249672885106,4.92361302613163,4.9247296886663,4.92584549910297,4.92696151927666,4.92807644722263,4.92920224085744,4.93032915393201,4.93144856918077,4.93256848671743,4.93368602064665,4.9348044239187,4.93591586726402,4.93702320764364,4.93812505009921,4.93923766611901,4.94033633419095,4.94142595871726,4.94251279316443,4.94359693277198,4.94467517904724,4.94574715009028,4.94680045539095,4.94787388904395,4.94891235591139,4.94995133489888,4.95098094341115,4.95199698890548,4.9530078007831,4.95400136473504,4.95499016465527,4.95598554597095,4.9569528579337,4.95791088114753,4.95885771964461,4.95979365807696,4.96071623537011,4.96162941499037,4.96253568306648,4.96342984979224,4.96430885146128,4.96517299475973
4.93761572286219,4.93636193469758,4.9350994989276,4.93382573036467,4.93254468040517,4.93125413478082,4.92995686975675,4.92865284095693,4.92734326625381,4.92603160213813,4.92471881095878,4.92340446793103,4.92209238332528,4.92078074924303,4.91946950968781,4.91816471139687,4.91687977950306,4.91557166863866,4.91430874941059,4.91304826505553,4.91180503090157,4.91057883634571,4.90936519950198,4.90818481427719,4.90702828317174,4.90589573179856,4.90479848684457,4.90372847619739,4.90269527404949,4.90170065678693,4.90074099138284,4.8998320009238,4.89895601066317,4.89813555738215,4.89736097747641,4.89663811811836,4.89597206253438,4.89535247292822,4.89479461021208,4.89429229351593,4.89384537078052,4.89346483703613,4.89313967332777,4.89287774141487,4.89268205950628,4.89253748995324,4.89246119203237,4.89244524278165,4.89248756518633,4.89259165527737,4.8927552247667,4.89297025764464,4.89325391894752,4.8935779053708,4.89397039319606,4.89440537703935,4.8948893698445,4.89542487426221,4.89599320780987,4.89661779924794,4.89727122044986,4.89797130401959,4.89870421048801,4.89946796737742,4.90026855240339,4.90109459083792,4.90194810143662,4.90282574570613,4.90372610028154,4.90464752012834,4.90558679069498,4.90654451118099,4.90751630585311,4.9085047146501,4.90950375715388,4.91051796627827,4.91153674023642,4.91257066164794,4.91355297260605,4.91475644066508,4.91577771423362,4.91683375053228,4.91779566982172,4.91892772006524,4.91999351929102,4.92107248368657,4.92216249688823,4.92325314578261,4.92433978032938,4.92543183664099,4.92652488754886,4.92761057152019,4.92870954781535,4.92980655013848,4.93090057226225,4.93200512453581,4.9330978388409,4.93419029384612,4.93528523913228,4.93637806311405,4.93745960857032,4.93854278861212,4.93962686038029,4.94070214103958,4.94177132318729,4.94283965031113,4.94389934535104,4.94495319850596,4.94600614363303,4.94705375805579,4.94808488386971,4.94911505419394,4.95013441883006,4.95114436273387,4.95214689783255,4.95314440136252,4.95412350585352,4.95506564525771,4.95606252414948,4.95701549008865,4.95795957091862,4.9588921153935,4.95981324948987,4.9607208556523,4.96161736721205,4.9625210343215,4.96339874563806,4.96426576829584,4.96512121340323
4.93789295399684,4.93667571682269,4.93544242952571,4.9342064625448,4.93295820338053,4.93170484738804,4.93044488629741,4.92917688811191,4.92791014630889,4.9266375900283,4.92536263060049,4.92409235613801,4.92282128204856,4.92155448215926,4.92028704845947,4.91903011187271,4.91776438079011,4.91656103897228,4.9153019870912,4.9140979515715,4.91289630533666,4.91171272289365,4.91055083450041,4.9094130418521,4.90829994720426,4.90721464376867,4.90615761953203,4.90513388066515,4.90414261258606,4.90318706729042,4.90227142892585,4.90139377692656,4.90056225267454,4.89977124620936,4.89902981606536,4.89833702967965,4.89769431088987,4.89710617341384,4.89656751503555,4.89608627889131,4.89565932054326,4.89528864980721,4.89497763963626,4.89472227809926,4.89452661222713,4.89439205907276,4.89431083685371,4.89429302629559,4.8943279352722,4.89442311951025,4.8945731335218,4.89477835369289,4.89503349422797,4.89534683218949,4.89570538097417,4.89611678251581,4.89657766950735,4.89708350591519,4.89762736163901,4.89821768353984,4.89884019944692,4.89951128445289,4.90020889943861,4.90093394331179,4.90170205556075,4.90248988662367,4.90331119915112,4.90415136728484,4.90501904449529,4.90590298188737,4.90681074360923,4.90773198541508,4.90867301624496,4.90962519967277,4.91059403333748,4.91157299950318,4.91256601044703,4.91356484932588,4.91455737224952,4.91557897070479,4.91660563557745,4.91766725882552,4.91862182216878,4.91975801380654,4.92079239692693,4.92184539622674,4.92290325235397,4.9239717473311,4.92503749325774,4.92610304677041,4.92717237900706,4.92823728527676,4.92930668118954,4.93038139180388,4.93145484047539,4.93253287416724,4.93360506733349,4.93467639395102,4.93574607453804,4.93681548782002,4.9378809294104,4.93893683129818,4.93999554393501,4.94105568869152,4.94210510518064,4.94314999156149,4.94419165215717,4.94522678755223,4.9462566814045,4.94728133209163,4.9483014036365,4.94931177934332,4.95030845594902,4.95130153059775,4.95228500901805,4.95325843330807,4.95421889244995,4.95519229849036,4.95614242382313,4.95708350783742,4.95800708953164,4.95892773383385,4.95983913237905,4.96074610221723,4.96159923777019,4.96250143691361,4.96336457280438,4.96421883239108,4.96506435412022
4.9382300122772,4.93703655538048,4.93583973635412,4.93463122103474,4.93341757490875,4.93219757701564,4.93096961310293,4.92974263025979,4.92850931008469,4.92727389618998,4.92604093030388,4.92480672596358,4.92357578671401,4.92235273641324,4.92112383860669,4.91991204183549,4.9186875811756,4.91754161113141,4.91634705141909,4.91514089131409,4.9139916790273,4.91285514066556,4.91173894011361,4.91064120691752,4.90957082244202,4.90852751430973,4.9075110726915,4.90652848846307,4.90557694452087,4.90466063031843,4.90378079563526,4.9029401150486,4.9021408006563,4.90138424043458,4.9006727462742,4.90000713436671,4.89939060559975,4.89882366256358,4.89830855530197,4.8978445061945,4.89743491258815,4.89707745744675,4.89677702278624,4.89652876810642,4.89633918136784,4.89620272365606,4.89612521153346,4.89609953318401,4.89613250746037,4.89621535265893,4.89635501285359,4.89654501295823,4.8967877987168,4.89707885097251,4.89741864775961,4.89780542669117,4.89823941666162,4.89871855400521,4.89923149857507,4.89979211313432,4.9003884558465,4.90102266589192,4.90168525826569,4.90238692124248,4.9031148319938,4.90387250621263,4.90465442410461,4.90546439074847,4.90629554275047,4.90714785831469,4.90802043502594,4.9089094840842,4.90981647236509,4.91073557557838,4.91166811117277,4.91261960326732,4.91358435794031,4.91455023675204,4.91553995200657,4.91649429472957,4.91750521324051,4.91851150112486,4.91952987823398,4.92056139432721,4.92158452786987,4.92261625940632,4.92364943715056,4.92469246137612,4.92572775096975,4.92677230440576,4.92781901923524,4.92886497597355,4.92990344347229,4.93095530111295,4.93200665860039,4.93305349609392,4.93411340977255,4.93516108653827,4.93620694535464,4.93725269133455,4.93829717486114,4.93933485728392,4.94037386497707,4.94140767447648,4.94243766696553,4.94346261213138,4.94448467067407,4.94550247195396,4.94651245294693,4.94751645436306,4.94851187750438,4.94950276023654,4.95048650656723,4.95146079062868,4.95242747817608,4.9533850024337,4.95433526985446,4.95528491326568,4.95621838023661,4.95714497035372,4.95805709453934,4.95896277063784,4.95985587978672,4.9607378011851,4.96158874961615,4.96248028319797,4.96333529742664,4.96418021148479,4.9650140726699
4.93862801300326,4.93746861257101,4.93629873644427,4.93512344494854,4.93394221377074,4.93275231043447,4.93156354628068,4.9303687972982,4.92917072080479,4.92797535463885,4.92677636036055,4.92558100957687,4.92439277903778,4.92320355533986,4.92201903416241,4.92083904511571,4.91967600354892,4.91854615719294,4.91742002783162,4.91624096011861,4.91512873438547,4.91403804045411,4.91296026859214,4.9119047646733,4.91087500376933,4.90987047530386,4.90889481724083,4.90794875638061,4.90703563628715,4.90615505149176,4.90531041484232,4.90450365554235,4.90373602848803,4.90300989540523,4.90232705120439,4.90168942372176,4.90109726667577,4.90055085184944,4.90005495965257,4.89960886278037,4.89921340644458,4.89887043333486,4.89857727011191,4.89833920557131,4.8981508381866,4.89801916248993,4.89793729025445,4.89791141822391,4.89793481921918,4.89801284879661,4.8981379790848,4.89831583474975,4.89854153201188,4.89881682701248,4.89913811457682,4.89950399567543,4.89991352227541,4.90036323104117,4.90085658555666,4.9013818090019,4.901952318344,4.90255086175053,4.90319222982328,4.9038595897512,4.90455520813806,4.90527813043127,4.90603359899007,4.90680788126727,4.90760464528423,4.908424881824,4.90925923481941,4.91012102822299,4.91099147013297,4.91188014610233,4.91278332860896,4.91370641779568,4.91464040841206,4.91557482832547,4.91651631680905,4.91750414287214,4.91847762836071,4.91943730918916,4.92041907896323,4.92141644756766,4.92241453827983,4.92341869350251,4.92442620962668,4.9254386923296,4.92645775120979,4.92747261270077,4.92849263427151,4.92951474420925,4.93053203165527,4.9315536781669,4.9325794801696,4.93360782404856,4.93463730931261,4.93566502840999,4.9366893351882,4.93771271402502,4.93873488556825,4.93975310851044,4.94076814486115,4.94178347199714,4.94279113633892,4.94379589492959,4.94479713070589,4.94579389924907,4.94678528341414,4.94776809495195,4.94874286454862,4.94971461875657,4.9506805717649,4.95163875555088,4.95258994098072,4.95353155374706,4.95446738623666,4.9553970094843,4.95631584779372,4.95722570683291,4.95812501116463,4.95901389175774,4.95989387769627,4.96076308913474,4.96162865818359,4.96249469766378,4.96333190956753,4.96416121011892,4.96498268497921
4.93908891721758,4.93795698354465,4.93681976142502,4.93567587628206,4.93452419121077,4.93337222898985,4.93221472714458,4.93105340453935,4.92989377807836,4.92873069080154,4.92757013332032,4.92641263025565,4.9252580696494,4.92410939471603,4.92296488453062,4.92182196539122,4.92069461649946,4.9195553856103,4.91856805539571,4.91739012922523,4.91630750486159,4.91525159079206,4.91421366740999,4.91319564379199,4.91220615212968,4.91123905629724,4.91030192336881,4.90938965645331,4.9085134509868,4.90766583242613,4.90685549091723,4.90607927884144,4.90534235826299,4.90464495075726,4.90398666437256,4.90337340579743,4.90280146621024,4.90228107531264,4.9018012215484,4.90137278235693,4.9009913230963,4.90065914737946,4.90037806627342,4.90014385541501,4.89996472059024,4.89983048130542,4.8997512982536,4.89971936138251,4.89973895302223,4.89980904514776,4.89992584676933,4.90009088735818,4.90030271366774,4.90055922961181,4.90086142906524,4.90120768128581,4.90159473994644,4.90202559426636,4.90249034185859,4.90299770285815,4.90353308516226,4.90410559064694,4.90471805573865,4.90535400327683,4.9060237392181,4.9067173170298,4.90743828613013,4.90818096191629,4.90895182811651,4.90973073803684,4.91054394222071,4.91136681733493,4.91220981725823,4.9131291036451,4.91394202803099,4.91483015263919,4.91573142351622,4.91661595023025,4.91757500586829,4.91842208712047,4.91945662389571,4.92039555970349,4.92134650536114,4.92230906770416,4.92328627953627,4.92425669788887,4.92523368511447,4.92622008520388,4.92721327030775,4.92820152407966,4.92920230228577,4.93019550710024,4.93119295414742,4.9321832253059,4.93318496501793,4.93418792851872,4.93518988740426,4.93620079441526,4.93720342939835,4.93820217709758,4.93919819026754,4.94019710482288,4.94119198660204,4.94218339847902,4.94316826825306,4.94415577369845,4.94513551431413,4.94611085050572,4.94708431540656,4.94804539749559,4.94900432931805,4.94995435759334,4.95090331006691,4.95184371670044,4.95277814492971,4.9537042789035,4.95462181238894,4.95553589933108,4.95643753535855,4.95732946813463,4.95821297931729,4.95908748588904,4.95995360766156,4.96081097796596,4.96166426721714,4.96250597902544,4.96333981399809,4.96416126110287,4.96497101732743
4.93959895824606,4.93849502137514,4.93738525801815,4.93626939627277,4.93514971127982,4.93402427566337,4.93289777737231,4.93176853891368,4.93063920291387,4.92951041662177,4.9283839162673,4.92725955416932,4.92613886024442,4.92502373948633,4.92391586389322,4.9228148431135,4.92171850208956,4.92063431825031,4.91957692860328,4.91852642189306,4.91748499725182,4.91646137395541,4.91546018682268,4.91447892389395,4.91352118396733,4.91259964332629,4.91168733393791,4.91081400516562,4.90996470529676,4.90915331389648,4.90836995006031,4.90762635477614,4.90691613715021,4.90624555979332,4.90561581090906,4.90502284234698,4.90447764288624,4.90396897308193,4.90351499328344,4.90309395259742,4.90272924421007,4.90240553635215,4.90213440799981,4.90190888363644,4.90172995444313,4.90160407063494,4.9015186065814,4.90148908208099,4.90150002176141,4.9015623687831,4.90167120346868,4.90182359589197,4.90202693672649,4.90226766100855,4.90255050700244,4.90287664892714,4.90324447713291,4.90365415816275,4.90409742585301,4.90457550199662,4.90509103220622,4.9056433406667,4.90621852718691,4.90683076051513,4.90747873894391,4.90813774570532,4.90883765088746,4.90953989485178,4.91028220073751,4.91104556772025,4.91182679247874,4.91262171594791,4.91338622954528,4.91422313368355,4.9151260757074,4.91596748381277,4.91683738582164,4.91770928556992,4.9186100180804,4.9193896791158,4.92039846972408,4.92134081652568,4.92226898573695,4.92320306563176,4.9241507284583,4.92509723448759,4.92605210478001,4.92701028071675,4.9279759375928,4.92894446904053,4.92991357162221,4.93088694415789,4.9318612857536,4.93283423346755,4.93380666473636,4.93478849348358,4.93576258935553,4.9367460257947,4.93772912340085,4.93870504144165,4.93968303885645,4.94065819567927,4.94163102020703,4.94260287443317,4.94356891340408,4.94453342252446,4.94549083706902,4.94644793918441,4.94739740276771,4.94834309335005,4.9492829316929,4.95021531418636,4.95114531102855,4.9520675956389,4.95298216565727,4.95389761296702,4.95479685026646,4.95569155278485,4.95657518355808,4.95745417317981,4.95832414134222,4.95918628920048,4.96003894303768,4.96088497034741,4.96172233573892,4.96255013524548,4.9633697455913,4.96417687966574,4.96497449252715
4.94006102263091,4.93898245483304,4.93789983548437,4.93681200690872,4.93571963961225,4.93462368804874,4.93352558724039,4.93242778270413,4.93132937707382,4.93023309452663,4.92913897335189,4.9280496252336,4.92695763508065,4.92587867281072,4.92480531413001,4.92374039178228,4.92267894591988,4.92163436057931,4.92060344291866,4.9195886121255,4.91858500805803,4.91760628239037,4.91663731378582,4.91568630829237,4.91477229808592,4.91388359111057,4.91300123232965,4.91215309274291,4.91134180614113,4.91055527646066,4.90980637977394,4.90908655073448,4.90840533911546,4.90775928410901,4.90715147098712,4.90658525703332,4.90605454193117,4.90557122613656,4.90512467647807,4.90472972637574,4.90436872426551,4.90406428752564,4.90379374879514,4.9035795164834,4.90340344850481,4.903277951954,4.90319697506482,4.90316057634024,4.90317395392712,4.90322620695773,4.9033293247898,4.90346805506561,4.9036580125283,4.90388789113567,4.90415260113649,4.90447008302713,4.90481211375846,4.90520033152916,4.90562562882095,4.90609147771469,4.90655541941939,4.90709969644297,4.90765738193427,4.90823077106264,4.90887200488737,4.90951615902966,4.9101572114262,4.91084311790087,4.91155629424097,4.91228978855631,4.9130423277789,4.91375704218019,4.91457172432595,4.91538208436582,4.91620681249916,4.91703731655813,4.91788780096185,4.91873176741942,4.91958910006902,4.92050457673952,4.92136186286101,4.92225997594894,4.92316390938336,4.92407031914859,4.92498777200652,4.92591938572628,4.9268461046849,4.92777955526354,4.92872146380583,4.92966921714882,4.9306143819629,4.93156592206773,4.93251735105772,4.93346755952885,4.93441944671496,4.93537743916903,4.93633236717391,4.93728847457698,4.93824806375268,4.9392081568407,4.9401639705171,4.94111858204939,4.94206825939693,4.94301777513318,4.94396757286848,4.94491074317661,4.94585422554302,4.94678932378128,4.94771830501917,4.94864587298625,4.94956771137625,4.95048465709309,4.95139535383533,4.95229993837362,4.95320150979027,4.95409548584547,4.95498200263822,4.95586012263283,4.95672635947135,4.95759119767346,4.95844708505649,4.95929515112985,4.96013533748467,4.96096808244906,4.96179136899697,4.96260769836907,4.9634138649446,4.96420870951994,4.964994655352
4.94042570825578,4.93937374176644,4.93832069934813,4.93726216500538,4.93619945234578,4.93513577158452,4.93406866905747,4.93300285414076,4.93193744810212,4.93087205746083,4.92981232877542,4.9287536358921,4.92769477090635,4.92665559880015,4.92561554156771,4.92458223394499,4.92355962398044,4.92254953834959,4.92154924503071,4.9205686203445,4.91960611485755,4.91865890627317,4.91773295024288,4.91681232921975,4.9159214610814,4.91505524783124,4.91421528686699,4.91340319794088,4.91261804035633,4.9118646849175,4.91114222196092,4.9104521242911,4.90979656671199,4.90917582132838,4.90859220165051,4.90804573282308,4.90753922718561,4.90707047968473,4.90664498217992,4.90625777966029,4.905916506669,4.90561495761002,4.90536050949951,4.90514608452488,4.90498029998308,4.90485338783201,4.90477568872265,4.9047372420213,4.90474560100493,4.904795311479,4.90488622725266,4.90502178239209,4.90518454850794,4.9054010522266,4.90566812317511,4.90597344100455,4.90629191562306,4.90665532662679,4.90707259447547,4.90764074377516,4.90802169396861,4.90855418157091,4.90902791560077,4.90961955403243,4.91018040786534,4.91080739898767,4.91143491710669,4.91211601222083,4.91277245787726,4.91347188208954,4.91419604698804,4.91492939451462,4.91569093519196,4.91647787997691,4.91727293610134,4.91806872011658,4.91888469966355,4.91971192151154,4.92053248607136,4.92134535516463,4.92226890537996,4.92314040929251,4.92402083810084,4.92490752128938,4.92579962063117,4.92670609138028,4.92761149212271,4.92852336902646,4.92943957731512,4.93036296340277,4.93128947000569,4.93222000142785,4.93315274072367,4.9340793485867,4.93500960800223,4.93594406231098,4.9368790170959,4.93781706658928,4.93875119939202,4.93969386031376,4.94063094755285,4.94156466408571,4.94249695640579,4.94342521495796,4.94435661426584,4.94528376623333,4.9462034677048,4.94712202596891,4.94803434584374,4.94894427316441,4.94984834005641,4.95074801492528,4.95164340532638,4.95253315094582,4.95341773831783,4.95429637427567,4.95516818778253,4.9560280490172,4.95688185381661,4.95773138963338,4.95857150056226,4.95940773315991,4.96023772020441,4.96105768225397,4.96186895334319,4.96266971999638,4.96346313511593,4.9642450121053,4.96502148981083
4.94079213498822,4.93977206137392,4.93874325955594,4.93771230577636,4.93667961255664,4.93564222773563,4.93460784934602,4.93357204432917,4.93253388836116,4.93150378786655,4.9304734704024,4.92944589135116,4.92842702299294,4.9274132373425,4.92640518720451,4.92540866738032,4.9244188191082,4.92343781841844,4.92247882263848,4.92152909516709,4.92059772451003,4.91968462397337,4.918787573581,4.91794230210172,4.917087695132,4.91620462749834,4.91540387556371,4.9146226821175,4.91386879346926,4.91314292249911,4.91244839101142,4.91178318657794,4.91115150145455,4.9105538245555,4.90999117385906,4.90946488030465,4.90897599528626,4.90852532446343,4.90811359392532,4.90774168574779,4.90741048813874,4.90712026731293,4.90687184192928,4.9066636370092,4.90650122573079,4.90637552161872,4.90629388248569,4.9062590064605,4.90626323105615,4.90631417234081,4.9064482325694,4.90651089634299,4.90669187984251,4.90690626327063,4.90716195130876,4.90742067421816,4.9077598787526,4.90809367596651,4.90848625295434,4.90889025670137,4.90934502216934,4.9098159255202,4.91032314730318,4.91086977405924,4.91143838358064,4.91201731136983,4.91262575654278,4.91327447940774,4.91393770664802,4.91461578608453,4.91531775833025,4.91603254284819,4.91676660659138,4.917516940611,4.91828261800924,4.91906327676278,4.91985474974122,4.92065864309675,4.92146541817932,4.92229254360006,4.923129599718,4.92399535058671,4.9248556576868,4.92572032196267,4.92658787658447,4.9274654469253,4.92835765749541,4.92924511756837,4.93013973080841,4.93104130712418,4.9319462158455,4.93285514647598,4.93376544539406,4.9346779100987,4.93558365514964,4.93649811182806,4.93741282049203,4.93833106837011,4.93924560556738,4.9401642421853,4.94108377124402,4.94200025075009,4.94291386045855,4.94382732096605,4.94473684743444,4.94564415895675,4.9465481616228,4.94744765890485,4.9483446996202,4.94923557431371,4.95012167174696,4.95100631796167,4.95188622067711,4.95276504148992,4.95362910805081,4.95449099924921,4.95534618502791,4.95619240519873,4.95703679550778,4.95787064708545,4.95869838278489,4.95952212463373,4.96033660999918,4.9611448257004,4.96194644434722,4.96273218616611,4.96351247226028,4.96428443323509,4.96505106247138
4.94123522130839,4.94023479407664,4.9392332533256,4.9382283079032,4.93721919825295,4.93621267253395,4.93520429453882,4.9341947933528,4.9331904969188,4.9321858842179,4.93118449310325,4.93018990460165,4.92919866745876,4.92821423276874,4.92724172088688,4.92627577664291,4.92531588497705,4.92436868488613,4.92343618051385,4.92252230859592,4.92162850960812,4.92073728739264,4.91987671356177,4.91900276299807,4.91821404463373,4.9173930054149,4.91664180588606,4.91585383922462,4.91512805465276,4.91443107136248,4.91375726110579,4.9131165752955,4.91250806218306,4.91193205472477,4.91139013842256,4.91088252073652,4.91041145078419,4.90997663802003,4.90957909460121,4.90922060726132,4.908899183649,4.90861803336337,4.90837468847321,4.90817528223179,4.90801972243337,4.90790297605341,4.90784484817689,4.90777303733365,4.90777415698268,4.90780982678215,4.90791086017318,4.90799268986563,4.90819217887667,4.90837386547322,4.90859590541406,4.90885235980809,4.90916092882764,4.90949136320487,4.90986739496243,4.91026395884364,4.91069355158057,4.91115072771994,4.91163430570209,4.91215522461902,4.91269267131218,4.91325625603227,4.91384883711793,4.91446869614151,4.9151007981694,4.91575676328119,4.91643006075237,4.91712215986718,4.91783210179938,4.91856183670582,4.91930329832184,4.92005492975658,4.92082703176055,4.92160654210944,4.92239647415741,4.92317679731019,4.92402258509043,4.92485039011314,4.92568666761253,4.92652896062149,4.92737821988304,4.92823239015,4.92909924216931,4.92996660533101,4.93083960268525,4.9317179135365,4.93260138582099,4.93348840786032,4.93437934149646,4.93526847360853,4.936158234837,4.93705040444797,4.93794377461067,4.93884228098932,4.93973745613496,4.94063302373785,4.94153493896254,4.94243272013368,4.94332811757613,4.9442256585131,4.94511693752638,4.94600353972978,4.94689048819024,4.94777350584697,4.94865389241874,4.9495260160961,4.95039806141874,4.9512650809291,4.95212983747831,4.95298825981173,4.9538417432925,4.95468761376217,4.95552688525874,4.95635932832615,4.95718999621417,4.95801129634775,4.95882796478794,4.95963879345667,4.96043902101521,4.96123373970194,4.96202052442301,4.9627998540859,4.96356687971131,4.96432933972302,4.96508607564438
