4.87340967024476,4.87131446905932,4.86920957309019,4.8671126275084,4.86502749501754,4.8629464846971,4.86087018777321,4.85882935750916,4.85680483066895,4.85479698054271,4.85281660692853,4.85087586918551,4.84897523046485,4.84711974773425,4.84531576027217,4.84356512901394,4.84188628866126,4.84027165425631,4.83877157037244,4.83727073091167,4.83591197637892,4.83463431870585,4.83344594059367,4.83236063144935,4.831367350884,4.83052878180817,4.82980288592029,4.82919303263284,4.82872650416038,4.82837506633595,4.82818084385566,4.82813688417243,4.82827210246973,4.82854464523306,4.82894745820371,4.82952686870051,4.83029929122588,4.83120948391924,4.83229403333323,4.83352168081692,4.83491143572221,4.83647052792459,4.83807899754277,4.84004063148963,4.84204493461829,4.84419103948497,4.84648114266479,4.84888582409385,4.85142783185092,4.85408075566842,4.85683310631237,4.85967521363438,4.86260221521309,4.86560426388961,4.86866085472261,4.87177396453545,4.87491503256511,4.87809430225044,4.88127454480885,4.88447287914423,4.88765034732972,4.89082126830593,4.89395824205263,4.89706957244828,4.9001271687374,4.9031381377359,4.90607048393953,4.90895437652638,4.91175315030649,4.91446760241006,4.91710191256877,4.91964277563826,4.92210055172139,4.92445137816357,4.92670357598861,4.92884636330565,4.93090206112034,4.93285340233957,4.93469925954283,4.93645881754799,4.93811556798057,4.93968826142919,4.94116147041828,4.94254834179344,4.94384689139794,4.94506330879553,4.94620525618905,4.94727146490839,4.94827081242298,4.94919864847739,4.9500710828506,4.9508883831972,4.95165949301532,4.95239128421918,4.95308034849536,4.95374063640735,4.95437790918235,4.95499027909111,4.95558454807675,4.9561675807456,4.95673751559738
4.87201130632893,4.86983504097079,4.8676452312258,4.86546535236051,4.86328965697653,4.86111313618649,4.85895036164488,4.8568144668472,4.85469347046915,4.85258882998943,4.85051254068513,4.84847097005534,4.84646790552589,4.84451469326917,4.84260788658952,4.84076448663109,4.83897603451421,4.83727201633923,4.83564022855634,4.8340832682546,4.83261293271949,4.83124416287976,4.82996525634059,4.82880287413786,4.82775773185034,4.82682732891736,4.82602638831505,4.82535458586694,4.82482430734964,4.82443955382888,4.82420170768524,4.82414418092655,4.82425576993973,4.82450583804669,4.82490013292844,4.82550711574835,4.82629478335128,4.82724774151787,4.82836561252654,4.82964768710098,4.83111765797699,4.83285163348524,4.83458000904914,4.83648804152379,4.83862466808915,4.84091156625943,4.84331783112033,4.84587172048938,4.84854572633538,4.85133038870232,4.85423901626951,4.85722826498973,4.86032628157885,4.86348957266598,4.86671371129827,4.86998980819331,4.87330229283085,4.87664336157366,4.87999756811927,4.88335732169887,4.88671176906742,4.89003798797055,4.89334013650803,4.89659266773129,4.89979390493503,4.90294647133912,4.90600881401617,4.90900720637562,4.91191610836954,4.91474492583592,4.91747413236825,4.92011206464824,4.92264555280772,4.92506005039053,4.92739595674959,4.92958475994507,4.93168017362511,4.93367189938547,4.93555515381949,4.93733197656946,4.93900709159505,4.94057902099018,4.94205805957475,4.94343931845562,4.94472429724272,4.94592549357682,4.94704458402335,4.94808630933091,4.94904724604573,4.94994715067293,4.95078581439661,4.95156849071884,4.95230192523926,4.95298865524884,4.9536423353506,4.95426082743629,4.95485556069833,4.95543150613854,4.95598830615798,4.95653490877181,4.95708339087933
4.87076732306239,4.86850741138119,4.86623023630221,4.86396251383113,4.86169539217108,4.85942181499913,4.85716361731858,4.85493046998719,4.85271114849592,4.85050187335872,4.84832092409574,4.84617451004256,4.84406355508327,4.84200212094299,4.83999346557454,4.83804883999334,4.83616255470216,4.83434310374349,4.83260908458262,4.83095360278494,4.82938240584703,4.82791554382761,4.82654117352771,4.82527537838358,4.82408560511357,4.82317211935226,4.82225851577245,4.82151254007326,4.82093066708126,4.82048695217369,4.82021410152304,4.82013210868611,4.82020522031719,4.82043361651716,4.82082730559803,4.82144209788176,4.8222465014189,4.82321474557699,4.82436672355205,4.82570139984172,4.82724675885085,4.82901891469516,4.83085109822875,4.83278594507462,4.83502267755929,4.83745134911325,4.84001475635677,4.84267429280226,4.84551974121971,4.84845700520313,4.85151792613789,4.8546888517864,4.8579495544296,4.86128757119245,4.86469596626873,4.86815233155684,4.87166566633298,4.87518951138086,4.87873188941909,4.88226664499143,4.88579382516961,4.88929223559373,4.89275459499405,4.89616964209699,4.89952635960002,4.90280876328175,4.9060262171071,4.90914703193047,4.91218441808674,4.91511881486017,4.91794821482849,4.92067973700977,4.92328662135235,4.92578693819716,4.92816835828749,4.9304373812047,4.93256956218084,4.93459313130888,4.93650279563077,4.93829898379358,4.93998454748259,4.94156153851481,4.94302963162451,4.94440266718327,4.94567597599621,4.94685376781741,4.94794509245759,4.94895355800474,4.94988668417268,4.9507453171351,4.95154149330401,4.95227673636086,4.95296922621039,4.95360933183009,4.95421647631707,4.95478916565935,4.95534035102017,4.95587299105797,4.95638947202274,4.95689879361182,4.95740190255435
4.86955495456373,4.86720335251413,4.86483835128076,4.86247815523373,4.86012339482796,4.85775184703167,4.85539251994179,4.85306007198951,4.85073520567475,4.84842653280385,4.84613815935619,4.84388876794174,4.84166273697155,4.83947218701699,4.83737313446597,4.83531524984781,4.83330729798016,4.83138867610754,4.82953916184973,4.82776426274076,4.82608895916746,4.82450419581057,4.82303346745108,4.8216727823137,4.82054903281576,4.81933652872291,4.8183498219157,4.81753538839789,4.81686811790487,4.81633157578404,4.81604380886826,4.81592914385666,4.81596735814511,4.81615968177184,4.81655474213024,4.81718280714364,4.8179938004721,4.81899041014621,4.82016987139702,4.82158468569121,4.82317217437172,4.82493035384988,4.82687402731735,4.82901245918949,4.83137173016071,4.8337742063514,4.83657503000466,4.83937422871215,4.84240060170851,4.84544471132423,4.84868700110887,4.85202980489481,4.85547872811583,4.85901305787042,4.86260589385866,4.86626720336321,4.86995491861667,4.87368277662119,4.87741014039839,4.88114491062447,4.88485634144382,4.88854301667306,4.89218320914936,4.89576643487463,4.8992879936354,4.90272794975872,4.90608757351757,4.9093372432139,4.9125023772964,4.91554847014747,4.91848554352057,4.9212997285429,4.92400213349892,4.92656931457943,4.92901196575591,4.93133505079244,4.93352728575966,4.93559160775941,4.93751974586851,4.93933111019826,4.94101958720749,4.94259769746562,4.9440619256183,4.94541547644244,4.94666509315408,4.94781882815565,4.94887985042413,4.94985192335605,4.95073988378034,4.95155219034577,4.95230039821244,4.95298791220043,4.95362462683696,4.95421523164417,4.95477163292498,4.95530055415784,4.95579326642705,4.9562891070899,4.95676314237809,4.95722773667599,4.95767470546134
4.86812949792647,4.86569670070028,4.86324848247197,4.86078956467705,4.85833737646263,4.85587245442845,4.85341819950433,4.85097431470186,4.84854087873191,4.84612311145783,4.84373182326743,4.84136172689269,4.83893645526127,4.83675416058171,4.83451043691841,4.83233348881431,4.83022026224178,4.82816799636997,4.82620552546209,4.82432056764066,4.82252619292167,4.82083041241908,4.81919047259538,4.81781402098659,4.81646420818611,4.81525735408535,4.81428005635737,4.81324918799733,4.81257031456843,4.81202314673704,4.81174985044549,4.81146989970812,4.8114790753628,4.81163134165407,4.81199701704482,4.81268505531513,4.81345928393115,4.81449737516509,4.81561823306135,4.81709568860964,4.81879304413463,4.82062551575577,4.82277229815732,4.82493413000318,4.82743704608917,4.83004618055128,4.8328944377844,4.83590085204318,4.83896794011966,4.84231061576218,4.84567169848209,4.84926939115692,4.85287693455317,4.85661407124427,4.86042592467399,4.86429751104744,4.86819557533946,4.87213672442545,4.87606655709026,4.88001326892878,4.88391886487434,4.88780563060636,4.89163171053719,4.8954068303269,4.89910586624196,4.90270597040932,4.90621434292308,4.9096163381552,4.91291181334483,4.91608484022346,4.91913166202215,4.92204056191971,4.92483205851993,4.92746753111528,4.92998548640621,4.9323529243172,4.93458734268752,4.936694020618,4.93864392431236,4.94046687790412,4.94215912140458,4.94372969034693,4.94518068300501,4.94651766383901,4.9477396508534,4.94886032756352,4.94988174820534,4.95080317890775,4.95164563975862,4.95240821880933,4.95309969048348,4.95372826286428,4.95430584917473,4.95483918679187,4.95533409059726,4.95580353304924,4.95626324825927,4.9566764925864,4.95708923311081,4.95747831239971,4.95790837961088
4.86666082695942,4.86413390694962,4.86158705011055,4.85903387928019,4.85647973699184,4.85390897526201,4.85134866276924,4.84879532928752,4.84624609891903,4.8437096747314,4.8411991090985,4.83871840527402,4.83625578903588,4.83385184762505,4.83151317969132,4.8291983301188,4.82695481971512,4.82479136012498,4.82269186738297,4.82068247081889,4.81877386245023,4.81696468330375,4.81523727281319,4.81383047925491,4.81229028346946,4.81097988692632,4.80992164013311,4.80889374889655,4.80800033397519,4.80736865241732,4.80681049682622,4.80669769886415,4.80668236876229,4.80681026057941,4.8072476376216,4.80773496540551,4.8085453899097,4.80968667668454,4.8108659451138,4.81238805161963,4.81414034595465,4.81610134550124,4.81825159091465,4.82061759470473,4.82321760678787,4.82601652516509,4.82900377900675,4.83215508928153,4.83549048616485,4.83899770788858,4.84256340718224,4.8463563603324,4.85021027765345,4.85417758904121,4.85821690389656,4.86231465365182,4.86645329320275,4.87061462558652,4.87478877031656,4.87895064414476,4.88308314240329,4.88717573190725,4.89120365626235,4.89516912040226,4.89903831310885,4.90282323007704,4.90649121051393,4.91006138812567,4.91348952326139,4.91678025480487,4.91994301164946,4.92295404342111,4.92582301354826,4.92854356830699,4.9311158585707,4.93353484973439,4.93582307923053,4.93793968168902,4.93991799311783,4.94175532266537,4.94344398627302,4.94500303764698,4.9464321260269,4.94774377064761,4.94893176552133,4.95000894558757,4.9509807233546,4.95185980702981,4.95263616343938,4.95333819985451,4.95396475449469,4.95453600545829,4.95503546703678,4.95549505746832,4.95592205173352,4.95630819953528,4.9566696571916,4.95702154362849,4.9573752803779,4.9577246127305,4.95809895934307
4.86541117573163,4.8627853500387,4.86014188678735,4.85748322920389,4.85482048170456,4.85214054241391,4.84946580875568,4.84679297210652,4.84412220917546,4.84145500112707,4.83882087576516,4.8362158251094,4.83362593811926,4.8310836382407,4.82859051639789,4.82615498150801,4.82377973703845,4.82146206069436,4.81922626073512,4.81708443611678,4.81504006430748,4.81310948712546,4.81127844573793,4.80959496398249,4.80802911615535,4.80665168829173,4.80542726393871,4.80429675927312,4.8033921243693,4.80265243753779,4.80204070000959,4.80173028146197,4.80178387979823,4.80191107220925,4.80218356510102,4.80279397400826,4.80365826280698,4.8047298764964,4.80605127805807,4.80759091034502,4.80939280715045,4.81143145297321,4.81369742407068,4.8162107728765,4.81893630947317,4.82188917732321,4.82504467092341,4.82838232837813,4.83191399337889,4.83560910072319,4.83941324100151,4.84340562139773,4.84750381619025,4.8517222888464,4.85599931477189,4.86034199649442,4.86472299327638,4.86912461623271,4.87353957683359,4.87792305968053,4.88229009922339,4.88659290093479,4.8908519243915,4.8950126861463,4.89909291954997,4.90304765161426,4.90689509364048,4.91061106055614,4.91417937956964,4.9176067910727,4.92087935307925,4.92400154876861,4.92695798354463,4.92975978310857,4.93238779246802,4.9348608622197,4.93717553355494,4.93932885057258,4.94132396117256,4.94315811556726,4.9448601464862,4.94640140927949,4.94780439427265,4.94907251170449,4.95022486648715,4.95124930584557,4.95216245712603,4.95297744216966,4.95369264306674,4.95432832139023,4.95487756240567,4.95535393813044,4.95578871467851,4.95615804454492,4.95645744285972,4.95674845144197,4.95701772802374,4.95728604630143,4.95759882409481,4.95796258731625,4.95838044221853
4.86416808691095,4.86144705848106,4.85870375481403,4.85594135879483,4.85316018637131,4.85037383419036,4.84759194863522,4.84479745092053,4.8420087258288,4.83920888528428,4.83644988509732,4.83368883440313,4.83096704321752,4.82829709018116,4.82566396103296,4.82308282792106,4.82056233740541,4.81809982512032,4.81572113531656,4.81343153859479,4.8112419822475,4.80915472555605,4.80717879034416,4.8053690970584,4.8037136456374,4.80217775771817,4.80083503558312,4.79961012968475,4.79861193772775,4.79773595984984,4.79718021210687,4.79686423398124,4.79669347915271,4.79679225107071,4.7970845617339,4.79766901393573,4.79849566794004,4.79956923078129,4.8008875367205,4.80250623539018,4.80437006348788,4.8064999954268,4.8088816647545,4.81152565254892,4.81439422788851,4.81751090121355,4.82083749278322,4.82437233795816,4.82809787001113,4.8320047979658,4.83608545459362,4.84029159935512,4.84463636343644,4.84909421719628,4.85362808213801,4.85823607950473,4.86286602617357,4.86751805023878,4.87220929790637,4.8768554987613,4.88147700203711,4.88602577665312,4.89051425594103,4.89489378487497,4.89918589187695,4.90333109797093,4.90736759368513,4.91124189506754,4.91497369705686,4.91853669182467,4.92193603743161,4.92516290604983,4.92821763869433,4.93109454604527,4.93379215951587,4.93631017999475,4.93865593597527,4.94083601821801,4.94284170251483,4.94468075296559,4.9463632306366,4.94788779135183,4.94926014095842,4.95049400577252,4.95158826874996,4.9525521987792,4.95340704369904,4.95414212042871,4.95477799609835,4.95532509730521,4.95575343815481,4.95612371080064,4.95643362644614,4.956661383715,4.95686589629725,4.95706899546624,4.95730198378757,4.95757062886896,4.95790099957237,4.95829923089585,4.95876355981636
4.86284576363826,4.86002039951166,4.85717313377223,4.85431232156383,4.85141453455444,4.84850744711159,4.8456146363242,4.84269673829863,4.83977073728698,4.83687545112087,4.83393526566213,4.83108207208684,4.82821522099107,4.8253932302502,4.82261078083517,4.819874758624,4.8171986179642,4.81458976430279,4.81205610774685,4.80960801160287,4.80726651447737,4.80503187245334,4.80289855957624,4.80096636793206,4.79919567452693,4.79746942912923,4.79597771121677,4.79463669829002,4.79355966958569,4.79261786978145,4.79193869097828,4.79144316649098,4.79122681533882,4.79126801252819,4.79154103128423,4.79213349599042,4.79294691066997,4.7940662284578,4.79544263913551,4.79710261497632,4.79905172533929,4.80127842975881,4.80377613095604,4.80654332316522,4.80957070928437,4.81286655195004,4.81638693590857,4.82012912860979,4.82408446930216,4.82823622868734,4.83254741751511,4.83703595391883,4.84155194882027,4.84635577852904,4.85132207846781,4.85598754711038,4.86102776291659,4.8659256743715,4.87089217807988,4.87581913747401,4.88068770330506,4.88551624366575,4.89024081891892,4.89487445631411,4.89937804011825,4.90374874780914,4.90796921940586,4.9120226058206,4.91591758409814,4.91961733780696,4.9231445822374,4.92647818738014,4.92962279466347,4.93257414635181,4.93533327453929,4.93790935150807,4.94028435753915,4.94248793098076,4.94449285101431,4.94633955176973,4.94799885966688,4.94949024201503,4.95083213015474,4.9520066754055,4.95304451440093,4.95393889858418,4.95468704998529,4.95537003875397,4.95587889018818,4.95627216192104,4.95655006233136,4.9567680683207,4.95693824711315,4.95708884503085,4.95724129621831,4.95743083924498,4.95766268455874,4.95794867596737,4.95829721440937,4.95871543617232,4.9592090845914
4.86152977365587,4.8586002904106,4.85564778728603,4.85267565963329,4.84966262869267,4.84663968386355,4.84360288709253,4.8405610004821,4.83749253034844,4.83445273530179,4.83139612605352,4.82835564549715,4.8253515186821,4.82237196202361,4.81942386050201,4.81652409939134,4.81368854708138,4.81091938265321,4.8082187811641,4.80560405192712,4.80309948260608,4.80069627129174,4.79844465414383,4.79637163023937,4.79431078502752,4.7925641882447,4.79090062575843,4.78942925940397,4.78815440574085,4.78714210692945,4.78642045992846,4.78582849734942,4.78552629582996,4.78551371323605,4.78575415816586,4.78627945204348,4.78711487032046,4.78823470587925,4.78966181235632,4.79138197336914,4.7933951244657,4.79571475513704,4.79833613744206,4.80124743852281,4.80443331707077,4.80790950206083,4.81164824452582,4.81561407362984,4.81980474506521,4.82421870093918,4.82878373789052,4.83355397194675,4.83846621738824,4.84343696132271,4.84859030094242,4.85380307842961,4.85906593702864,4.86436229651439,4.86957985549843,4.87482158651763,4.87997677022905,4.88508806310524,4.89007098518449,4.89497305740096,4.89970374856253,4.90431120116616,4.90872650337512,4.91298019856281,4.91703493536102,4.92089176082352,4.92455689302009,4.92800130365767,4.93124849023926,4.93427166569767,4.93709341170185,4.93969830210601,4.94211189152829,4.94432659502542,4.94634551633154,4.94816345720861,4.94980567035637,4.95126459786456,4.95254980623957,4.9536740504218,4.95456892778065,4.955401640504,4.95606526526201,4.95654539069437,4.95685897719135,4.95706882424406,4.95725074225389,4.95734494785612,4.95744257155996,4.95756028838597,4.95770503828526,4.95789982278554,4.95814881824319,4.95845574614124,4.95882595640916,4.95927021543176,4.95978721396695
4.86018241516128,4.85714902693968,4.85408951263866,4.85099516519626,4.84786205343806,4.84471403906171,4.84155111240592,4.8383675691125,4.83517174665469,4.83196095351822,4.82876335074309,4.8255787879101,4.82241430402938,4.81927077951448,4.81615688049292,4.81309165609207,4.81007911041598,4.80713029165804,4.80425531445988,4.80146631516236,4.79877549115566,4.79620948238743,4.7937698319211,4.79141003397305,4.78924178918258,4.78734709966075,4.78549940583985,4.78393795500501,4.78256148669851,4.78137272140348,4.78045790133716,4.77984812363171,4.77952665910183,4.77944937498702,4.77965807129431,4.78017615904425,4.7809798576276,4.7821182686985,4.78358235202206,4.78536809203156,4.78748194265136,4.78987986687184,4.79265167933874,4.79570460480301,4.79907645706971,4.80274273209498,4.80668395485801,4.81088894664363,4.81534738143887,4.82004247575411,4.82491846948777,4.82994939291486,4.83519175016276,4.84053126941686,4.84599352839778,4.85154884361967,4.85713434191975,4.86278589851836,4.86830808146508,4.87390323626613,4.87939318023661,4.88478127128545,4.8900629721103,4.89522234329353,4.90021354163931,4.90505308174194,4.90968900029601,4.91413615227034,4.91836501157458,4.92238577659944,4.92617788145565,4.92974151938218,4.93307831564257,4.93617683228343,4.93905219674595,4.94170997279475,4.94415653625769,4.94637656409895,4.94836586684876,4.95016991789944,4.95178862879077,4.95318781836072,4.95437940232126,4.95541056500294,4.9562505302148,4.95686486401167,4.95728092384559,4.95759317645767,4.95779677436717,4.95792677363083,4.9580337478662,4.958117927244,4.95819946372383,4.95829203933836,4.95840972656041,4.95856430813533,4.95876690715764,4.95903097762091,4.95936535582392,4.95978012409395,4.96028070018199
4.85905222688682,4.85590685957181,4.8527231797923,4.84950799997074,4.84625383565402,4.84297050001702,4.83965066705474,4.83635546875672,4.83298838078965,4.82962085073102,4.8262687030768,4.82291579232769,4.81958155826789,4.81625977523439,4.81297143800557,4.80972134818689,4.8065214584125,4.80338303459346,4.80031823529008,4.79733921689597,4.79445810186072,4.79169856969851,4.78906766111278,4.78655812889328,4.78455967337855,4.78204146715345,4.78009729621437,4.77838638361836,4.77686178916055,4.7756288463652,4.77456190553145,4.77382117604404,4.77335985430086,4.77320972407869,4.77335522132369,4.77384098440796,4.77464235130381,4.7757634904458,4.77725179456466,4.77909880552992,4.78130539692195,4.78382822160082,4.78668929208096,4.78994413441936,4.79349323764174,4.79735811726523,4.80153151255844,4.80601312404741,4.81074378974456,4.81573325460719,4.82093547295484,4.82629538634737,4.8318489217423,4.8375668807692,4.84338960442879,4.84931873648657,4.85523030487234,4.86125251527787,4.86719205865947,4.87308786387372,4.87890550465995,4.88461995009063,4.89010847523917,4.89564450456093,4.90088596694512,4.90595648821765,4.91084541530856,4.9154948289639,4.91991806633239,4.92409922912518,4.92802288514926,4.93169293699161,4.9351087026284,4.93829685529579,4.94123074295961,4.94392645218575,4.94638418074377,4.94859373538127,4.95044522273894,4.95230020196484,4.95387633218304,4.95520842318295,4.95625151148655,4.95709464450457,4.95763467672458,4.95814337661946,4.95846722745318,4.95869140730192,4.95884179423889,4.95893320012144,4.95898144564807,4.959002550552,4.95901619709816,4.95903503503359,4.95907518398219,4.95915112052557,4.9592806275361,4.95947934765882,4.95975394682929,4.96011688839392,4.96057618272602
4.85793619115439,4.85468467677613,4.85139722316804,4.84806683343343,4.84467616899192,4.84125297356031,4.83789384608244,4.83437323058171,4.83087115683302,4.82735305827679,4.82383536240987,4.8203280362014,4.81681093345731,4.81330137342912,4.8098199139767,4.80637608960535,4.80297997669342,4.79964394366303,4.79637890348343,4.79319947539962,4.79011892029523,4.78715325869163,4.78430889551207,4.7816282352883,4.77911898789087,4.77670270438095,4.77455245394615,4.77265260626039,4.77096452875259,4.76954548882171,4.76834431306189,4.76747467712942,4.76691919606149,4.76665903294429,4.7667231555225,4.76714334507198,4.76792711627105,4.76905245681346,4.77057050827572,4.77245533604381,4.77474995608522,4.77741287197444,4.78040565525389,4.78379390284965,4.78754727534971,4.79164190158954,4.79604913827287,4.80079057422387,4.80584637964983,4.81113842412765,4.81665434776627,4.8224051306727,4.82832538955677,4.83441514054703,4.84062634826649,4.84690671710475,4.85326219791374,4.85950934035804,4.86595642556964,4.87220345001833,4.87839117720339,4.88448258760429,4.89030228572717,4.89614259364346,4.90157084145382,4.90703197032273,4.91206173504128,4.91702789671187,4.92163420704447,4.92598053459041,4.93002525369334,4.93381881289406,4.93733436680505,4.94059546680011,4.94358587848777,4.94628648988794,4.94878884084093,4.95099052522879,4.95297743599749,4.95463355223843,4.95603539023005,4.95712304872969,4.95801940373632,4.95871330056739,4.95926847262699,4.95964393334692,4.95989550330885,4.96004377512952,4.96010278475594,4.96009470072731,4.96003730300125,4.95994465044043,4.95983764602083,4.95973914908619,4.95966218536655,4.95962632099065,4.95965504859939,4.95976131529006,4.95995853541285,4.96025799977506,4.96066501248921
4.85659943898551,4.8532371357195,4.84983655991116,4.84638347469757,4.84287747142782,4.83935778256821,4.83577225422674,4.83209241092282,4.82844437893607,4.82476735298516,4.82108407997296,4.8173865912074,4.81369395295276,4.81000530169598,4.80633499632996,4.80269362116444,4.79909372906846,4.79554735419116,4.79206803553776,4.78867086470652,4.7853719480598,4.78217980543934,4.77907630041804,4.77626080647701,4.77349242599917,4.77090761330318,4.76854078947688,4.76641308245389,4.76461251823985,4.76300191796345,4.76164400190439,4.76062966125078,4.75994999452882,4.75959701359769,4.75960388498194,4.75995290812624,4.76069279128974,4.761817606881,4.76335399065952,4.76529444782729,4.76769102364343,4.77043245100802,4.7735904430112,4.77712220098545,4.78108587420981,4.78541511526474,4.79010228896487,4.79514314480008,4.8005082633765,4.80615957533783,4.81204084684955,4.8181870608148,4.82450761670176,4.83102415179682,4.83763269724051,4.84436399733741,4.85114289670828,4.85785662646747,4.86467193721384,4.8713860302533,4.87792901303823,4.88430022911914,4.89064785546526,4.896819456531,4.90272732068687,4.90826732929803,4.91365545832663,4.91880261356156,4.92360692310656,4.9281154915727,4.93236112334684,4.93628866279565,4.93983340109309,4.94320210082596,4.94626629264234,4.94903491510865,4.95141292456367,4.9535724465718,4.95524001327206,4.95674930745736,4.95800245954278,4.95904094217916,4.95988959958902,4.96053981809077,4.9610177246459,4.9613382223068,4.96153689898338,4.96161690215336,4.96159864019635,4.96149655518539,4.96133341785943,4.96112997728023,4.96090870070071,4.96068870283892,4.96049540436616,4.96034946957163,4.96027362507652,4.96028450514897,4.96039658731341,4.96062571159234,4.96098337303893
4.85535159226266,4.8518708659479,4.84834139946287,4.84474825498646,4.84110524695113,4.837411137951,4.83378193744708,4.82989701689637,4.82607067152706,4.82222474866645,4.81835062651735,4.81446008926248,4.81056831166897,4.80667725258045,4.80279618324889,4.79893721249677,4.79511286265136,4.79133715133145,4.78762455127809,4.78399084018176,4.78045399489908,4.77702721691482,4.7737559663011,4.77079414877752,4.76763072523676,4.76488983818798,4.76228226427598,4.75994238980516,4.75790239466719,4.75612780420842,4.75459832626392,4.75343832339169,4.75261821322331,4.75214031063919,4.75205227061407,4.7523409460909,4.75305553059408,4.75416855384132,4.7557073807657,4.75769855121611,4.76014988673418,4.76304240241872,4.76637123044118,4.77009961786123,4.77425503739813,4.7788274933616,4.78384434464791,4.78920372411888,4.79492011386424,4.8009518253631,4.80725844143589,4.81381828779969,4.82060200693152,4.82756695149429,4.83465965690451,4.84186106006264,4.84910358796515,4.85637958777443,4.86358627384036,4.87075702224244,4.87778563447862,4.88465053824081,4.89136195111418,4.89782206975251,4.90407922099152,4.9100633258604,4.91567897674916,4.92116866403402,4.92603671486146,4.93077768322732,4.93516122034193,4.93924415551832,4.9427674348135,4.9462729598099,4.94929461603116,4.9518124431251,4.95404625191506,4.95603259793849,4.95775245141388,4.95921417817286,4.96043764633227,4.96143283808011,4.96221511159486,4.96280875461093,4.96323076295952,4.96348932722023,4.96360468202653,4.96358801374248,4.96346158659806,4.9632430113689,4.96294820881768,4.9626101441727,4.96225189339904,4.96188587888808,4.96155575663054,4.96127537964201,4.96106617128606,4.96096104331028,4.96097501717909,4.96112223000839,4.96141670559562
4.85457465481888,4.85096878377063,4.84729831301425,4.84356373386193,4.8397904522145,4.8359151542598,4.83201595992838,4.82805681148734,4.82406351699983,4.82002882514358,4.81596318582202,4.81187370972325,4.80777001007793,4.80365701371006,4.79954799879348,4.79545448011648,4.79139067723486,4.78736934647334,4.78340741187437,4.77952117214723,4.77572858878965,4.77205452921823,4.76853434809925,4.76515207007022,4.76188020746272,4.75884915978615,4.75601652310254,4.75343857800646,4.75114278534711,4.74917600205989,4.74745362299209,4.74612341659017,4.74512910415761,4.74452067696217,4.74432566448505,4.74454052509677,4.74517704407149,4.74630260079313,4.74785267852054,4.74986632918157,4.75239721916513,4.75544677459159,4.75892228068124,4.76288387701033,4.76726483513986,4.77212578542779,4.77745372718199,4.78317451179062,4.78924734246511,4.79570649186536,4.80246693607016,4.8094913725444,4.81677317833191,4.8242581909054,4.83184748137336,4.83954833979916,4.8473268172749,4.85510514823773,4.86283810943797,4.87047437759676,4.87799230949918,4.8853406946924,4.89245179038883,4.89936584550763,4.90590741761651,4.91220394822292,4.91819808599662,4.92366812170522,4.92877995869758,4.93377919560457,4.93832593822102,4.94208683314415,4.94582207313922,4.9492288926716,4.95204744848378,4.95462426507054,4.95690162045876,4.95888780703584,4.9606129443341,4.96207994432032,4.96329919572873,4.96429042856901,4.96506444669541,4.96563124268824,4.96600900175029,4.96620854047575,4.96624711510588,4.96613514013038,4.96589284747789,4.9655388424538,4.96509564112558,4.96459750481283,4.96405889208468,4.96351966909495,4.963005936318,4.96254494816738,4.96217127225674,4.96191010238402,4.96177970005523,4.96180679594507,4.96200218483343
4.85393342693114,4.85020923319759,4.84641583519685,4.84255263544557,4.83863297488753,4.83460886275893,4.83057296152636,4.82644869799223,4.82227053197848,4.8180471643963,4.81378533625265,4.80949122990167,4.80517112861187,4.8008313045779,4.79648745703757,4.79215162290171,4.78783724041226,4.78356024670014,4.77933573976658,4.77518227090371,4.77111563995818,4.76715701616357,4.76333663878005,4.75968798431635,4.75618094799672,4.75285447238331,4.74975143721265,4.74687886083809,4.74432838528752,4.7421283156916,4.74019780128496,4.7386655275789,4.7374973612592,4.73674078591947,4.73638246541392,4.73649811993872,4.73710025931414,4.73816952813141,4.73976151735082,4.74176673063512,4.7443689288854,4.74755994188361,4.7512128209019,4.75536831943148,4.76002583003411,4.76519258433525,4.77083861734635,4.77692548384915,4.78341577629772,4.79032364856975,4.79754453727448,4.80508527126443,4.8128851114061,4.82091839160132,4.8290714982681,4.83733358042437,4.8456387069216,4.85398454825922,4.86229124254819,4.87045256231599,4.87850088212858,4.8863049394725,4.89383209224977,4.90126037902352,4.90810894374789,4.91453491482163,4.92084759400383,4.92671872640056,4.93199256350647,4.93677693148142,4.94126305624333,4.94526291565337,4.9488505682099,4.95219138250854,4.95516371225665,4.95780397335692,4.96013109216694,4.96216230877213,4.96390946218049,4.96538996358381,4.96661483560397,4.96759527223918,4.96834336969616,4.96886773658492,4.96918129260443,4.96929286124622,4.96922087336717,4.96897448075648,4.9685704995663,4.96804031939842,4.96740031347512,4.96668490562359,4.96592565042974,4.96515212132087,4.96440342313354,4.96371840942271,4.96312396065887,4.96265673205189,4.96234243513299,4.96220609374673,4.96227031119818
4.85336039269311,4.84951811177563,4.84559499276777,4.84159859269703,4.8375749726243,4.83332295085209,4.82909419566332,4.82481206600946,4.82045454129672,4.81604394810293,4.81158096942043,4.8070757795837,4.80253464805964,4.79796447521258,4.79337934657273,4.78879292638961,4.78421952557219,4.77967466495157,4.77517511075466,4.77073612855325,4.76636843141024,4.76212831244229,4.75798495143435,4.75403274394037,4.75026167138648,4.74665497833909,4.74323169483878,4.74009830791392,4.73728169517867,4.73476876117988,4.73260938982477,4.73083488857526,4.72945987841532,4.72852616341439,4.72804421761858,4.72802675902816,4.72852106992148,4.72955815338265,4.73110062109883,4.73316423283942,4.7358389086621,4.73911182205921,4.74296682082657,4.74733913754566,4.7522748970368,4.75774224500597,4.76371902623122,4.7702103747763,4.77714044983866,4.78451863638413,4.79223827464032,4.80031712316993,4.80866767968046,4.81725636582097,4.82602870105552,4.83488698335458,4.84380558411255,4.85267743474664,4.86163245557748,4.87037814948283,4.87900338039038,4.88731654372917,4.89532825974015,4.90283739907612,4.91011445563101,4.91668260524574,4.92325153924661,4.92908303928211,4.93458153813642,4.9395398725576,4.94412665824098,4.94830960126391,4.95208033924055,4.95547606829762,4.9585034493936,4.96119670175313,4.96356778805892,4.96563101724202,4.96739779180253,4.96888207888315,4.97010987955415,4.97107544322448,4.97178779469885,4.97226568931144,4.97250040211236,4.97251219126018,4.97230910244226,4.97190798600276,4.97132244659072,4.97058081829909,4.96970946314725,4.9687418580932,4.96771009739098,4.96665637021539,4.9656272507625,4.96465985148682,4.96379372038349,4.96307045572359,4.96253156488233,4.96219387101637,4.96208306751354
4.85255527654383,4.8486056155099,4.844558136468,4.84043830166745,4.83641727843124,4.83188846054338,4.82750719816392,4.82304590154747,4.81850993768238,4.81390779524605,4.80924105893307,4.80452092344493,4.79975124125431,4.7949400665889,4.79010390245541,4.78525636034448,4.78041152290987,4.77558561185393,4.77079257704102,4.76604300716443,4.76138409552969,4.75679913464421,4.75234478859571,4.74802444912753,4.74405326069673,4.73997525286766,4.73626207539493,4.73280803819877,4.72968189401689,4.72688262838267,4.72443259185731,4.72240805559636,4.72079460565484,4.71962689763648,4.71897667689569,4.71884784849078,4.71924817511802,4.72018553118882,4.72172115787787,4.72379616809897,4.7264995670494,4.72988251681327,4.73389680706387,4.73858242307909,4.74370441699916,4.74949192070521,4.75584352039561,4.76262265967002,4.77014786990626,4.77798285398854,4.7862642083474,4.79492067054586,4.80392186509413,4.81309445676668,4.82252801135185,4.8321069448082,4.84169336652204,4.85121121296472,4.86076825053384,4.87010509995543,4.87909880865637,4.88795566156423,4.89615718329208,4.90435548312601,4.911908358306,4.91923984078404,4.92569557537115,4.93187906801306,4.93760455931085,4.94284306672308,4.94761938735649,4.95194020169176,4.95583234627516,4.95931979017874,4.96242262010311,4.96516367452601,4.9675639616683,4.96964664177143,4.97142583116964,4.97291215098342,4.97411727006779,4.97504781703974,4.9757094395305,4.9761047345457,4.97623467888143,4.97611462986135,4.97574310307938,4.97514086713836,4.97432537120623,4.97331160214225,4.9721500670889,4.97086213527936,4.96949669823345,4.96810394282373,4.96672483705103,4.96541393368966,4.9642296749112,4.96320273874642,4.96238755343533,4.96181866162903,4.96151961762093
4.85166182857184,4.84758895902959,4.84342187502686,4.83915323795686,4.83479010417003,4.83032442927395,4.82575514114494,4.82111631519474,4.81637952986472,4.81157303908538,4.80668703632786,4.80173430041684,4.79672350743968,4.79166027138192,4.78655935169886,4.78143388256229,4.77629880037324,4.7711686538723,4.76605692731317,4.76097242894152,4.75597922506654,4.75104983772471,4.74626245333632,4.74158851841599,4.73710080013442,4.73288538489932,4.72883931855998,4.72504360635053,4.72156311450614,4.71843768997832,4.71570211817193,4.7133654718885,4.71150242225643,4.71008518884414,4.70920213879895,4.7088676296291,4.70915718129295,4.71006860219938,4.7115779597788,4.7136390161567,4.71641699798087,4.71982955188938,4.72389708983592,4.72899030627018,4.7344727021768,4.74069459807215,4.7474618193252,4.75462287439838,4.76241308731588,4.77111476610599,4.78002939500773,4.78932849455,4.79895667599672,4.80907157762073,4.81877769517939,4.82931783344243,4.83961257368022,4.84989824996795,4.85996031069861,4.86987690122796,4.87953522368515,4.88890282085253,4.89809987426374,4.90629225923648,4.91436134552956,4.92189436878154,4.92890790761711,4.93538800502785,4.94133816661994,4.94675654548115,4.95166276314872,4.95607485109686,4.96002233246968,4.96353802758712,4.96664843328329,4.96937918730046,4.97175667798914,4.97380453949063,4.97554867133172,4.97699345503673,4.9781425387351,4.97901163956409,4.9795964944331,4.97988627612961,4.97989333281201,4.97962210810238,4.97906577685111,4.97824041896866,4.97716566544743,4.97586337772579,4.97437967159603,4.97274305162148,4.97101306405081,4.96923437926325,4.96746957955794,4.96578896625285,4.96423546361251,4.96288212221546,4.96176928225425,4.96095281669649,4.96045891858519
4.850942452505,4.84674216173359,4.84240360852852,4.83798917494313,4.83348957712248,4.82884536174084,4.82411520038872,4.81930366182664,4.81437007267367,4.80933627031197,4.804224589879,4.79903205367863,4.7937665679389,4.78843634731815,4.78305427521928,4.77763285881088,4.77218588330252,4.766718881263,4.76127729689637,4.75584105865478,4.75047854379943,4.74517107281548,4.74003379498722,4.73501253102836,4.73015027987284,4.72543862014093,4.72101218955774,4.7168745291275,4.71302282829351,4.70952634865647,4.70643884944731,4.70377785236898,4.70160749330817,4.69994045671729,4.69881665673724,4.69828529877755,4.69840377318486,4.69919534585235,4.70069859360008,4.7027880366702,4.70560064181918,4.70940142086016,4.71353276732438,4.71866661097867,4.72454271347393,4.73110514647798,4.73833180643823,4.74616351919321,4.75456556581509,4.76360292041603,4.77316682191585,4.78314551098991,4.79351274320378,4.80411294995286,4.8152220960817,4.82618468978828,4.83726489638386,4.84809282132043,4.85905029922165,4.86980198150269,4.8799996942868,4.88996268654145,4.89949777343155,4.9085665240491,4.91710642069506,4.92508904488395,4.93247398790629,4.93926293518344,4.94546641177037,4.95107299331021,4.95611823959562,4.96063752823013,4.96464850531535,4.96819238361201,4.97130703406151,4.97403117357713,4.97639701060649,4.97842688307219,4.98013858792796,4.98155586720815,4.98267584344448,4.98349433709253,4.98402014777342,4.98422337060889,4.98411532345951,4.98368880635991,4.98293811539285,4.98187432244147,4.98051758826286,4.97888605102754,4.97703159654928,4.97498865372652,4.97281082472948,4.97058289104237,4.96836073656429,4.96621906483813,4.96423095489008,4.96247198846718,4.96100440417337,4.95987987536498,4.95914397961663
4.85039916743161,4.84608029372978,4.84163843266467,4.83708675123545,4.83239003458428,4.82760003440156,4.82269782549524,4.81766964270981,4.81253217183571,4.80729390660198,4.80194471073295,4.79650102985202,4.79097051528574,4.78535954483334,4.77968085402952,4.77394595212379,4.76816459633301,4.76235896529009,4.75654596762361,4.75076067020197,4.74498406680099,4.73932255119768,4.73376738920514,4.72822956504886,4.72304620671351,4.71795166253502,4.7130734627374,4.70850565340691,4.70425261803631,4.70033613874068,4.69683362917508,4.69379806095855,4.69128751564462,4.68935171023388,4.68793824839744,4.68717852577336,4.68707470908177,4.68769073025831,4.68918613675917,4.69125035560577,4.69414851916508,4.69791853087416,4.70241476457458,4.70771579903249,4.71391519426654,4.72083670720772,4.72857787840335,4.73694561904015,4.74596504938112,4.75563879001753,4.76596823249552,4.77669434656777,4.78788408399236,4.79893022475822,4.81108858382428,4.82300135244146,4.83493219462796,4.8469585315668,4.85844181222852,4.86984370250784,4.88095481069492,4.89166187639787,4.90188639011456,4.911560116302,4.92062784397655,4.92906766851428,4.93685091579003,4.9439563717949,4.95040108134883,4.95619322655799,4.96135693282568,4.96593641936114,4.96997793135981,4.97351940692366,4.97661083613496,4.97929777650385,4.981620726884,4.98362132700693,4.98530574846697,4.98669114107481,4.98779365976147,4.98858387267048,4.98905348259773,4.9891991500165,4.98897913830506,4.9884018205632,4.98745279577563,4.98612976542449,4.98444356601479,4.98244163176384,4.98014233151711,4.97761582756949,4.97492722566285,4.97214958083853,4.96936732600369,4.96667314200838,4.96415948991505,4.9619138773175,4.96000996475646,4.95850930898907,4.95748876452672
4.85013030127064,4.84568910701413,4.84120832582103,4.83639106461002,4.83157122366914,4.82660341846177,4.82151083112956,4.81628782119349,4.81094121752015,4.80547243732804,4.79988448348745,4.79418446388743,4.78838017018631,4.78247848397676,4.77649033459879,4.77042799796296,4.76430028732447,4.75812634418209,4.75194900179955,4.74574535661171,4.73956187998541,4.7334678359693,4.72752980406863,4.72159774348085,4.71579431945014,4.71022894346545,4.70489402445016,4.69984341106574,4.69515146063617,4.69079853554721,4.68687818091977,4.68341981999688,4.68048913620834,4.67818251283541,4.67652233157138,4.6754866362621,4.6751429682694,4.6755750248929,4.67680395752695,4.67920607803725,4.68192972236838,4.6857816069514,4.69052105339441,4.69603545189896,4.70254560944102,4.70996619493279,4.71814997986775,4.72716364522579,4.73712815505224,4.74719397920867,4.75830471051595,4.76995697267541,4.78172601987187,4.79426234475227,4.80713432140288,4.81957167948299,4.83251328975823,4.84521801422504,4.85789020637074,4.870247217681,4.88224767036344,4.89379167534278,4.90476750650631,4.91513082403612,4.92482253819505,4.93378142743969,4.94198890921064,4.94942941110858,4.95611097153443,4.9620727248156,4.96734102475125,4.97196074292073,4.97599053832388,4.97949277766833,4.98252888763733,4.98515286155981,4.98741576013118,4.98935947341055,4.99101066368293,4.9923735734954,4.99344740500847,4.99421573209269,4.99464701869315,4.99472134939874,4.99440733444188,4.9936747829953,4.99249541373214,4.99086863311865,4.98881887706119,4.98636762642075,4.98356657860906,4.98047479382922,4.97716893663567,4.9737401178492,4.97029474363392,4.96694785818955,4.9638173990255,4.96098168610523,4.95856531858247,4.95664841786301,4.95528404488333
4.85002560444413,4.84545096453251,4.84074785804174,4.83590707946549,4.83090459203696,4.82578230226366,4.82050611203881,4.81508567607253,4.80952703052385,4.80383039497009,4.79799860647617,4.79203617263296,4.7859512198703,4.77974845883499,4.77344018004239,4.76703056318214,4.76053698527057,4.75400037797546,4.74740588751189,4.74077722471445,4.73418318954752,4.72759608871616,4.7212429285273,4.71480495831925,4.70853892647449,4.70247021354274,4.69661330381371,4.69101593654721,4.68580697060166,4.68096252211467,4.67654293455906,4.67262981901987,4.6692373871031,4.66648617011885,4.66448972913009,4.66315617016456,4.66258079735262,4.66277269862043,4.66388934729271,4.66591359388262,4.66886182340292,4.67296710279367,4.67787994561856,4.68366036058632,4.69047828404175,4.69857818843114,4.70712712552439,4.7165154111772,4.7270071002762,4.73840270579327,4.75044209256701,4.76317767489724,4.77565049465522,4.78899047415765,4.80262579890047,4.81649244959333,4.83041253529954,4.84423864405742,4.857909148221,4.87128340478691,4.8842433983635,4.8966721548653,4.90848188064412,4.9195697051286,4.92989001492153,4.93936907054222,4.94798901715556,4.9557569803096,4.96265938541289,4.96873685418264,4.97404287598186,4.97863671948366,4.98258697507295,4.98597369570521,4.98887800939807,4.99138101518155,4.99354111950559,4.99540018841576,4.99699025117613,4.99831968729383,4.99937190901417,5.00012496563599,5.00054180711876,5.00057294807852,5.00016745439799,4.99928114596742,4.9978791503177,4.99595521626155,4.99351620783267,4.99059060604233,4.98721428430296,4.98345768785368,4.97943091723733,4.9752562937882,4.97104146094706,4.96692269606875,4.9630388000763,4.95953309364957,4.95650654846521,4.95408182935148,4.95232867303812
4.85009741712278,4.8455138539417,4.84056195057904,4.83557618739068,4.83043203670368,4.8251346831462,4.81967771843929,4.81406105757731,4.80828749459576,4.8023606763039,4.79627984684479,4.79004829953139,4.78367311420661,4.77715961471303,4.77051811965042,4.76373702540593,4.75690276476244,4.74994012938961,4.74291336804466,4.73585635451124,4.7287975912891,4.72165383795035,4.71471886826768,4.70792158075048,4.70117710524438,4.69454197754477,4.68812115969675,4.68191308795813,4.67615784933917,4.67077768034241,4.66588334456298,4.66139424370817,4.65746356085991,4.65425043665148,4.65178199473505,4.65010269375146,4.64933310086994,4.64913214390247,4.6501299885119,4.65225726993103,4.65498538188095,4.65903971193096,4.66453551926563,4.67059366696913,4.67751542780804,4.68587441456546,4.6950504368427,4.70521959055526,4.71670398107338,4.7285627457629,4.74118337259337,4.75463454828271,4.76864448884576,4.7831263836167,4.79793928401884,4.81296021792093,4.82807091899654,4.84313111070544,4.85799696292803,4.87250564502659,4.88656639582964,4.89999973185545,4.91274308185114,4.9246511421704,4.93566310848504,4.94573543870338,4.9548113291857,4.9628855275829,4.9699898542782,4.97615110496316,4.98142914694167,4.98591748914977,4.98971130484563,4.99291033355621,4.9956204422453,4.9979366907036,4.99994026140921,5.00168447951337,5.00319533100115,5.00449375967591,5.00555353281203,5.00632679546813,5.00676408453798,5.00678197921513,5.00631514674271,5.0053103304491,5.00369366221408,5.00144841675508,4.99857552300579,4.99508871446086,4.99104888992872,4.98654398103189,4.98168119661517,4.97660093909917,4.97145676614476,4.96642820729356,4.9616818982577,4.95736216524305,4.95362153429793,4.95060679479336,4.94842703282157
4.85016988272262,4.8453907153801,4.84042350588826,4.83530119782805,4.83001214337488,4.82455233682631,4.81891938665973,4.81311135869523,4.80712851161155,4.80097527804643,4.79464789986425,4.78814837444334,4.78148106256522,4.77465140999944,4.76766263053669,4.7605548972813,4.75328986851534,4.74589207285619,4.73843975962668,4.73092847075608,4.72338470414859,4.7157707059567,4.70813761417427,4.70077933325356,4.69334613781749,4.68608835061783,4.67911723137293,4.67235962617517,4.66589250829538,4.65992147667028,4.65439985053757,4.64940963524895,4.64492848732403,4.64115296120677,4.63821026656122,4.63610678371137,4.63457531128706,4.63448536233869,4.6353238804755,4.63726410139785,4.64037923824427,4.64414876502412,4.64998265323061,4.6556760261151,4.6634339331244,4.67219757752423,4.6822254085163,4.69300013562641,4.70491884316937,4.71778860274626,4.73154760104915,4.74602991012406,4.76118803418608,4.77686188256873,4.79293673522263,4.80927284858031,4.825728194414,4.84212534103231,4.85830209219493,4.87410767357109,4.88939801087764,4.90398514820545,4.91773984058068,4.93057365156826,4.94236445825143,4.95305574654534,4.96260194264629,4.97098216243583,4.97823795220422,4.98441966719105,4.98960400365671,4.99390066764563,4.99742979670606,5.00034436842295,5.00277411831623,5.004827334613,5.00660730219702,5.00820400862773,5.00964049749555,5.0109199868488,5.01202276781463,5.01286243082119,5.01336536683766,5.01343685096484,5.01298154281253,5.0118861287256,5.01006357156125,5.00749758502161,5.00416390104146,5.00005928307978,4.99526828970159,4.98989423453158,4.98404559328904,4.97792576599666,4.97171626308546,4.96559581257691,4.95978852905044,4.954494810322,4.94992824788715,4.94620940121506,4.94350319307579
4.85026437145434,4.84536480779332,4.84028812760066,4.83503598952332,4.82961104117056,4.82399353958261,4.81818569677395,4.81218447845935,4.80598916311075,4.79960445321553,4.79302465650556,4.78625163740366,4.77928859907273,4.77213779389571,4.76477981945431,4.75732264797458,4.74963365888165,4.74182075574025,4.73390529021147,4.72591810611345,4.7177994122804,4.70968830343865,4.70163259198327,4.69353947502527,4.68552212308837,4.67765945932116,4.66992463911747,4.66246128809625,4.65533659032816,4.64863224683467,4.64242861334283,4.6367835065027,4.63169037762223,4.62729418956923,4.62375177383458,4.62113956461157,4.61972067603419,4.61898297215583,4.61970965529522,4.6212085011226,4.62375302439816,4.62806575633268,4.63355140543908,4.64037718984333,4.64812314917262,4.6573473376685,4.66780691051325,4.67945345934641,4.69222377206354,4.70605782231354,4.72085281664924,4.73652979662499,4.75295697517381,4.77001380365975,4.78750300529268,4.80534407437872,4.82330279103327,4.84122384017359,4.85892974219207,4.87622289101692,4.89289133356123,4.90878419808542,4.92373350852049,4.93761373186323,4.95027532443963,4.96162593112245,4.97166132467804,4.98034190135625,4.98769245775616,4.99380734136152,4.99878931288138,5.0027701355482,5.005919063326,5.00840546628016,5.01041060849691,5.01210358804676,5.01360447783858,5.0150020708877,5.01634691628773,5.01762881478222,5.01880263522636,5.01979272709421,5.02047214713359,5.02070496856185,5.02033394106918,5.01921055268036,5.0172475533662,5.014372359337,5.01052028127965,5.00573534464081,5.00005363712481,4.99364903216407,4.98666228775572,4.9792973049589,4.97176441474373,4.96436611784801,4.95731399410418,4.9508565554031,4.94526308838311,4.94071149854051,4.93737661704618
4.85062310511282,4.84559054973073,4.84040024696553,4.8350219201835,4.82944196912421,4.82366170046263,4.81767495144355,4.81147726766288,4.80506649562171,4.79844494663204,4.79160511956401,4.78454766482225,4.77727577755582,4.76978287983327,4.76211825110947,4.75421307958353,4.746106874038,4.73781410620533,4.72946532493043,4.72092825989685,4.71228225781221,4.70352289152102,4.69494170010013,4.68596970847256,4.67730887933734,4.66872708208737,4.66031988756718,4.65210631023944,4.64420396503973,4.63674764254553,4.62978063108837,4.62335925888937,4.61762159705792,4.61253259727687,4.60831604906554,4.60546677757515,4.60297623133751,4.60186183644244,4.60259890615616,4.6038328156063,4.60657262819475,4.61062895990554,4.61616369315775,4.62308968451775,4.63145104882117,4.64117976151585,4.65228042540558,4.66471352742427,4.6784025309659,4.69330837701465,4.70929461092056,4.72627804683247,4.74414463917276,4.76271870977288,4.78185736974403,4.80133807990616,4.82101398655724,4.84067639698773,4.86009711056128,4.87905478835628,4.89730749880522,4.91469495277252,4.93098169925791,4.94596918468952,4.95958576285426,4.97167955265587,4.98218999325759,4.9911401326346,4.99853716002784,5.00447152071426,5.00909000828187,5.01258607837534,5.01517428486426,5.01707066341566,5.01851629526198,5.01971050439935,5.02081784970578,5.02197384275049,5.02323002162737,5.02457517584819,5.02593744629557,5.02720231881056,5.02820207211243,5.028717657778,5.02857789879135,5.02755616037173,5.02550088796872,5.0223165781297,5.01791296770512,5.01234305837711,5.00566994076009,4.99805732840798,4.98967200792602,4.98083998271569,4.9717460166549,4.96275581707049,4.95419525886711,4.94634603288934,4.93949832455022,4.93395395305771,4.92987549657689
4.85126189547206,4.8461066285402,4.84080222636222,4.83529120410331,4.82956608982093,4.82362575924274,4.81746476796886,4.81107307883794,4.80444976682368,4.79759272976052,4.79049303915232,4.78314931604952,4.77556430333605,4.7677258747764,4.75968805481408,4.75138229514995,4.74282408654958,4.73410288384031,4.72522325109622,4.71612982142106,4.70689134561992,4.69747860733021,4.68803521074884,4.67875015086015,4.66923524172114,4.65988936859546,4.65067748780707,4.64161062355612,4.63288250444266,4.6245423287916,4.61675474092754,4.60931574040259,4.60328562351351,4.59761997172773,4.59243743037556,4.58847120141868,4.58561115811412,4.58419417186578,4.58399055571605,4.58513784662132,4.58771537039647,4.59179923631187,4.59742079586428,4.6045463864933,4.61326000610314,4.62352301940846,4.63530298910157,4.64859173870008,4.66330600686794,4.67935830727464,4.69667762540231,4.71511897527349,4.73456955799729,4.75483648819028,4.7757585228035,4.79715605036636,4.81880283163267,4.84041958098168,4.86179967170357,4.8826839016385,4.90276928041695,4.92180942194448,4.93961644534155,4.95594402751923,4.9706204483544,4.9835260368031,4.99456164831276,5.00372278299367,5.01108069059404,5.01672254385096,5.02082667065655,5.02362250674639,5.0254087045082,5.02649648411467,5.02716328706865,5.02767140182761,5.02826985757157,5.02911241350627,5.03027576169117,5.03173780839838,5.03341004749075,5.03511248590565,5.03661044078577,5.0376340990776,5.03789112765901,5.03710804199249,5.03505368521906,5.03159751978481,5.02663100205557,5.02018260661078,5.01237156299779,5.00329040155479,4.99327917979387,4.98262847463759,4.97165587695609,4.96076536639039,4.95034263708881,4.94079503025183,4.93244940663891,4.92565632596045,4.92067290124778
4.8521941554309,4.84696306481754,4.84154873331087,4.83591535552834,4.83005378806858,4.82395461929945,4.81761803379143,4.811034255036,4.8042026974817,4.79711167673405,4.78975226341671,4.78212024411687,4.77421521104652,4.76605502992243,4.75761048558985,4.74887998271235,4.73987735011826,4.73070151086828,4.72123777882869,4.71160526007247,4.70173728336634,4.69167083811653,4.68163459288147,4.67123430554267,4.66098860090038,4.65075081458632,4.64080214792079,4.63075795321721,4.62113456203415,4.61180516965334,4.60370001998028,4.59494843354662,4.58727232424596,4.58070653753466,4.57521493931089,4.5705646867038,4.5672269703193,4.56512331986867,4.56439278876139,4.56517674004074,4.56750428625057,4.57145941810712,4.57711485071854,4.58448264722687,4.59357274509199,4.60441879921918,4.61695561558695,4.63115381105969,4.64697411712032,4.66428780589541,4.68304836306352,4.70309586350225,4.72427880652346,4.74646561995928,4.7694362804511,4.79295414615428,4.81676709194718,4.84060914785578,4.86423634711519,4.88725679269694,4.9094233271867,4.93042148783705,4.94996636936044,4.96780711525363,4.98367013983263,4.99744700515616,5.00902675243442,5.0183560381848,5.02550616841913,5.03064043990986,5.03396930403144,5.03581149495721,5.03650464476736,5.03644093423959,5.03601823233726,5.035612812232,5.03551067033178,5.03589700708843,5.03693832436254,5.03861349853427,5.04076085930592,5.04313910002128,5.04540968777384,5.04721121020576,5.04811439347663,5.04779336490719,5.04591104358024,5.04224054875666,5.03671162734966,5.02924677002011,5.02007399675661,5.00932807772843,4.99734849008686,4.98455240204255,4.97130697964754,4.95810282881598,4.94544957574698,4.93380347379763,4.92362178728115,4.9152835251754,4.90921116012224
4.85335216418512,4.84806404348383,4.84255801675383,4.83681992106942,4.83083722389559,4.82460301635584,4.81810647081291,4.81134011220445,4.8043066518376,4.79699112937405,4.78938405349929,4.78147531011998,4.77325257664486,4.76475112281137,4.75592417746552,4.74677005245276,4.73732406418332,4.72762894008506,4.71765971393373,4.7073691866354,4.69684376117622,4.68627772198586,4.67519584731014,4.66401991348702,4.65295410414314,4.64182212352885,4.63083426890987,4.62011573396137,4.60934390039835,4.59901386532478,4.58918810078244,4.58002585828215,4.57142690141312,4.5639449064142,4.55733956976327,4.55185087200288,4.54760190678519,4.54474598848435,4.54341559987394,4.54369307488492,4.54570337566735,4.54950684469377,4.55516667444342,4.56274749482151,4.57222356416836,4.58363393373846,4.59696111412176,4.61211690247198,4.62910375668731,4.64782539275586,4.66813072580607,4.68994642900229,4.71308732096994,4.73738164989057,4.76257315058218,4.78843031123131,4.81470776427104,4.84110148951779,4.86721427813107,4.89272914762828,4.91729249108224,4.94054209386604,4.96205571095799,4.98157880582611,4.99882588844775,5.01355762809782,5.02567273613065,5.0351150434803,5.04193104284423,5.04630010114026,5.04853564450273,5.04901252538733,5.04819920969969,5.04658740712356,5.04471037263965,5.04302907485894,5.04201212502406,5.04190824731151,5.04287718296761,5.04489970881096,5.04777009743714,5.05114063665586,5.05456535462481,5.057522994448,5.05947530593187,5.05989602198343,5.05838569505882,5.05461748418679,5.04846098794953,5.03992089657702,5.02911956621436,5.01634024652135,5.00206119590644,4.98658760263052,4.97058095848779,4.95459791066047,4.93920725845264,4.92498033392453,4.91252967388777,4.90236984126845,4.89489413572451
4.85455271551405,4.84919953432691,4.84361769814724,4.83779117710674,4.8317068779262,4.82535383119054,4.81872175398913,4.81180012514152,4.80457649210322,4.79704682768442,4.78920174124042,4.78102749085589,4.77251758982204,4.76367470576869,4.75447571806709,4.7449003853058,4.73503714625197,4.72478370476675,4.7142548286792,4.70344761127131,4.69213287823699,4.68057526818661,4.66885410721793,4.65692642079225,4.645154714311,4.63300861633818,4.62126675307158,4.60917448244763,4.59724074158454,4.58591740393523,4.57493075508596,4.56455660215349,4.55491417278749,4.54607146430073,4.53832705739253,4.53176325105786,4.52652902165672,4.52281561199349,4.5207602312015,4.52043953261897,4.52202942265123,4.52562297244315,4.53122029850299,4.5389481569989,4.54882163140481,4.56079327408394,4.57493202554217,4.59116198355253,4.60939095190518,4.62958627843873,4.65160317047481,4.67532964413136,4.70059401340381,4.72715321099265,4.75486097914948,4.78342091691478,4.81248491629415,4.84170271535777,4.87072147909282,4.89912299779084,4.92643809971852,4.95222376124247,4.97607925956888,4.99757224157946,5.01641560348444,5.03223931965361,5.04489765089297,5.05438078677735,5.06070522527857,5.06406379830972,5.06482902611849,5.06347433569721,5.06063529736701,5.05693374002367,5.05313528683232,5.04983828037803,5.04760584595742,5.04686228041359,5.04777167705298,5.05034228645553,5.05429342153792,5.05912478367764,5.06425472209273,5.06894399509369,5.07245242774767,5.07403395207604,5.07317709736498,5.06945114601346,5.06267517794728,5.0528800810893,5.04010591132476,5.02494813599684,5.00773085672006,4.98908199070073,4.96975069078131,4.95034786220988,4.93157798098379,4.91423494896883,4.89898046068956,4.88650255393549,4.87725767212845
4.85589910214588,4.85048292364707,4.84482407864641,4.83891120164384,4.8327275451665,4.82625655597658,4.81949197617854,4.81242420662123,4.80502892304232,4.79728627938748,4.78920566580612,4.78076651130257,4.77199122878041,4.76280011109905,4.75324363954698,4.74323710932417,4.73288532624836,4.72213945999764,4.71102171239694,4.69947647569295,4.68761080387933,4.67538821653968,4.66285007132173,4.6497131785494,4.63688394021994,4.62410748926133,4.61074528042841,4.5977180603487,4.58475679012917,4.5720590323224,4.55973392706439,4.54797376876202,4.53701416672996,4.52689881941417,4.5174749463849,4.50997911246843,4.50363339642349,4.49889393842074,4.49595210372627,4.49496455860441,4.49603262420577,4.49930332823239,4.5048496836863,4.5127173774614,4.52297972360983,4.53561270157272,4.55061192814389,4.56796326059476,4.587557142372,4.60935277100258,4.63325847478064,4.65905543127764,4.68665905564569,4.71584353138094,4.74635046433583,4.7778598922932,4.81005445348642,4.84255311964745,4.8749113735747,4.90660713320051,4.93712966081755,4.96594466884031,4.992572189803,5.01640541213367,5.03705055390488,5.05420393834889,5.06753868247455,5.07697411528564,5.08255878653453,5.08453919874366,5.08337101545529,5.0796281588346,5.07403477718663,5.06758740182537,5.06115482634479,5.05567037374965,5.05180437876764,5.05014129476504,5.05102519183591,5.05439958235543,5.05987186206678,5.06685381694981,5.07442702873703,5.08156593454888,5.0872847182817,5.09065564034014,5.09084665341293,5.08738646671053,5.07989684313431,5.0685990522671,5.05360884123267,5.03544989549013,5.01478319607337,4.99236581668043,4.96889179009279,4.94527300586016,4.92242468476923,4.90127855539727,4.88250191669164,4.86707475700322,4.85572563627538
4.85748355647996,4.85201720485059,4.84629414648301,4.84030152219562,4.83402844521847,4.82745594610039,4.82058061236594,4.81334859252912,4.80579684516086,4.79786253537026,4.78955312278058,4.7808644586652,4.77178317342816,4.76227979926014,4.75231642806175,4.74194638962831,4.73111592226711,4.71979646682,4.70807502379032,4.69592410656223,4.68319820103113,4.67029232132046,4.65687992638334,4.64308134940829,4.62907792673833,4.61498432547013,4.600689169613,4.58629214541751,4.57190072644073,4.55776899115893,4.54394992745973,4.53062447159203,4.51811388740991,4.5064587428593,4.49546597253054,4.48654940771504,4.47888975304298,4.47298211547415,4.46904280688482,4.46724697273634,4.46769992966419,4.4705955460723,4.47603511278295,4.48402621346947,4.49466855438224,4.50798616909,4.52389237542369,4.54242891454907,4.56354694521489,4.58707984549912,4.61298421061384,4.64111053491124,4.67128153789286,4.70330422539928,4.73686260386089,4.77170961809522,4.80750467094941,4.84372853321645,4.87986125680604,4.91537859669691,4.94967435670604,4.98205653418171,5.01183871325773,5.03848158480052,5.06136541453829,5.08003759766577,5.09412385457222,5.10349113709819,5.10807208672273,5.1082449464644,5.1044550818254,5.0974298894735,5.08829853551908,5.07813194915484,5.06816517041753,5.05963860643364,5.05359331312603,5.05077450510015,5.05174692475454,5.05628264995911,5.06392412309199,5.07392252799098,5.08489938080733,5.09559406516854,5.10453675424403,5.11047102941269,5.11220999751475,5.10919316701279,5.10115188616125,5.08798675683851,5.07019427692229,5.04836740307526,5.02350934218288,4.99632382314919,4.96788283659212,4.93932196944419,4.91143105714728,4.88547947593372,4.86245697812183,4.84334302065931,4.82914055017654
4.85934605282469,4.85384147343778,4.84806828196325,4.84200966912766,4.83566184707607,4.82900492175666,4.8220219452254,4.81466529278946,4.80695422583338,4.79885792354259,4.79033967249995,4.78136952039223,4.77203719047277,4.76220703450725,4.75185931407145,4.74120289986909,4.72982889673566,4.71793143198065,4.70583783743965,4.69307928344881,4.67963580558592,4.66571386236498,4.65167265238003,4.63694296503777,4.62183862140114,4.60640902106169,4.59068510246863,4.57482507776919,4.55887556539501,4.54310424923556,4.52760220913745,4.51253065389642,4.4978601666401,4.4848255114275,4.47257325523143,4.46154797116666,4.4524432160085,4.4451778124702,4.44004462325207,4.43727452484454,4.43702150530758,4.43945200901315,4.44470042149851,4.4528184367626,4.46383938509865,4.47782839295827,4.49474633370234,4.51453370417099,4.53716802903701,4.5625457729629,4.59056892094732,4.62115861982188,4.65403850205625,4.68911106065464,4.72612104765035,4.76469109684065,4.80440937902147,4.84481958752961,4.88536213256234,4.9253702078486,4.96403950822142,5.00063282343154,5.03431398221666,5.06436171490949,5.08993613188175,5.11044426914685,5.12541491062034,5.13468407418756,5.13812305212953,5.13598994530535,5.12884139229477,5.11761473311624,5.10367512195598,5.08850010887908,5.07385975961681,5.06123416167903,5.05225523416298,5.04794937933988,5.04897239689748,5.05513278587333,5.06595569842152,5.08012733159975,5.09606493188103,5.11177512274803,5.12523479219827,5.1346452047292,5.13876878301987,5.13648893128465,5.12762107117668,5.11211640768165,5.09095014835346,5.06463723627966,5.03446874623037,5.00160344333051,4.9671846639203,4.93231907063503,4.89840703716096,4.86655917842191,4.83814124123638,4.81428633619253,4.79629477014985
4.86151703300908,4.85598773269498,4.85017960797701,4.84407468946303,4.83766876676724,4.83093846369829,4.82385450380024,4.81639865587942,4.80856268731151,4.80029767011049,4.79159152509065,4.78237005311486,4.77277639859969,4.76265172844597,4.75195139944336,4.74095931170589,4.7290345755491,4.71662437765758,4.70368560405251,4.69043191885917,4.67634682169229,4.66173177623416,4.64653494052135,4.63075307675474,4.61449691775912,4.59774439961251,4.58061773340604,4.5632196221349,4.54566383081016,4.52808773779768,4.51072172950179,4.49373565723392,4.47729411799416,4.46196946947559,4.44784703640217,4.43491567016832,4.42400651181139,4.41506531591804,4.40857484472393,4.4046239802685,4.40350387838655,4.40532760104349,4.41027991702425,4.41846204360397,4.42982992694475,4.44448534733496,4.46241826006555,4.48351187108057,4.5077739672578,4.53516687124389,4.56549452860563,4.59868949477521,4.6346331912968,4.67307636150493,4.71382231071356,4.75648778067771,4.80069900479503,4.84597984200806,4.89164264274628,4.93683067426631,4.98072321294528,5.02239560628403,5.06078769637442,5.09479827968619,5.12374479780427,5.14668619408353,5.16293162635255,5.17211890154004,5.17408220963412,5.16895076793555,5.15752964614141,5.14064943243229,5.12040664100012,5.09849397158202,5.07736997280254,5.05930002354729,5.04613978423664,5.03969863430075,5.04069877156988,5.04918353701785,5.06441015548777,5.08458618497887,5.10741010522516,5.13003932471893,5.14983250477512,5.16430791990568,5.17156873616096,5.17031548114328,5.16041466577038,5.14212744087451,5.11654161609506,5.08468162194736,5.04798629455104,5.00817577780197,4.9664399303829,4.92422394386276,4.88301538076824,4.84398353434616,4.80872590992494,4.77892170960062,4.75598197682099
4.86397226188525,4.8584337028718,4.85260636964771,4.84647404227608,4.84002628066034,4.83324158721781,4.82608691885594,4.81855322244179,4.81060379659745,4.80220923462054,4.79344366160253,4.78404521371766,4.77413852417444,4.7637544220235,4.75279890074396,4.74112351146393,4.72907370292032,4.7163077021162,4.70269461282217,4.68881465552368,4.67398106737107,4.65849381658403,4.642247746995,4.62534973610839,4.60780065008904,4.58964268861812,4.57096634978454,4.55183386196021,4.53239807989422,4.51283796297818,4.4933290200701,4.47414194530938,4.45557385918478,4.43771691801273,4.42129845550927,4.40637294067713,4.393259600705,4.38250927226624,4.37432021123543,4.36902541702017,4.36688106611441,4.36801923555968,4.37265479744603,4.38086761314461,4.39265307868384,4.40805441416304,4.42706886107263,4.44962213955473,4.47563723711525,4.50507571330548,4.53783686366088,4.57379527340321,4.61291445185083,4.65492977542758,4.69968343536426,4.74693965366635,4.79622477948984,4.84693012577627,4.89838206669319,4.94968252071059,4.99980292035248,5.04743954238176,5.0914435544653,5.13055305673929,5.16358548653279,5.189499560676,5.20743234108897,5.21672016914156,5.2169628144074,5.20821179052231,5.19110628646155,5.16713882811604,5.13841804725818,5.10752831489355,5.07756931116286,5.05193471681412,5.03313476328228,5.0235976092358,5.02472467772694,5.03616863858594,5.05742086317617,5.08598954962105,5.11841272471233,5.15107545843254,5.17984383390873,5.20124310427922,5.2126301149776,5.21296559074034,5.20157635453073,5.17947754165974,5.14797194008921,5.10910349313538,5.06452070608769,5.01621051095847,4.96581835285171,4.91488524945689,4.86470857585916,4.81709676430248,4.77344693197936,4.73569593623195,4.70602992607411
4.86669632465423,4.86116549029574,4.85534101687019,4.84920614113067,4.84273925389819,4.83592236261695,4.82871929413576,4.82110686243511,4.81308007680069,4.80458934245855,4.79556670791051,4.78608388879533,4.77609581878398,4.76530068633687,4.75419465544856,4.74225881178409,4.72967636627552,4.71651843420354,4.70254141927961,4.68773370056874,4.67223829948164,4.65585454012704,4.63864753555616,4.62061034968971,4.6017825589314,4.58215593439822,4.56181765177881,4.54087954027707,4.51943101432547,4.49770390490524,4.47585032832667,4.45416425121675,4.43301048131642,4.41264257248115,4.39340026670268,4.375546279519,4.36045122672271,4.34752786013276,4.33740384063638,4.33051456348667,4.32715059440958,4.32746597239675,4.33164609887974,4.33981859526323,4.35198702750327,4.36811103941987,4.38821860541943,4.41226131871217,4.44004755997655,4.47162579645129,4.506934975802,4.54581833540307,4.58820995413203,4.6340815936897,4.68318918710697,4.73534955843155,4.79012048279907,4.84695783403238,4.90517485027139,4.9636923102346,5.02112923069458,5.07608908547655,5.12703881464946,5.17240802556067,5.21055980604085,5.24035720694978,5.26058266535026,5.27019109652244,5.26868074179785,5.25551962708317,5.23166194609535,5.19834430132242,5.15819296852728,5.11526555920922,5.07322336422893,5.03687351675362,5.01039533981897,4.99635956698273,4.99712556631206,5.0130200948021,5.04281212989361,5.08271632859831,5.12911411031544,5.17566910867283,5.21670096670914,5.24775299183035,5.26499866164379,5.26683970540564,5.25316995637718,5.22573769414162,5.1867096811693,5.13885641458624,5.08449704083985,5.02591530622835,4.96519752887531,4.90391870872625,4.84350235796727,4.78546516760125,4.7313532601321,4.68331200825297,4.644334636483
4.86959867152028,4.86410220213333,4.85830681821705,4.85219061791226,4.84573257432447,4.83891063807068,4.83169062776681,4.82407323839064,4.81598175396835,4.80741588419643,4.79837801073753,4.78872310191361,4.77858377032107,4.76761916988656,4.75625941292984,4.7441567695901,4.73121536316215,4.71754864198563,4.70303450229845,4.68763901473593,4.67134332328245,4.65408516189634,4.63585683392127,4.61662983166001,4.59643284285519,4.57526042279576,4.55315245017744,4.53025977955171,4.50662705713467,4.48245665626526,4.45803472860674,4.43353346782008,4.40944922162347,4.38604498745284,4.36383597000482,4.34343308774987,4.32505535908701,4.30960246582579,4.29722682810838,4.28842200182216,4.28357664819867,4.28292770407444,4.2866014331069,4.29473351357545,4.30732694164457,4.32424087604076,4.34552399106406,4.37107221006725,4.40074347355055,4.43452351173358,4.47238247044733,4.51423617779198,4.56005051720531,4.60987683720414,4.663573901222,4.72094326970527,4.78187416899003,4.84577868957343,4.91173539124068,4.97859947936674,5.04492984084223,5.10883668082472,5.16813411972859,5.22102290159315,5.26575398261549,5.30059221614421,5.32410170328879,5.33492911340987,5.33160330174936,5.31375440163707,5.28105982705561,5.23575417258722,5.18050285901294,5.12086935977922,5.06251228741516,5.01136051168154,4.97351758237473,4.95306024371621,4.953434917273,4.97480101904293,5.01564065175241,5.07222263247133,5.13753448775238,5.20409278161156,5.26278400023372,5.30694491703221,5.33173963934756,5.33477544933583,5.31748064771798,5.28255884707928,5.23344428907964,5.1739128132385,5.10747151468767,5.03689349876179,4.96393856392195,4.89060470268733,4.81810744141165,4.74759401214484,4.68061576170138,4.61920888001934,4.56663294527044
4.87272296607085,4.86727624422313,4.86152471863837,4.85544417212164,4.84899558704381,4.84222082677783,4.83501492947124,4.82736933068427,4.81926949358674,4.81077799715241,4.80166522486422,4.79229172417793,4.78193402198154,4.77073455863212,4.75904691816539,4.7466109388388,4.7333540283698,4.71926402311289,4.70426419185963,4.6882949730323,4.67129205120549,4.65319592943731,4.63392490578904,4.61356015914249,4.59196008123617,4.56922496512751,4.54529610268974,4.52029107318435,4.49432752004363,4.46750026099244,4.44017494663404,4.41256618500104,4.38507139122464,4.35828666043472,4.33251834863075,4.30848279331492,4.28683032129177,4.26821382458838,4.25319446861448,4.24218435103189,4.23565315655759,4.23390273198436,4.23696381051248,4.24504995736126,4.25808368195645,4.27592468574854,4.29850023922468,4.32570571768455,4.35738676524389,4.39343697826645,4.43388115158469,4.47876114444874,4.5280151521423,4.58177794301029,4.64016832804472,4.70313107909301,4.77062449577847,4.84216179231152,4.91699571244888,4.99393503282254,5.07109332143154,5.14578597121182,5.21562211912401,5.27802962930826,5.33069162704171,5.37184295574567,5.40010656351535,5.41333375968796,5.40920304462611,5.3861243846801,5.34316201177042,5.28241319203096,5.20731467712964,5.12447335997512,5.04324819361587,4.97130005129469,4.91732947725706,4.88804145434008,4.886802142322,4.9149865088628,4.97123801704299,5.0497546084241,5.14282759043477,5.2372111530619,5.32130846303846,5.3831972774997,5.41718041376824,5.42152608497763,5.39847004777027,5.35217405272455,5.28874479517611,5.21301022611608,5.12996089778019,5.04358754573835,4.95571161543149,4.86780286840342,4.78119296931945,4.69591149058057,4.61313006470908,4.53442053674829,4.46211895843268
4.87614686772964,4.87076165675614,4.86506894670632,4.85903477077927,4.85265063121996,4.84589312706753,4.83874489195167,4.83117789503677,4.8228508550494,4.81456796252471,4.80538650345838,4.79593336962279,4.7852377798658,4.77431970317475,4.76241252654535,4.74975898195594,4.73627481562553,4.72184115468353,4.70639544893862,4.6898759470343,4.67222959793863,4.65335073587536,4.63313111457062,4.61161262415491,4.58865091822036,4.56429013387239,4.53847527256884,4.51122978170437,4.48274599110172,4.45308328214896,4.42253772383773,4.39138410137565,4.36005655914798,4.32922643340487,4.29941679987841,4.27123226212557,4.24567584369483,4.22347065874917,4.20524151965087,4.19164166309884,4.18311702614567,4.18004338068174,4.18252293779989,4.19052516725965,4.20409050452544,4.22296102905021,4.24690457850368,4.27581997334768,4.30952098299263,4.3478296869602,4.39084571762719,4.43864399298484,4.49123206044959,4.54892531853586,4.61203185520694,4.68072405535096,4.75500608944292,4.83504188152018,4.92031716254587,5.0091757524607,5.09933459956771,5.18789034970407,5.27100885459845,5.3449418346916,5.40739511956742,5.45685206659011,5.49143409454079,5.5088820318334,5.50588545057942,5.47872810367271,5.42451777696818,5.34382752848562,5.24140071917778,5.1265776254777,5.01260098571496,4.91205400850352,4.83549962709232,4.79202676864386,4.78718790765169,4.82374180889467,4.89961746833496,5.00976062573342,5.14031189269328,5.27573646915997,5.39825019006006,5.49382373218218,5.5468777061791,5.55089781586888,5.50940675556436,5.43718645313094,5.34493981720547,5.24273217803894,5.13644371694463,5.02963227729072,4.9245567954229,4.82077028039165,4.71890727465763,4.6184033057493,4.51767050850795,4.41768897027328,4.31990889057594
4.87996061765876,4.87464951404008,4.86903737586971,4.86308606300671,4.85677196850147,4.85008358770066,4.84301521112965,4.8355130609401,4.82743611015059,4.81893572079325,4.80983392240332,4.80021057456952,4.78965477726015,4.77865485645567,4.76652247999644,4.75382030811123,4.74013490491999,4.72544298367332,4.70964124238037,4.69265815111215,4.67438712444306,4.65476891110806,4.63370062020281,4.6110368068593,4.58674126983806,4.56071291037781,4.53297719533393,4.50345856184425,4.47226261961341,4.43950606992957,4.40535485433285,4.37026199462793,4.33463871951649,4.29905438589209,4.26444385901917,4.23131214103473,4.20111968954597,4.17397018422889,4.15239068121201,4.13575752584498,4.12492866929153,4.1203830742726,4.12224850389501,4.13036841059425,4.14461387030537,4.16471214984459,4.19023855686815,4.2210680358914,4.25697834183814,4.29770518421529,4.34329682391502,4.39385270827524,4.44958264922662,4.51095360383325,4.57831503054436,4.65250249061299,4.73390235088911,4.8230820036992,4.91983921880513,5.02303793349798,5.12997148848832,5.23621494928653,5.33551869501246,5.4235347028294,5.49723655058664,5.55600335923608,5.59946137629401,5.62487706248541,5.62709310173678,5.59855227122397,5.53229510637474,5.42628432731645,5.28578430831368,5.12685244687369,4.96735894348301,4.82501212150575,4.71659886040799,4.65198365487134,4.64081461513029,4.68518303595534,4.78581380457924,4.93718184531655,5.13738549530823,5.36548360270574,5.5538822688122,5.65364268271171,5.68401246002308,5.65408230735965,5.57741388196698,5.47444075406869,5.3532881519013,5.2257129575645,5.09961309057866,4.97506839678144,4.8549692226674,4.73828961918199,4.62298552297069,4.50728340523499,4.39010021738272,4.26707927813146,4.12780367439492
4.88419120229216,4.87898677606609,4.87347473768435,4.86762826500226,4.86142559888107,4.85484794024945,4.84787718372801,4.84040903214801,4.83245533678371,4.82401012464835,4.81498693316633,4.80537060402125,4.79500068282157,4.7840072525459,4.77182923513661,4.75900598040516,4.74520013382182,4.7303060421359,4.71421980882007,4.69684999126179,4.67810485310013,4.65783569971049,4.63591669118266,4.6122448445776,4.5866261852228,4.55901531626557,4.52934288743315,4.49746835160073,4.463409589373,4.42731157152425,4.38931285344869,4.34972505552683,4.30910325413134,4.26811123111423,4.22768872359515,4.18888567423284,4.15276084531479,4.12100722803544,4.09446894456587,4.07410731558544,4.06068893166594,4.05454377741734,4.0558151585691,4.0642966331055,4.07947510746897,4.10100695504783,4.12842784385562,4.16130957433487,4.1994147583506,4.24252656077375,4.29059840598414,4.34385079772775,4.40251553754968,4.46714308048172,4.53850729146874,4.6174103212932,4.70539198754598,4.80343500827177,4.91271585949851,5.03307198310443,5.16159038569854,5.29075369769925,5.41177759786703,5.51632030177365,5.60159525124635,5.67025025167069,5.72468882721022,5.76376052416501,5.77880579194143,5.75678486734988,5.67985370871408,5.54157414013767,5.34796069703362,5.12440088977185,4.89794021861709,4.69714031348576,4.54340239595644,4.44828367544016,4.42150260387274,4.47120567520409,4.61174828916826,4.82431750915767,5.03688326086466,5.19984562938347,5.3267472312035,5.41123499507689,5.44912553474445,5.44713283449244,5.40090306952777,5.31983647784801,5.2178377643469,5.09980884302294,4.97780256242827,4.85386129242515,4.73138776473812,4.61024128335538,4.48916862177215,4.36533075857746,4.23441638492317,4.08501500138507,3.90527577671097
4.88873169303291,4.88366063601566,4.87827458086566,4.87256762752723,4.86650608516737,4.86006253351181,4.85321687753063,4.84590687746022,4.83809065834021,4.82980606164736,4.82090058910759,4.81138016573673,4.80108680123196,4.79021019080331,4.77834574814532,4.76543968870073,4.75151759712583,4.73649164327493,4.72023144885422,4.70258590892659,4.68344423570206,4.66266828222439,4.64005308893565,4.61546010410008,4.58871417429433,4.55959960587792,4.52799428010882,4.49377197917487,4.45684809140673,4.41721321520309,4.3749605405121,4.33043211236442,4.28410191040977,4.23677771606014,4.18949507391009,4.14361284082277,4.10052119906437,4.06227795082605,4.02981486109273,4.00515024345954,3.98881020111705,3.98109372076267,3.98204260573785,3.99131057521902,4.00799232965392,4.0315446541019,4.06138530832416,4.0967429898135,4.137317553561,4.18287674147025,4.23328019237898,4.28876949323407,4.34970712976856,4.41665484631025,4.49072986735787,4.5735083479221,4.66677692827287,4.77253987263193,4.89433561048787,5.0344448620414,5.1912615515212,5.35504270310911,5.506280829788,5.62855404565178,5.72257562450742,5.79790791213459,5.864339687817,5.92420889764413,5.96789851952918,5.96974456183646,5.89569200406807,5.71552913441637,5.44010939533527,5.11266592653041,4.78606305886739,4.50305427274983,4.28625781611142,4.14931549933411,4.09854517920442,4.11481584784933,4.19149284820536,4.29902248960386,4.41929041836918,4.54648633310217,4.6733119365953,4.79442512735929,4.89040796179138,4.95129706446089,4.975534465725,4.95992200567178,4.91322923123572,4.84013328431446,4.75009317366113,4.65117953807817,4.54408081239519,4.43234563951435,4.316237294869,4.19303499941454,4.0546950375245,3.88675218781912,3.72144539805355
4.89336751597184,4.88845581791904,4.88325012360473,4.8777216961629,4.87184431605211,4.86558906491181,4.85892284155933,4.85179616790202,4.84417292160068,4.83606310525688,4.82733424937832,4.81795432906462,4.80787829476209,4.79705981854875,4.78535595461956,4.77253502236396,4.75871318830151,4.74370372063911,4.72744049967368,4.70973478422516,4.69041891908104,4.66933846112034,4.64626391501976,4.62096845239802,4.59327549848107,4.56287034700438,4.52951334812319,4.49303756068031,4.4531594749442,4.4098785383643,4.36312219447503,4.31317554969826,4.26035473843428,4.20554475473101,4.15012021557609,4.09555089799219,4.04371411733602,3.99759237222915,3.95744190041607,3.92815438211581,3.90846413003033,3.89928672015205,3.90040710761792,3.91105748315084,3.93006254810658,3.95628917010149,3.98898484574807,4.02723344597511,4.07045089777332,4.11842847845457,4.17097387275063,4.22818093677898,4.29060056813824,4.35896827477952,4.43452054281146,4.51884708392808,4.61473623284999,4.725677278257,4.85688931867076,5.01614461122295,5.21018828460775,5.43407164492483,5.63326920283074,5.77290301120318,5.86746521588534,5.94215807670267,6.01183251191482,6.05870843754824,6.03508582138413,6.00959803797104,5.93451754382484,5.74730915395453,5.43462482835509,4.99873811484817,4.55974193730251,4.18662979724351,3.89399620260759,3.66460595860474,3.47335265271582,3.4072431519086,3.42168741628496,3.47345215776885,3.55955430618719,3.68110902724395,3.83269173927341,3.9993399455865,4.15898814014744,4.29518194231627,4.39819785802445,4.46203085659226,4.48509889545075,4.4744133532681,4.43478681037386,4.37388235647276,4.29668797891254,4.20795573543603,4.10795647143224,3.99439071872321,3.85780031320272,3.70373463116451,3.59932787123382
4.89819025433712,4.89345495105988,4.88841634527294,4.88308256490687,4.87739932879562,4.87133979574052,4.86488623571888,4.85800013205339,4.85061736592192,4.84274636012352,4.83424623450486,4.8251280249337,4.81529968571193,4.80489479386708,4.79330841788071,4.78078120295466,4.76714070129322,4.75237716363182,4.73623151382762,4.71857577556187,4.69922945123078,4.67799190655769,4.65462424322348,4.62884231618315,4.60034154282368,4.56887044381394,4.53402838494487,4.49550150115073,4.45283655594614,4.40599655060986,4.3545943678739,4.29862315149704,4.23868787318911,4.17522323120034,4.10987434092957,4.044667428137,3.98205960769679,3.92548130901146,3.87627335230648,3.84084727492571,3.81755069503287,3.80730838104976,3.80943169035584,3.82251818485567,3.84481519260687,3.87460197633938,3.91081684370244,3.95250009729335,3.99880005512037,4.04934525070553,4.10397625518264,4.16255499824458,4.22558696695466,4.29395699061444,4.36885881640542,4.45229671596184,4.54621643772737,4.65782675313122,4.79173769094668,4.96207785495651,5.1984582506809,5.53200042191416,5.82370320579919,5.70336239400338,5.2233776323932,4.4187572893197,3.75884038997137,3.4399653090473,3.41342143474865,3.57622643543731,3.82788188626052,4.07912947922944,4.16946219318416,4.04773352688171,3.75311576156635,3.40665604978483,3.04116834498645,2.74766480804672,2.63078136402195,2.58921922167501,2.57295417172557,2.59212497458209,2.65996464808392,2.78031305807637,2.94791409846056,3.15283881098125,3.370780109138,3.57785943610935,3.75579735123178,3.8946649832537,3.99110098715673,4.04596047400161,4.06299895218695,4.04855244266405,4.00983077066712,3.95104589175468,3.87380028744966,3.77621176750803,3.65994624224816,3.5569382072848,3.53766788668571
4.90321603248029,4.89864537635019,4.8938198567888,4.88870080087308,4.88325766546065,4.87744188261698,4.87124606060049,4.8646372300453,4.8575221827319,4.84991297716419,4.84171617257822,4.83289070175552,4.82337345382729,4.81312923885148,4.80200552134078,4.78976061128752,4.77648735250725,4.76203682671188,4.74621850476891,4.72885419277521,4.70970040853213,4.6885522179774,4.66518610944547,4.63924789864884,4.61037316266253,4.57820640100935,4.54227334098534,4.5020193758398,4.45698632788503,4.40657177154747,4.35053094348177,4.28835085087726,4.22039671489539,4.14698882912125,4.0695269126068,3.99098418009481,3.91419087710487,3.84387996140257,3.78383615415375,3.74028343582526,3.71307825587243,3.70269678657779,3.70748846706815,3.72487067207635,3.75202149161503,3.78662517322874,3.82722705672902,3.8728467593674,3.92260239035917,3.97594005635755,4.03247714054434,4.09208428593009,4.15526148395842,4.2224919827667,4.29520384908383,4.37498413495622,4.46512281096549,4.56869125556755,4.69407873997957,4.85124837031475,5.06777836786452,2.98841435052983,0.568339167119353,0.275292797935985,0.221494823002487,0.304247869549185,0.475715717590442,0.685824538844918,0.886975095932139,1.09412393971372,1.3374373506665,1.60745714024888,1.87908861646538,2.05953855175908,2.07952051328111,1.96611724498864,1.87633071692173,1.88714791339822,1.89832905001364,1.87471881489716,1.85137598853208,1.8526174358196,1.90714786723842,2.02508913809574,2.19661229515793,2.41021414320841,2.65463217869878,2.90171889589167,3.13201895620458,3.32931739048117,3.48509346824013,3.5973987177361,3.66788093280762,3.7017117387266,3.70401145299122,3.67796238489477,3.62639754515912,3.55411516015836,3.48194975818645,3.4684651044712,3.55972662187118
4.90859263849545,4.90448283917653,4.89958453137195,4.89470563061812,4.88950146567576,4.88395090960416,4.87802398758589,4.87170214142973,4.86491399377139,4.85762994172633,4.84978675603564,4.84132982769719,4.83222922572519,4.82231896891639,4.81190559584192,4.80003641348686,4.78708021102451,4.77306929022584,4.75766851591878,4.74070340270964,4.72197534329496,4.70121153760046,4.67814859115971,4.65239278377425,4.62352599262059,4.59108188751788,4.55450163580119,4.51308701123277,4.46608550343164,4.41287023031933,4.35243872897857,4.28406277828821,4.20734670411917,4.12276021488938,4.03094025429101,3.93517710838004,3.84004515840858,3.75134790695829,3.67598031962569,3.62281067719269,3.59127856491004,3.58248031499704,3.59265884399569,3.61702549874488,3.65125591340258,3.69237042822378,3.7385905016448,3.78887625636523,3.84274158482261,3.89913262592353,3.9577482716721,4.01821043616133,4.08077895672467,4.14573540137398,4.21471313011285,4.28904866855478,4.37042226540382,4.46120901879114,4.5486437777855,0,0,-0.542039671769281,-0.712973351375172,-0.844573062676775,-0.833415701200171,-0.781227193037834,-0.712581687631683,-0.648412818682332,-0.590740768583677,-0.531712061825706,-0.458856861950423,-0.323850389156159,-0.111613102983124,0.185718115328443,0.502431129135562,0.83622819419691,1.13112804412962,1.33047107249529,1.43275619451232,1.45990396581384,1.45992055850313,1.46803470354738,1.50672035501091,1.59848733346502,1.7511022965401,1.94646286870869,2.17294243420835,2.41078639581343,2.64015843908978,2.85089955998291,3.03110865563072,3.17758089665323,3.28649196054255,3.35769554181596,3.39476235256156,3.40083505818716,3.3823053596744,3.35888632841953,3.37599432914875,3.49894445270305,3.71050428222214
4.91411951601545,4.91010515933345,4.90567123501895,4.90100622500402,4.89612149700022,4.89087241917343,4.88527622504651,4.8793033960002,4.87287181694893,4.86597552885664,4.85855224033505,4.85050870093516,4.84187054945054,4.83248491586215,4.82224230889125,4.81139034481387,4.79894150370567,4.78549548220031,4.77075847043656,4.7544780142601,4.73643237973217,4.71633906609968,4.69392771898775,4.6687520524884,4.64034017121439,4.60816207381105,4.5715706802207,4.52970291301031,4.48157553377227,4.42615552907841,4.36213562553841,4.28798608757942,4.20251391248488,4.1054745754438,3.99682047307134,3.87896533795727,3.75867063068252,3.64443860779422,3.54776298981654,3.48122912828715,3.44658738760169,3.44340506569205,3.46367020508221,3.49908572012117,3.54355169587021,3.59308220215294,3.64593256789185,3.70176946961639,3.75997039675267,3.82063540822739,3.88146567130338,3.94291402650017,4.00301313931697,4.0663193087737,4.12987641116295,4.19606828224872,2.87651955050137,0,0,-0.825725272838292,-0.763880992176754,-0.773494168158936,-0.867184565041766,-0.968117580020135,-1.02901260337083,-1.0684619506414,-1.09617490813127,-1.13697857549843,-1.18102334222281,-1.21702366642922,-1.22279144130548,-1.14477298654871,-0.930519736658017,-0.539351057376262,-0.0335977648263473,0.477215131584938,0.895118098382931,1.18705063859606,1.37845915808056,1.49986622314969,1.56657089979981,1.60242809101762,1.62337559618534,1.65134934283342,1.72646349090352,1.86125345624097,2.04027829368061,2.23416114677897,2.41389649167667,2.57864937366607,2.72886943675541,2.86167013812024,2.97450686640312,3.06237915358151,3.12174644645828,3.16491946565357,3.20748117822234,3.28887057364391,3.46619059387796,3.73954584858991,4.00492780032099
4.92014338531324,4.916278927308,4.91218321183632,4.90783036861516,4.90323659198948,4.89830800850379,4.89303491988216,4.88743417802057,4.88140373302496,4.87491649706982,4.8679504771893,4.86041192147676,4.85229126838157,4.84349291990146,4.83386885466092,4.82352276230744,4.81193731473211,4.79920375591823,4.785304429045,4.76992069457712,4.75282076219367,4.73372157718905,4.71232589715609,4.68822137200936,4.66089096792441,4.62967098257521,4.59391723413443,4.55259508962047,4.50447334473325,4.44812397046875,4.38183205607626,4.30332268415186,4.21017760064639,4.10058015354915,3.97178955768117,3.82654638123131,3.67076782396141,3.51874122336837,3.38939717197143,3.3039222522546,3.27018674988264,3.28062431289041,3.31959345385331,3.37264609809748,3.43136023932745,3.49082460696391,3.55042151221792,3.61281181432723,3.67589837578782,3.74128195759654,3.80622298373899,3.86762719479768,3.92672562492897,3.65970781753347,0,0,0,0,-0.845952264562634,-0.772419305492784,-0.724942674166137,-0.726158225568328,-0.769924385074488,-0.82938512342247,-0.885936753402401,-0.925638145523671,-0.964826244170784,-1.0016047239745,-1.03500860411616,-1.03583228622324,-0.989893190135388,-0.85296115124172,-0.59229154901053,-0.207501689263854,0.269293255902108,0.756459672353418,1.17797286235227,1.51871163082624,1.78411359901786,1.9890339505504,2.13008494723043,2.21277121785077,2.2447122356509,2.23179510345735,2.2004751685852,2.19874906492782,2.26598438380536,2.39275769218739,2.51484927852128,2.61384023427968,2.70231862795587,2.78637081730616,2.87105917019335,2.95750965721034,3.04584096967333,3.15359554977631,3.31345824866028,3.54870931560338,3.84953562090462,4.14234680415099,4.35972630802096
4.92642247976231,4.92288394000269,4.9192246069607,4.91516389488809,4.91079465337732,4.90623078054932,4.90132025854532,4.8961393170042,4.89055096935977,4.88454830190211,4.87810477800523,4.87113546327846,4.86362631159238,4.85545887733517,4.84658074434882,4.83690348851718,4.82677571699121,4.81471166509276,4.80177906259183,4.78746886881712,4.77152550118918,4.75369009707021,4.73367175808425,4.71103453469687,4.68527670338998,4.65580160669842,4.62177372154879,4.58210486161925,4.53542932397058,4.48005577828373,4.41369436175914,4.33324897156757,4.23482908549263,4.11373378715319,3.96539654878825,3.78660575517718,3.58092975886499,3.36864230604642,3.18516463545874,3.07390255201246,3.0479972597588,3.08924291838313,3.1622037503907,3.24245615500374,3.31927783418812,3.38904504925093,3.45399964546938,3.51860268202977,3.58964246826338,3.66490144452832,3.63443068357751,0,0,0,0,0,-0.780381057007336,-0.751310562751935,-0.669043517543556,-0.585355165912845,-0.520630110985485,-0.480454816353294,-0.46168322367595,-0.454386766456358,-0.447360886385573,-0.440678874315926,-0.434099888207351,-0.418986932389245,-0.392890485747034,-0.333444248275375,-0.204843831605755,-0.000338078858978626,0.300816871222808,0.673452899466522,1.07315578188997,1.48665069536486,1.88050806511035,2.22846527119171,2.52278078698643,2.7578338849172,2.93545372810902,3.05247456180098,3.11353243743653,3.12083751002221,3.0751261710576,2.98038585796653,2.87558861587001,2.84295811515707,2.88395238363561,2.93631188849598,2.98618533909209,3.0442256979581,3.11965480837368,3.22208491531615,3.36336129662604,3.55242300946134,3.79388385080298,4.06714893893519,4.33278951646867,4.54677311610574,4.69244605987466
4.93281803961153,4.92954978207163,4.92611661042274,4.92256902155891,4.91844657613234,4.91418686795979,4.90985607850221,4.90511407904833,4.90005035072562,4.89458174634774,4.88869977938361,4.88237817148697,4.87553489437167,4.86812604936223,4.86008375466139,4.85116939559066,4.84188982011411,4.83108091990629,4.81939125443134,4.80635814985618,4.79185781368654,4.7757164842722,4.7575501256423,4.73705224730098,4.71364130267862,4.68668152727351,4.65547384620587,4.61887998121351,4.57543555269866,4.523256859458,4.45971997559025,4.3810065174883,4.28176830944477,4.15467210492248,3.99010893723401,3.77569934611464,3.50366818562538,3.18881497409461,2.90358340409242,2.74975707318197,2.76143186455198,2.87142395056694,3.00135152367509,3.11781253306169,3.21519461336354,3.2915155394016,3.35769465409643,3.30346506214568,0,0,0,0,0,0,0,-0.714021785482063,-0.63289444610856,-0.527430224604005,-0.408699407255466,-0.281495161761441,-0.159687438153644,-0.048925720356893,0.0592857711637441,0.16242903473144,0.260738183945882,0.357375601323609,0.459019209648482,0.574809631479889,0.704389336316756,0.84671236323947,1.01271804760302,1.21631297902854,1.46817084775056,1.77536630373083,2.12276525475073,2.4825604277596,2.83205121758169,3.14854059450387,3.42146020587346,3.64259710066132,3.80742969156627,3.91281727503751,3.96028909861879,3.94968878046958,3.89125606794444,3.79492477800612,3.66056194140481,3.50634463436209,3.41380144335186,3.41842142887889,3.46337122426602,3.52993766325572,3.62486897584014,3.75428590157317,3.92201524879037,4.12308432766953,4.34350453221691,4.55671495076062,4.74258329731038,4.88351354572471,4.97557429130804
4.93939716327141,4.93644733291045,4.93329111194948,4.93000311485609,4.92670237990121,4.92278014697812,4.91861635742171,4.91437395937605,4.90981141487442,4.90493802042986,4.89970901279923,4.89406884752905,4.88798280223894,4.88140956725264,4.87421882894831,4.86641875299088,4.85857401771733,4.84856398404953,4.83827558777794,4.82683153452131,4.81416064898499,4.80002272381183,4.78408948624643,4.76606107564872,4.74553292642928,4.72192223380019,4.69443996786008,4.66224061109424,4.62390326424517,4.57758877992432,4.52075005161824,4.44920126310191,4.35667940306742,4.23408966337458,4.06543895154425,3.82542576364125,3.47735777445021,2.99576807042292,2.4738898691266,2.23826149187768,2.38227626110838,2.63293935636456,2.8539179632175,3.01453066435146,0,0,0,0,0,0,0,0,0,-0.685117560280893,-0.605669688529396,-0.49943240431519,-0.350107610942402,-0.168714099049911,0.0335048477124256,0.249047805914377,0.477067076739258,0.701461749241222,0.907507564834132,1.111192987278,1.30103042020232,1.48163052579833,1.65536867896846,1.81419987363136,1.96749459962178,2.12120447768889,2.28930587884108,2.49181307307485,2.73113362395551,3.00765926636008,3.3069147027888,3.6070337797406,3.891847048146,4.14716651009083,4.35886299000465,4.51443578715858,4.60994235334143,4.63531114180882,4.59353300854525,4.49917677820899,4.36234691450263,4.21582204506548,4.07806865115891,3.96942150953806,3.89722035946718,3.88821597841274,3.94757982557781,4.03876192075855,4.15176904727923,4.28715720603363,4.44464185029209,4.61252009679496,4.78001641532284,4.93158575750134,5.0550468670081,5.14597387419372,5.2018486213215
4.94608706195115,4.94347287691512,4.94069972300429,4.93775087541675,4.93463135397297,4.93117047912919,4.92770502526333,4.92398361111615,4.91997047400488,4.91569526985891,4.91109799446789,4.90617208486757,4.90087283523012,4.89514763369443,4.88896798242839,4.88230750854863,4.87500070174366,4.86703222044783,4.85828395489283,4.8485481502376,4.83776780537045,4.82579405453027,4.81242633616329,4.7973718491222,4.78028771357922,4.76074317574938,4.73813584164724,4.71177852896217,4.68046861587523,4.64253720134369,4.59602204245014,4.53735183950531,4.46088488936248,4.35770858061517,4.21075814017679,3.98467031788279,3.60289805508678,2.89663011202684,1.68586592700006,1.27475741786331,1.93323881105905,0,0,0,0,0,0,0,0,0,0,-0.596895456100123,-0.484587188654951,-0.331879414691546,-0.110171161289516,0.154892644694493,0.442542769769598,0.747804551582656,1.08790375042532,1.41236028670451,1.72045594632483,2.00712310292734,2.27073400352519,2.52070705014541,2.75203177413889,2.96509669751556,3.16414058016289,3.33975435357745,3.49807130274088,3.64595844194363,3.79455949523914,3.95457643062904,4.1322849076212,4.33028782352932,4.53394299874278,4.73143707286318,4.90928682060904,5.04007924203231,5.12381310071467,5.14345195497624,5.09783669674301,5.00273773842156,4.86525582679136,4.71181617650364,4.55733898857459,4.41465736321057,4.29534239825655,4.20741221489502,4.16262838269456,4.1762808653344,4.26057076098117,4.39217083930608,4.53584476561415,4.67783670304984,4.81933013875484,4.95601097740586,5.08059456245947,5.18824847163675,5.27096304534577,5.32755181629481,5.35825496059782
4.95281728694895,4.95052919865218,4.94813237803835,4.94558631450916,4.94287466490331,4.94009963048126,4.93711552715014,4.93381981174426,4.93031683218285,4.92664923561089,4.92278860864013,4.91864956356589,4.91419809869869,4.90942402186493,4.90425280624984,4.89872993889452,4.89260074107114,4.88619726698895,4.87939655493986,4.87108722298646,4.86248808568728,4.85303200813432,4.84253927092616,4.83079009455132,4.81759908153269,4.80270497241925,4.78569782469286,4.76598006788732,4.7430188875321,4.71585277279549,4.6831701689696,4.64271064595094,4.59105579808506,4.52267734359668,4.42717008920379,4.28155099046201,4.0273329397518,3.4457529293436,0.933181703120834,0,0,0,0,0,0,0,0,0,-0.456181113455889,-0.240505698675114,0.0908304597833251,0.561209047906147,0.970329168218807,1.49146551992389,1.92776963648878,2.31325389431945,2.6608347193814,2.95160215221562,3.23090879116903,3.49424324367745,3.74377227273228,3.9798327921911,4.19964005224539,4.40349743801965,4.58173346766959,4.73529020450799,4.86729932212249,4.96396354646408,5.04737205448873,5.10258804243099,5.15943494577866,5.21206859247087,5.27604400302051,5.33494542577747,5.39952862036389,5.43719549857437,5.45344727489457,5.43751351743045,5.38317956877637,5.2994467509865,5.18803411589262,5.06015470710238,4.92461681837106,4.78956405813873,4.66245485895437,4.54922439084039,4.45602367821089,4.38966480548613,4.35525335490881,4.35820600238982,4.40294173287989,4.50869295294422,4.6649941209626,4.83204074291097,4.98286343140287,5.11435149346365,5.22120839462004,5.30545509998924,5.36671251096485,5.40217920554092,5.41577405569772
4.95966384273793,4.95769830796547,4.95566819733863,4.95352285492004,4.95126519161159,4.94886164009105,4.94625769187593,4.94360159546,4.94068017092187,4.93782246476599,4.93462935261486,4.93126577246767,4.9276993724713,4.92389188043902,4.91982119474387,4.91553503692707,4.91077515747124,4.90606087201755,4.90026256562951,4.89446292369144,4.88814840847882,4.8812076204251,4.87363415437894,4.86540633257389,4.85641032322473,4.84646187260935,4.83550832520833,4.82338362973916,4.8099294362098,4.79478311412112,4.77764168824791,4.75837313477884,4.73687972701086,4.71343034876639,4.68858731707372,4.66907190764061,4.68011348152191,4.85320240392842,6.26672939548861,9.54802141413791,0,0,0,0,1.44401772920808,3.26344646186039,4.51463094720552,5.08186196625681,5.27398059281402,5.39991709395009,5.40420628831364,5.52752102708299,5.5889719335143,5.59806675225384,5.65065246146622,5.7033181902973,5.70767827007897,5.73540215988655,5.80246369889946,5.81675155048663,5.85816586639087,5.89784940964768,5.92058156042068,5.9308754261776,5.93144342329827,5.90691159770554,5.87058232950872,5.82108199694599,5.76770574027694,5.71480414744639,5.66353133304355,5.62465905667453,5.59221945010945,5.56977215664568,5.54591504999511,5.51848352105424,5.47869375103581,5.42420087069423,5.35403161398076,5.26918937948948,5.17207056120481,5.06692735084829,4.95791492207031,4.8501762761639,4.74857133708917,4.65838907107953,4.58454687018182,4.53245813433437,4.50649771071532,4.50911091123229,4.54090844364813,4.59744529109568,4.68065829034569,4.79374297919077,4.92668846121347,5.0554819190528,5.16542030274845,5.24993648574366,5.30954175132675,5.34488412165944,5.35859133322742
4.96672824554602,4.96510222129032,4.96344969320891,4.96168903117197,4.95987814271977,4.95791527725425,4.95593350958264,4.95409390322988,4.95174073096523,4.94924996110476,4.94677430109027,4.94420396657531,4.9415483324016,4.93870447145744,4.93574065567211,4.93256985865047,4.92928513425328,4.92588768029747,4.92217567902715,4.91831744721537,4.91426488091803,4.91001570105392,4.90551470053049,4.90090000821448,4.89617176988691,4.89139830593784,4.88669118841321,4.88223057106894,4.87819521256934,4.87516471825357,4.87406573012495,4.87654329023681,4.88478664246038,4.90451185222184,4.94679618601544,5.03670112774047,5.23346456623625,5.69597909381471,6.68548479963117,7.80445572499312,8.1962811046888,8.06734753411394,7.75346359679123,7.37917632725222,7.03335889077673,6.76461594561637,6.58890025527555,6.4829437786632,6.41812597219806,6.37963275118602,6.35027783079736,6.32845000621973,6.30856864375538,6.29120155830037,6.27498301190202,6.25993391812632,6.24529888976074,6.23105386779096,6.21700216177433,6.20218963596441,6.18362876723334,6.16132118571512,6.13159683509788,6.09336906273232,6.04765121774985,5.99281499485752,5.93154915437699,5.86607570844922,5.80015711735523,5.73707904555502,5.68008748621519,5.63095693126589,5.5892608899912,5.5532743738627,5.51846961529769,5.48157376096732,5.43789921164836,5.38555685480581,5.3225580714071,5.24960555015204,5.16806950830352,5.08059755427586,4.99074490228245,4.90241245888718,4.8196541708325,4.74668306587588,4.68784014997081,4.6460200337369,4.62474555865135,4.62542636066438,4.64818702558094,4.69144494830458,4.75129882536228,4.8218968240466,4.89904559771416,4.98045298536253,5.05945511902957,5.13119797037201,5.18819267396216,5.22861610517077,5.25377783982965
4.97380862832989,4.9725594035571,4.97128894162562,4.96994671145303,4.96857820997593,4.96713043573912,4.96564177639457,4.96393635814265,4.96248806610626,4.96084449592002,4.95897075752782,4.95729946764039,4.95547781645859,4.95368956030234,4.95182457152973,4.94996089643027,4.94803039480701,4.94611741415909,4.94433333861871,4.94248961300926,4.94066578070002,4.93901871593366,4.93760564739399,4.93653524853584,4.93597354265126,4.93623987516693,4.93753232533379,4.9403454098161,4.94553099989429,4.9541220558754,4.96762945030659,4.98878250971438,5.02209748998848,5.07556924642727,5.16229238509091,5.30743583099235,5.55694320548612,5.96745740241848,6.54987410743369,7.12661189183815,7.44878113889653,7.49772063246671,7.37006056765895,7.16577982431716,6.94350927623564,6.75123082044339,6.60412152067115,6.50049432271867,6.42843122774246,6.37722456123308,6.33887053411872,6.30864618197113,6.2837630045206,6.26247535160833,6.24313089758851,6.22530952355879,6.20817700631483,6.19117823921028,6.17372287539689,6.15474817423,6.13294048386085,6.10703740497378,6.07574605538568,6.0384100096865,5.99470306157835,5.94529632472837,5.8913799018228,5.83485476363654,5.7778279080366,5.72266774049381,5.67112658553293,5.62423067466238,5.58160565603145,5.54195615352785,5.50292933952192,5.46204018891108,5.41684034060183,5.36527542980745,5.30689987598987,5.24159895648898,5.17086098184637,5.09644219075318,5.02113212297315,4.94777928690615,4.87957727546662,4.81967328923952,4.77141488258889,4.73728235988582,4.71911231365053,4.7183053926389,4.73451219562316,4.76619106777881,4.81078635130672,4.86440230172623,4.92289928356689,4.98209645106202,5.03854296711809,5.09104153874519,5.13456586758422,5.16801794589987,5.1910225820493
4.98077741766594,4.97987147588748,4.97897637995714,4.97807604229674,4.9771435842971,4.9762037479468,4.97524126413883,4.97424509071183,4.9732253164406,4.97294865684456,4.97142896806678,4.97039225494244,4.96952915755109,4.9687064659887,4.96790040946232,4.96726572310759,4.96677180733591,4.96639969794451,4.96640511638495,4.96676367177245,4.96686276982826,4.96778810455804,4.96934781796824,4.97169502959706,4.97510709734164,4.98006133626356,4.98696405404217,4.99652012524521,5.00971716010522,5.02800026349215,5.05340696953507,5.08923669719991,5.14068770935178,5.21495684377871,5.32320972599166,5.48241789642625,5.71443726141858,6.03026041397727,6.40655193506491,6.75775133564137,6.98480554000205,7.07490557790286,7.04260651919,6.93866894591988,6.80635492280072,6.67644284336786,6.56439826830125,6.47519334685875,6.40722085674012,6.35535208910794,6.3150241838331,6.28238151802433,6.25531684231732,6.23172736060668,6.21049590423359,6.19072019126253,6.17161301129839,6.15261221924211,6.13293460483497,6.11173739399671,6.08816020312455,6.06129530568749,6.0302188319912,5.9945868052765,5.95426504719879,5.90963335256636,5.86160729299602,5.81146333176657,5.76078211807754,5.71077524560013,5.66281918752236,5.61740794768662,5.5744493236378,5.53307592672286,5.49186254745195,5.44923795961099,5.40360859757456,5.35399148103691,5.29956075142533,5.24083196972305,5.1785144189003,5.11424317322976,5.05000088659066,4.98805171681945,4.93081424505741,4.88101337091949,4.84062106499602,4.81182551839457,4.79587838959847,4.79359514076645,4.80480847814188,4.82774606770325,4.86074832599236,4.90172753594603,4.94718155088775,4.99363389435873,5.03820592280836,5.07829369011629,5.11231856572084,5.13967766204089,5.15939834430182
4.98784589043546,4.98725327450289,4.98672616433542,4.98622904188299,4.98573222733575,4.98529206875504,4.98480470923571,4.98435597024335,4.98401261765484,4.98363440877664,4.98385607407505,4.98377203224709,4.98333318630094,4.98347551567515,4.98384771024487,4.98436710927351,4.98518421209072,4.98635955584543,4.98782525639918,4.99024129103837,4.99297270775881,4.99585783712249,5.00017874614417,5.00569716606611,5.01281272081956,5.02197115657112,5.03380161589772,5.0491009616554,5.06905497597738,5.09506662781715,5.12945173527828,5.17530823252408,5.23696015726891,5.32008479972472,5.4331215496984,5.5847276492688,5.78137845408619,6.02078226920835,6.28146727467254,6.5191521241526,6.69113177999935,6.77949539918819,6.78955583411045,6.74411970462928,6.66887824015619,6.58410131574546,6.50341862501689,6.43286486344082,6.37417663126395,6.32645304868919,6.28746486210923,6.25483248666249,6.22689547369358,6.20227915691297,6.17988123120261,6.15876634347416,6.13827670257256,6.11776017691097,6.0965214496796,6.07390180058694,6.04921238654885,6.02179154068945,5.99108839606523,5.95681674082971,5.91902398246544,5.87796449140179,5.83428254723484,5.78888969253707,5.74278640216155,5.69690328043164,5.65205090154894,5.60857876527572,5.56633849431743,5.52488038952409,5.48331196276754,5.44064141775683,5.39587587498685,5.34842352689477,5.29792725904793,5.24452196018437,5.18908290595873,5.1327692407905,5.0771238017028,5.02405654014166,4.97529133385563,4.93287717996787,4.8985074683628,4.87352679315755,4.85935580408799,4.85576968188894,4.86282213015798,4.87989651514703,4.90649415675705,4.93686358183638,4.97127399064612,5.00703081968638,5.04234763223197,5.07465163918745,5.10241336000853,5.12517846425863,5.14150068196014
4.9950824484292,4.99484215037509,4.99467261850146,4.99455334816106,4.99448176119153,4.9944966794457,4.99453339504674,4.99462348489502,4.99483327216681,4.99514080853322,4.99562870481742,4.9966655310649,4.99724635064173,4.99814013669732,4.99955651029685,5.00125745781019,5.0033311264684,5.00583766371503,5.0089378130429,5.0122823705752,5.01710293478856,5.02255702346241,5.02950621780847,5.03800208592357,5.04839842840382,5.0612386184032,5.07711569961868,5.09704089850531,5.12217176325287,5.15374565177142,5.19409699628543,5.2456895333315,5.31160011078303,5.39658792546663,5.50448967789493,5.63995870472222,5.80252251819201,5.98687922605973,6.17739087016642,6.34891017853452,6.48176844517809,6.55953163625822,6.59035981284602,6.57799635934528,6.53904947093155,6.48663732844974,6.43062742921329,6.37748500619946,6.32984850004418,6.28847928637777,6.252848112968,6.22184745855054,6.19456340604568,6.16996710236569,6.14712250075651,6.12539570074565,6.10412565038124,6.08272896410815,6.0606404310212,6.03733988446628,6.01223422078496,5.98492192199776,5.95498770602894,5.92225641741046,5.88680273853937,5.84882082603939,5.80875456436767,5.76722910006544,5.72492510262618,5.68244747959199,5.64031783183215,5.59879444553752,5.55782914552191,5.51713705851791,5.47618323702483,5.43436587897876,5.39118463830639,5.34615783087722,5.29924151997605,5.25061256934094,5.20094287042496,5.15118337031206,5.10250886590945,5.05636895487598,5.01427469918825,4.97749337342415,4.94753390030507,4.9253221970057,4.91156184624693,4.90676508643011,4.91067532479309,4.92209227265343,4.94000762518039,4.96294590263508,4.98934536872425,5.01754090053848,5.04573538576607,5.07102375124316,5.09311192644548,5.10917263382752,5.12121866288183
5.00226952100041,5.00236991809247,5.00258578471884,5.00286527925027,5.0032370355553,5.00368925005771,5.00424680077931,5.00488894693975,5.00566208889481,5.00663932668507,5.00779047205274,5.00921239117527,5.01112012475892,5.01340984836995,5.01502823431384,5.01781400926128,5.02101718948107,5.02498267888963,5.02942039307072,5.03475783666822,5.04124816898148,5.04870373609016,5.05786272950682,5.06881464758048,5.08179470547503,5.09750604098952,5.11657572826639,5.1398655863601,5.16854182226481,5.20385761502603,5.24746376601592,5.30134655251854,5.36789465023303,5.4498775255324,5.54883245791362,5.66639379910734,5.80056611025192,5.94556136955719,6.09064741741272,6.22188076566982,6.32643486718817,6.39706433480076,6.43265636325154,6.43826590279203,6.42187658147599,6.39181935367113,6.354603225506,6.31594139396542,6.27884784379456,6.24455384053966,6.21333663830582,6.18518710582666,6.15952277394041,6.1357643309027,6.11330345183115,6.0916214357803,6.07019765078523,6.04854981798222,6.02622442636042,6.00277153321145,5.97779977027044,5.95094279876225,5.92200187411761,5.89080156506136,5.85738058148489,5.8219557059865,5.78481613038362,5.74638709965843,5.7071543433096,5.66753194180333,5.62785170838166,5.58833000298188,5.54894975824418,5.50955639791365,5.46991107917551,5.42962292895579,5.38835480791266,5.34597586914873,5.30239310010347,5.25803347080168,5.21326663556895,5.16889776833475,5.12588613718053,5.08529265237374,5.04828111729893,5.01592609321648,4.98936632338018,4.96920195727116,4.95602499330041,4.95003903833397,4.95104650209416,4.95823561220423,4.97088350836104,4.98779945923621,5.00615507674769,5.02580479920984,5.04568906427709,5.06336188376199,5.07832243243791,5.09039554093636,5.09887692187325
5.0092375086349,5.00974560181254,5.0102872693623,5.01097576155534,5.01177355117331,5.01267829172393,5.0137507435549,5.01494858168672,5.01626691758593,5.01785311648201,5.01969881184247,5.02181375786173,5.02427824401005,5.02718651914925,5.03026144144051,5.0338966175639,5.03839771585467,5.04340558044299,5.04925618416557,5.05630854257993,5.06403508502691,5.07370299785103,5.08424656122846,5.0970103601652,5.11216236182561,5.13019418560078,5.15175165943567,5.17762188608271,5.20867524241126,5.24593627691407,5.29070462569641,5.34459350385951,5.40897259317526,5.48509585871581,5.57424447584782,5.67562704011745,5.78696539833257,5.90356485691212,6.01788420065038,6.12178201012359,6.20689637151687,6.26861490220256,6.30613675869883,6.3212007477652,6.31847434648324,6.30308967101245,6.27985791678884,6.25289669193069,6.22483154071227,6.19728976409991,6.17095187918706,6.14610579156841,6.12263295452332,6.10030804236854,6.07873774239172,6.05759698695098,6.03648645366636,6.01503588426292,5.99287614556872,5.96967733497091,5.94515612874962,5.91903607625289,5.89114908905091,5.86142647248268,5.82988386017671,5.79669665873013,5.76206515287077,5.72626289784859,5.68966634009065,5.65256464949411,5.61518402170162,5.57768950137355,5.54011952238762,5.50243617192007,5.46443237879353,5.42594937783108,5.38685371992301,5.34708689957277,5.30673722031239,5.26601605702715,5.22547070366231,5.18551528516352,5.14708505786639,5.1108331772423,5.0777641674066,5.04875848388694,5.02459370435801,5.00598023980774,4.99294441739239,4.98560895524233,4.98317235424156,4.98695696670555,4.9943817933646,5.00561885632876,5.01665838864258,5.02950087565721,5.04212301565726,5.05436431745845,5.06435452241103,5.07259179249549,5.07844608597629
5.01611434002555,5.0169625196156,5.01783896934027,5.01889681349723,5.02008520926192,5.0214257840995,5.02297998372441,5.02466414590524,5.02654801755039,5.02870946564215,5.03114358014865,5.03396118866469,5.03716627241717,5.04080002525548,5.04500741457454,5.04961161010238,5.0548652380211,5.06100739606287,5.06800036894445,5.07625335844421,5.08484711744841,5.09600651344022,5.10858373639346,5.12302241583232,5.13996313670184,5.15979800356234,5.1831021310515,5.21041965261935,5.24255591418403,5.28049050766066,5.32501219424994,5.37722508699319,5.43805757883672,5.50793539471598,5.5871764417195,5.6744055111002,5.76782523324245,5.86337215220394,5.95621622977735,6.04064278754957,6.11135699758896,6.16567810882004,6.20236499812658,6.22207352935791,6.22761445949468,6.22206306557146,6.20880407770554,6.19082002255855,6.17032485691007,6.14866826999005,6.12695526748254,6.10551131236524,6.08452923821772,6.06398411108708,6.04371310841884,6.02349295444936,6.00305309363323,5.98214762363472,5.96051737020099,5.93789711078622,5.91407950507565,5.8888698041855,5.86215474872707,5.83392701715887,5.80414757935299,5.77294144326005,5.74051440472131,5.70705453393385,5.6728109191534,5.63800164514861,5.6028003155939,5.56735017637639,5.5316929192805,5.49581499696193,5.45962250261778,5.42310995575271,5.38619965903991,5.34895903892525,5.31146419824613,5.27398509703634,5.23692794543455,5.2007258541195,5.16593298049336,5.13339112253348,5.10352076416048,5.07902910991439,5.05599342366044,5.03739393926655,5.02489105568484,5.01585600030289,5.01281199269098,5.01199348406863,5.01276492050275,5.01763553530747,5.02432932885156,5.03194811127327,5.03999515248748,5.0482571523502,5.05521392830057,5.06092277326255,5.06521994624297
5.02298396749566,5.02414079655949,5.02535937481328,5.02676973164721,5.02832314148241,5.03008079057915,5.03203094601545,5.03422422170955,5.03661280791708,5.03928625052648,5.04228762620489,5.04572917889373,5.04961165764768,5.05387566975882,5.05858864984446,5.06443161020273,5.07058529203321,5.07759321967062,5.08565735712787,5.09478969630633,5.10530847008046,5.11705556135539,5.13075848075431,5.14671212176387,5.16488401583297,5.1858529046427,5.21011873929895,5.23819530064483,5.27075704977988,5.30833752809953,5.35179915094078,5.40148919780158,5.45804608739284,5.52147745528736,5.59155876251212,5.66708524168244,5.74620283173838,5.82581580300899,5.90284377325213,5.97290888195937,6.03304023737489,6.08090558596173,6.1156680955943,6.13744226022113,6.14781045689209,6.14877602455561,6.14251015685822,6.13134971417807,6.11684779065215,6.10031314014558,6.08271045571415,6.06455973499458,6.04610113102548,6.02751923983578,6.00874649430546,5.98968750953841,5.97021112294052,5.95013316951693,5.92928442794103,5.90746520286407,5.88453102039972,5.86038963303416,5.83492698786823,5.80810276849337,5.779983139867,5.75063515544632,5.72020794015331,5.68881448276161,5.65666157517981,5.62393663862723,5.59076538879793,5.55726271877246,5.52347649450688,5.48944139993564,5.45515548991741,5.42061637598748,5.38586063428911,5.35096327608573,5.31609046457191,5.28146246278842,5.24738570846479,5.21427942851301,5.18286648904082,5.15319417095562,5.12600757682607,5.10191957151618,5.0817269668618,5.06424393788791,5.05140909430927,5.04118105881669,5.03466602920268,5.03128619881429,5.03067772874414,5.03231390930525,5.03563721431694,5.04004094101162,5.04503311125944,5.05009728455955,5.05442317277644,5.05801450904189,5.06053289345077
5.02990041256033,5.03136017384216,5.03292528022844,5.03462857548778,5.03654283021959,5.03868101930094,5.04103237199599,5.04365082743431,5.04652865726854,5.04968610475938,5.05321935669377,5.05717337591455,5.06167268014654,5.06657947196792,5.07204177188943,5.0783301927504,5.08540387084037,5.09331878579837,5.1022186737308,5.11224406623642,5.12373884926741,5.1364124641067,5.1510662216073,5.16771861294248,5.18666096215661,5.20831838975373,5.23310021805752,5.26143493940381,5.2937026670984,5.33037711948052,5.37198735898788,5.41877146417714,5.47080469727578,5.52819272975951,5.59029221956053,5.65602454387343,5.72385322087717,5.79146403761156,5.85624043228733,5.91559850894153,5.96745847366498,6.01001108291026,6.04226948099281,6.06468888018163,6.07768654481118,6.08275165017509,6.08144562639372,6.07527281544812,6.0654694474047,6.05315100662493,6.03910603999073,6.02395623667587,6.00795207014938,5.99131932759371,5.97415111604678,5.95642320265699,5.93807843052943,5.91899075160925,5.8990629165709,5.87820234302252,5.85628940876112,5.8332395022021,5.80901298693054,5.78359571909943,5.75703788946301,5.72937878311953,5.70071635714413,5.67121382519797,5.64098888036025,5.61017907537679,5.57889359437686,5.54724325414645,5.515295330182,5.48310615582923,5.45072183150136,5.41816600842113,5.38549426609726,5.35288928034974,5.3202945764117,5.2881977958094,5.25682681136302,5.22670190473309,5.19726770077682,5.17105307390358,5.14607628897744,5.12339604402516,5.10487602213578,5.08888832086968,5.07494641532134,5.0645301842004,5.0576305479958,5.05212321365841,5.04910630879222,5.04825444104122,5.04917322565113,5.05104886015075,5.05343163379477,5.05595843895925,5.05816715930555,5.05980472867111,5.06067076457318
5.03673014548727,5.03846849164538,5.04035093419589,5.04236324698949,5.04463828396112,5.04710627625214,5.04986039126749,5.05290852648086,5.05623538518162,5.05984073305234,5.06387209712273,5.06833022158302,5.07330489847392,5.07886797979597,5.08491451463247,5.09187482495156,5.09958033759867,5.10816467935285,5.11772768216028,5.12841065919613,5.14051013483832,5.15417151021002,5.16983486478423,5.18694508338942,5.20620397366121,5.22816959468243,5.25295231468161,5.2808890900663,5.31231550638728,5.34761465850148,5.38695300267669,5.4305284239578,5.47826521908506,5.53007605293447,5.58514805870129,5.64272342635567,5.70129018528243,5.75932955409409,5.814883755436,5.86592000828837,5.91104220331418,5.94896661254848,5.97892562670649,6.00100774453417,6.01545864736854,6.02310616838385,6.02518213509837,6.02261636464765,6.01640188610522,6.00751425868606,5.99652250566874,5.98399195549977,5.97023466071177,5.9555193506096,5.93997662692058,5.923631014765,5.90647250954691,5.8884933405637,5.86962187182594,5.84980317595787,5.82895810154094,5.8070523832925,5.78408643172222,5.7600485478925,5.73493588006266,5.70886368586622,5.68189659802029,5.65415282479801,5.62570700981123,5.59669448261839,5.56722938723244,5.53740295048166,5.50727847640805,5.47691818188608,5.44642329805291,5.41582332541745,5.38525174857084,5.35492908704787,5.32481402524318,5.29444593750848,5.26635144626015,5.2394744534493,5.2119401877201,5.18699965994786,5.16424959653092,5.14345924307956,5.12518837279306,5.11054984910681,5.09695722264549,5.08486334714711,5.07696568078935,5.0707680804303,5.06651381461488,5.06399286420511,5.06263394110586,5.06230623276262,5.06263861514524,5.06325785844351,5.06368939556919,5.06377613640599,5.06333357489174
5.04324301226541,5.04525365028517,5.0474653527669,5.04981398072947,5.05240631989864,5.05522542495588,5.05834403058602,5.06175531877444,5.06549696629486,5.06958913434644,5.07402339548517,5.07897361736227,5.08441966013085,5.09051875290563,5.09718859356118,5.10452030031191,5.11286524167414,5.12194844615001,5.13210219182972,5.14343360295501,5.15601068162203,5.16984542323915,5.18529712705097,5.20364915848615,5.22323065626601,5.24504537526143,5.26956599896257,5.2969314616537,5.32732581143976,5.36099806655575,5.39796659655762,5.43839291433479,5.48204098165823,5.52872738082253,5.57775173427629,5.62841418421054,5.67943721218388,5.72983775670447,5.77788826402158,5.82235373659097,5.86202536551068,5.89591533030871,5.92355299994442,5.94475558033231,5.95973227517102,5.96899048679227,5.97329193802641,5.97335892647873,5.96994995017053,5.96374595538979,5.95527524701035,5.94499004640086,5.93329444535952,5.92037529705964,5.90637469942398,5.89141802443478,5.87552719375685,5.85872513320483,5.84097348947397,5.82224517473776,5.80255418438471,5.78184577208679,5.76014311478357,5.73745773937652,5.7138057847387,5.68927172728271,5.66391557020866,5.6377994872743,5.61106217257051,5.58378928811771,5.55606060824034,5.5279613994578,5.49961065197801,5.47100283409904,5.44229544078183,5.41362012498191,5.38475363210456,5.35630553279639,5.32878470623235,5.30056569113768,5.27444148733395,5.24892005599843,5.22415776486471,5.20147742232864,5.18022716382126,5.16090778241521,5.14342525105243,5.12805958174796,5.11504672722587,5.10402939440851,5.09470179116852,5.08756585432617,5.08195984114322,5.07788880053797,5.07510109170773,5.07316761427405,5.07183788844765,5.07083182140202,5.06983974661497,5.06868196101814,5.06716228259741
5.04947526890371,5.05174243884825,5.05423944179634,5.05690741834594,5.05976715034013,5.06292784422729,5.0663729449919,5.07013136830583,5.0742577762523,5.07872355474269,5.08356173490273,5.08898139532531,5.09483909140681,5.10138286454368,5.10869060089348,5.11652878821947,5.12515371881197,5.13469315475062,5.14525080380451,5.15703362713668,5.17008473963936,5.18454321718467,5.20073427033924,5.21812425956233,5.23778832073238,5.25942949717555,5.28336071493344,5.30984058080677,5.33893325105043,5.37079013731931,5.40545725514272,5.4428207798171,5.48276181496822,5.52497654097903,5.56883625732195,5.61374528725469,5.6586949001672,5.70274093036234,5.74475353590872,5.783850414448,5.81902214232083,5.84952442820204,5.8749147683068,5.89501849210272,5.90997443884993,5.92008889004959,5.92585180910843,5.92777695237173,5.92644044923295,5.92229871373596,5.91591747000181,5.90760115906455,5.8976795083747,5.88638322599581,5.87387432972091,5.86028390420834,5.84566416480382,5.83002422636546,5.81343039316736,5.7958627628979,5.77732870159023,5.75782232994183,5.73736295456694,5.71598758435913,5.69373991815214,5.67063444901587,5.64678310703662,5.62224048086166,5.59708758050782,5.57143514389393,5.54532355691716,5.51888697081103,5.49218923890811,5.46522934087405,5.43817551269713,5.4117222184872,5.38459859076047,5.35791325687568,5.33218930919807,5.30649842044156,5.28184187937447,5.25848205682748,5.23590291068266,5.21446977391685,5.19452728324722,5.176155318644,5.15950453838218,5.14486424736916,5.13172068418054,5.12034876962814,5.11065039692587,5.10263223180238,5.09616248134634,5.09108010679694,5.08696715528362,5.08374222467384,5.08106846250841,5.07878701199769,5.07661766763893,5.07440973622071,5.07201535037659
5.05557975326221,5.05808245674374,5.06079874065756,5.06374192425596,5.0668749802896,5.07031174881664,5.07405418007773,5.0781243791732,5.08256976197752,5.08737827360026,5.0926112161141,5.09830903933028,5.1046003955654,5.11147336136813,5.11900256769002,5.12721129743819,5.13643004215636,5.1463546196231,5.15724448981327,5.16926871988628,5.18253457818231,5.19712296632249,5.21319018246797,5.23101287899224,5.25022919691246,5.27160875309177,5.29490989961428,5.32036688054358,5.34809997321684,5.37808309998883,5.41036804780033,5.44482766605724,5.48131197706775,5.51947261293881,5.55882366737279,5.59873215696482,5.63862774623984,5.67747986859827,5.71465602853117,5.74930058249937,5.78068480881285,5.80827103555234,5.83164212568197,5.85058642932614,5.86522762854081,5.87573233572792,5.88241913666444,5.88559725099039,5.885775336646,5.8833157503935,5.87859012085085,5.87190088375991,5.86351835733957,5.8536937866828,5.84256888247523,5.83023476416463,5.81682101168403,5.80236166985881,5.78690515141908,5.77047013114669,5.75306732938546,5.73473984615777,5.71551596077384,5.69540362092802,5.67446329159485,5.65274807087683,5.63033423417715,5.60727214510422,5.58360873664714,5.5594785726752,5.53495014903199,5.50970587228165,5.48477760260151,5.46019018542423,5.43460062964593,5.4093739539478,5.38458331454691,5.35961418430624,5.33581715328851,5.31188836168873,5.28902332605777,5.26687368958358,5.24569564910774,5.22552673918823,5.20646558473558,5.18904601153819,5.17317370661245,5.15876874602328,5.14581398925089,5.13441044457466,5.12445528432244,5.11610562756682,5.10888985403843,5.10292930019823,5.09788245306599,5.09361676455817,5.08994849298988,5.08669645086761,5.08357846969458,5.08052900259093,5.07738796750128
5.06164605619941,5.06436413326953,5.06729953838296,5.07048060138413,5.073882772129,5.07754587756515,5.08152017686232,5.08588176442304,5.090594394805,5.09568999953446,5.1012508819579,5.10724326230566,5.11379326610496,5.12096255324256,5.12882267882032,5.1373321422777,5.14670766047762,5.15690364814759,5.16804752786382,5.1802524059106,5.19361754001991,5.20826189695638,5.22415441819378,5.24149769930821,5.26050614405931,5.2812162866851,5.30377791871573,5.3282149159779,5.35456012252911,5.38278292669562,5.41291454768751,5.44475861063,5.47823294843932,5.51287718326344,5.54832302847496,5.58409298851314,5.6196062502379,5.65420889722383,5.68726837205645,5.71816396274147,5.74622523801458,5.77123013297585,5.79271356630116,5.81048809664385,5.82461893299059,5.83514541394255,5.84232177953121,5.84641253968453,5.84771210476914,5.84653643835088,5.84312353297285,5.83781200522147,5.83079754764279,5.82226242086912,5.812383840741,5.80126662450011,5.78901545049071,5.77570206615359,5.76134919062601,5.74602625008304,5.72976046780748,5.71259543599964,5.6945496821373,5.67567223300368,5.65601642420813,5.63562073214928,5.61453037954803,5.59284739857925,5.57036709686905,5.54788886730429,5.52529270032425,5.50158419012801,5.47796591105677,5.454147419844,5.43062329010747,5.4071980442061,5.38382154113497,5.36057102708135,5.33792965335563,5.31559061553323,5.29391941118432,5.27383199237481,5.25314337387931,5.23424397421682,5.21635531089463,5.19987621106317,5.18463501587388,5.17099462946252,5.15793702899979,5.14668447482472,5.13658641266928,5.12775969760897,5.12012727879562,5.11353892570729,5.10782574711962,5.10280150877266,5.09829359116724,5.09425932497525,5.09040941909911,5.08668168863872,5.08295314469307
5.06753750183298,5.07045793279255,5.07360114237928,5.07701141186253,5.08064866629342,5.0845440283183,5.08875928502173,5.09333994329676,5.09829389725892,5.10367130571279,5.10947537349847,5.11573598251158,5.12253285502679,5.12995145543198,5.13799683839336,5.14677695164331,5.15627923297403,5.16662992890163,5.17789238568908,5.19016503650835,5.203515548311,5.21803171592801,5.23384435117481,5.25094304423837,5.26951157858544,5.2894686842346,5.31120543290552,5.33441002675743,5.35921210499736,5.38566917569746,5.41359365929299,5.44295315028115,5.47355225905196,5.50504063794737,5.53707372387911,5.56929895386286,5.60114818518574,5.63213466865963,5.66176028728803,5.68948337817449,5.71489978134664,5.73764842573213,5.75740708953008,5.77404168934197,5.78752378872798,5.79790198045039,5.80534645288179,5.81002594117909,5.81209950673442,5.81187388332667,5.80956009550688,5.80536779898521,5.7994954093629,5.79209953722269,5.78334322438322,5.77334536185988,5.7621652121555,5.7499076826439,5.73662427094051,5.7223791056822,5.70720514525994,5.69115776216308,5.67422954315059,5.65653956433815,5.63807685095934,5.61886036809462,5.59908967187581,5.57887867389685,5.55768686198269,5.53652170388986,5.51493857536308,5.49261609582573,5.47089647076956,5.44867133127994,5.42635501657203,5.40431793587045,5.38246912385283,5.36075616354368,5.33941830465733,5.31854983104127,5.29821651107131,5.27874905087131,5.25988569578217,5.24193540903318,5.22512169531302,5.20927883810547,5.19468428338763,5.18122444056682,5.16854831459959,5.15727246148331,5.14722804550497,5.1382915345268,5.13032441523963,5.12332916042843,5.11702523611741,5.11139304567997,5.10628094595096,5.10159051638036,5.09715305065427,5.09285425701177,5.08864691013049
5.07312138030915,5.0762360680095,5.07957516625667,5.08317493001573,5.08702049732449,5.0911503164077,5.09558242072678,5.1003658943304,5.1055486288109,5.11115498635593,5.1171422459195,5.12366708861607,5.13066465305705,5.1382540792636,5.14650225188696,5.15539660289439,5.16501103756479,5.17546529433756,5.18675915397584,5.19902912535534,5.21230578983538,5.22663292487148,5.24215808846477,5.25908616876142,5.27733998138163,5.29630652427437,5.31703141689733,5.33897652744563,5.3623038798834,5.38703875948418,5.41301846479624,5.44016163682691,5.46823138731782,5.49696082784398,5.52606043841034,5.55511211616234,5.58375028846478,5.61158418905258,5.63821944169998,5.66321548940198,5.68619405964445,5.70689063916046,5.72504189752475,5.74055362863195,5.75334216111119,5.76343839599048,5.77090898614441,5.77589298308807,5.77854908664233,5.77905335445258,5.77760722383964,5.77432789401908,5.76942841887072,5.76305618095384,5.75530869387353,5.746314687089,5.73616068373119,5.72491306397444,5.71269163231762,5.69948344537079,5.68534170732571,5.67039703201814,5.65457084803235,5.63796349686268,5.62085973071219,5.60289548474747,5.58377240729803,5.56480278622978,5.54555906346014,5.52565461782249,5.50533500711744,5.484072978618,5.4636768101109,5.44298288862035,5.42221639005966,5.40147168575459,5.38094436313036,5.36062273511447,5.34056408830601,5.32089873300022,5.30175954873649,5.28339846437958,5.26563991478341,5.24864537260341,5.23239585482157,5.21718095420581,5.20309943142421,5.19043539246769,5.17825451917931,5.16718826472196,5.15703262755846,5.14791266654747,5.13964862319092,5.13224125365253,5.12549567720428,5.11940547744529,5.11379376983485,5.10857874345736,5.10364493938241,5.09889874002825,5.09428385724737
5.07841458055875,5.08170103178382,5.08521501408168,5.08898380850393,5.09302825758925,5.09735701623932,5.10194668056738,5.10692042338865,5.1122884341287,5.11806426882848,5.12426416684965,5.13092348170821,5.13809069528167,5.1458386189241,5.15424119258547,5.16323351944105,5.17288557719909,5.18336622963785,5.19465107040102,5.20680637827946,5.21989634183169,5.2340162478873,5.24923344432301,5.26553954669375,5.28294635958005,5.30141236883728,5.32120795301794,5.34211081311502,5.36415028769683,5.38733064488545,5.4115330065028,5.43665081391878,5.46242622402078,5.48869673655697,5.51515122627853,5.54148934564255,5.56741700078878,5.59264027684595,5.61666309084203,5.63930376691706,5.66019401929529,5.67911398014802,5.69579935112884,5.71022956295795,5.72229169322082,5.7319621549598,5.73931606806712,5.74445735642233,5.74749559761614,5.74850899842907,5.74770661250039,5.74520394591026,5.74112100052302,5.73560865796122,5.72875686363173,5.72067475202731,5.71149339437492,5.70119685152548,5.689916608613,5.67769537199314,5.66453340507946,5.65053011892645,5.63530884028758,5.62050098997258,5.60417070012029,5.58747139284369,5.56982019256531,5.5519292510412,5.53357578164045,5.51478309602942,5.49567408429601,5.47641538076588,5.45693076559251,5.43741492520762,5.41791456857519,5.39836767851689,5.37892649734922,5.36015570208636,5.34100004196873,5.32243697019466,5.30449831776907,5.2870797063498,5.27019064871911,5.2540173297918,5.23862650199757,5.22561756926491,5.21096469798153,5.19802915165184,5.18621954968382,5.17527933228066,5.16527826077999,5.15609352397503,5.1477056355478,5.14007850494004,5.13305384814165,5.12661866142323,5.12063598114847,5.11506551180598,5.10976345377137,5.10469739016431,5.09977373591637
5.08357159090802,5.08700925164014,5.09067515727992,5.09458789936915,5.098791359286,5.10327582732844,5.10802101098772,5.11315297368102,5.1186521748443,5.12455633810089,5.13091351453259,5.13767804537555,5.14496999879063,5.15277880978758,5.16124213358628,5.17027299735211,5.17995981284063,5.19039308946783,5.20158453351746,5.2136071826986,5.22647600265554,5.24030412803529,5.25507172941807,5.270829180061,5.28771044967704,5.3057648355433,5.32426559667234,5.3439827375139,5.36467073076934,5.38630705793613,5.40881599580281,5.43202373693018,5.45577546407516,5.47984568301941,5.50403092470314,5.52804182271137,5.55163363983931,5.57452468652341,5.5963856503805,5.61697966058591,5.63605765954727,5.65340434030458,5.66883486961372,5.68224223005287,5.69358775336396,5.70285493415945,5.71005278664724,5.71523538066204,5.71848270849343,5.71990518195669,5.71961826933345,5.71773615347956,5.71434315018618,5.70959192572879,5.70354190726185,5.69627087854885,5.68790856563069,5.67859731145746,5.66805589820448,5.65638977951791,5.64439580580508,5.6316722689718,5.61731189417052,5.60342918006134,5.58830032791909,5.5723894579447,5.55585368503723,5.53910365783315,5.52198713557537,5.50432743491345,5.48639136250676,5.46817827959206,5.44982605503868,5.43142503787572,5.41304288835187,5.3947282260982,5.37647464744009,5.35878552233658,5.34074506399627,5.32325310628424,5.30623819492206,5.28974547028693,5.27376752534736,5.25844363544229,5.24380490455667,5.23034315919172,5.21695006782223,5.20476473557006,5.19325430888944,5.18250506965465,5.17259317432084,5.16346226791822,5.15497065232401,5.14716892302855,5.1399703504868,5.13331154635831,5.12705080537234,5.12119880555722,5.11562574429406,5.11029839643651,5.10513827727968
5.08865825707621,5.09222422746063,5.09602640752549,5.10006961147087,5.10439541321684,5.10900904689522,5.11390409191313,5.11913413126252,5.12473107413623,5.1307613693907,5.13719753015164,5.14408492384776,5.15142978991621,5.15929675534417,5.1677338649031,5.17673589756182,5.1864077794607,5.19674232587403,5.20776130172377,5.21959443727237,5.23220322612387,5.24567809411346,5.26002194163403,5.27516075106705,5.29116679443598,5.30776628292959,5.3260393270427,5.34477619092052,5.36435777707439,5.38467290300748,5.40568984619599,5.42720753753245,5.4491366872212,5.47124517546356,5.49336029743976,5.51527828830417,5.53676480732052,5.55755788187485,5.57746355675162,5.59623586111717,5.61364340100209,5.62953889030237,5.64377383515044,5.65623011965734,5.66686567658356,5.675677751252,5.68261189538552,5.68773139830312,5.69111717923531,5.69283256053263,5.69296023175385,5.69156420914334,5.68877562643242,5.68465679238884,5.67925814009873,5.67272182366554,5.66515892593391,5.65640396951827,5.64650103852665,5.63617419431755,5.62498788721408,5.61293639530337,5.60036329357143,5.58645235481849,5.57245481787036,5.5576378623325,5.54206263166552,5.52641463511422,5.51032051383022,5.49379302218901,5.47685508522772,5.45979460703254,5.44261550784569,5.42529474427032,5.40795689386602,5.39079139249206,5.37365481499444,5.35676094295136,5.33980580449199,5.32333882985252,5.30729137500727,5.29167274629885,5.27657778376792,5.26207724475254,5.24828810730032,5.23516053573893,5.22249419337934,5.21055934682486,5.1993318097527,5.18884875264038,5.17906793189402,5.16997657791869,5.16149049648241,5.15364046978108,5.1462873824203,5.13944788863771,5.13301340235787,5.12693741715804,5.12117237068831,5.11564398175245,5.11031655665617
5.09347905796298,5.09716840657268,5.10108772332519,5.10526543265459,5.10969919213544,5.11443092206457,5.1194736892905,5.12479051769105,5.13047169485072,5.13658852710362,5.14308359167228,5.1500465001118,5.15742555441096,5.16529472206229,5.17372659066246,5.18269500756141,5.19225853755688,5.20246662506296,5.21332494154166,5.22488970480224,5.23721155312432,5.25028641678113,5.26413734872134,5.27873651457768,5.29417597625224,5.31019187021571,5.32742899232327,5.34500594757674,5.36333250207117,5.38227543841708,5.40179499530972,5.42169931664309,5.44191700505941,5.46227604889659,5.48257720688726,5.50266706769567,5.52233354114584,5.54138262526441,5.5595947715713,5.57679321688576,5.59276577944042,5.6073908425854,5.62056276957625,5.63215820794901,5.6421312941575,5.65043462872591,5.65709920630824,5.66214122455089,5.66555299264507,5.66747012437575,5.66787188403703,5.66687644233024,5.66449050233646,5.66070213245903,5.65623124389473,5.65024762877728,5.64356040886897,5.63509988144186,5.62654332845505,5.61694104715971,5.60638161192042,5.59513834990764,5.58323443564682,5.57021648264014,5.55713046762128,5.54332135982652,5.52884774440912,5.51404543337051,5.49891357188132,5.48345519617039,5.46763366544533,5.45150366776609,5.43533024484678,5.41908441700205,5.40271370916837,5.38674783897346,5.37071385226621,5.3543792632224,5.33857734651505,5.32302072872699,5.30782696108604,5.29307860824489,5.27877121352692,5.26491931212183,5.25151894390828,5.23903623984134,5.2268277267595,5.21530130659008,5.20448149842948,5.19425309907376,5.18467642550345,5.17567616029737,5.16726630763398,5.15937221810935,5.15199745241946,5.14505756968388,5.13851023293816,5.13231032581197,5.12639735348704,5.12072260430612,5.11527704512386
5.09794983273381,5.10174704798057,5.10577192538185,5.11004182487736,5.11458284016457,5.11942025582696,5.12453924760672,5.1299809656188,5.13572955273347,5.14186424515897,5.14843331856027,5.15540652451088,5.16296117605334,5.17097463063102,5.17904655894547,5.18792303218129,5.19743074092258,5.20752204697591,5.21816041990142,5.22947130048099,5.24146449039214,5.25413127955563,5.26750931080182,5.28156361219827,5.29630909877979,5.3114991446027,5.32752190224996,5.34453382663081,5.36169630933726,5.37954818632756,5.39776861485947,5.41628960663891,5.43499697459622,5.45375504347936,5.4724372617751,5.49086830533343,5.50886179577301,5.52629585028865,5.54295703876504,5.55869174006637,5.57334066714837,5.58679039295304,5.59893956997991,5.60968446853638,5.61895927396053,5.62682590582393,5.63320494894938,5.63807752662325,5.64149292049879,5.64345445341914,5.64407816671846,5.64346548808986,5.64132539251016,5.63842708402888,5.63426287158012,5.62833779172527,5.62222561632128,5.61479127791103,5.60675545441706,5.5979573521844,5.58823807237068,5.5777686171532,5.56642806870051,5.55458122603133,5.54218257263753,5.52924652656437,5.51577252083212,5.50193034706716,5.48766519954758,5.47311549209733,5.45833603390407,5.44324426304337,5.42801502580732,5.41274288101032,5.39739865311121,5.38233570728661,5.36673413073674,5.3517158119265,5.33681496106298,5.3221257579423,5.30775552481554,5.29376629421427,5.28014539766346,5.26705203074121,5.25443122919938,5.24221831895751,5.23057746088749,5.21947391573583,5.20897333868301,5.1990094945143,5.1895980880015,5.18069729053129,5.17237847180217,5.16451099944697,5.15709498861795,5.15012119000365,5.14347408706628,5.13719900684377,5.13118691945568,5.125438169546,5.1198834005376
5.10215171168065,5.10604340068369,5.11015273059864,5.11450318495838,5.11911168290244,5.12400596495005,5.12919430379471,5.13471172429055,5.14049593104036,5.14666615751076,5.15325264551133,5.16021539611375,5.16760129175544,5.17540818705249,5.18391044051924,5.19265098551799,5.2019047488267,5.21175465420271,5.22220583744516,5.23324060693127,5.2448840063381,5.25714237790274,5.27003372734803,5.28356646244218,5.29766286853484,5.31242651492961,5.32779249658037,5.3435982252379,5.35983532276395,5.37649568731,5.39345331734146,5.41064751234939,5.42796827315796,5.44528745204201,5.46249336491027,5.47944200082558,5.49595092610738,5.51194591136369,5.52725120510375,5.54169448742579,5.55517914103924,5.56757880697249,5.57880771489986,5.58871134865458,5.59757536514451,5.60518010289195,5.61097852106079,5.61545456668983,5.61851227363925,5.62092757189252,5.62152500299849,5.62125420617749,5.6194625880559,5.61680373348355,5.61257695111221,5.60809271387993,5.6022485584377,5.59560401474481,5.58804649297265,5.57960415750746,5.57076811246252,5.5609777673649,5.55056527163934,5.53947121462829,5.5278844877008,5.51571637642781,5.50313034881504,5.49013648008687,5.47680274887105,5.46307502381484,5.44919671494467,5.43498517173893,5.42067227832353,5.4062848215198,5.39183802671667,5.37744344447535,5.36306910193536,5.34878643533002,5.33468311839389,5.32076323941498,5.30715465669126,5.29384904525917,5.28096707839463,5.26844826722466,5.25639293728478,5.24460218965131,5.23345398938559,5.22274453178149,5.2125462891397,5.20285920328964,5.19362595758218,5.18489183561558,5.17664196687098,5.16885662760065,5.16145445648073,5.15445873245879,5.14778925060092,5.14145166862227,5.13537643247874,5.12957626780104,5.12398509379758
5.10612487427262,5.11009014876952,5.11427922210352,5.11869807306406,5.12336480831333,5.12829887835716,5.13354991201599,5.13907988892803,5.14491086147358,5.15108747165267,5.15762477507495,5.16457619387499,5.17191363946389,5.17963291940727,5.18785739139255,5.1965519163215,5.20570404895549,5.2153606526577,5.22555608979911,5.23628700102215,5.24759486704607,5.25943065635894,5.27183815757899,5.28476651384735,5.29824663318483,5.31225013402276,5.32641537922595,5.34159283419929,5.35695188570217,5.37259645533058,5.38850024822906,5.4045490936571,5.42070168955819,5.43678910585437,5.45272728177798,5.46839446759714,5.48365058239228,5.49837451509923,5.51247000192616,5.52575278852652,5.53816356186086,5.54961396389699,5.55988154712165,5.56936573589769,5.57736773265476,5.58417871838203,5.5900144718643,5.59452587172312,5.59742849148719,5.59951893443627,5.6001021005363,5.60016112616656,5.59891113985561,5.59642210227959,5.59288046203531,5.58842255093965,5.58317704102745,5.57701256085431,5.57004183328705,5.5623362239088,5.5539151287832,5.54492217284681,5.53520389657984,5.52487704879283,5.51393841289601,5.50257171172714,5.49080087600748,5.47861467152426,5.46604159528072,5.4531400541945,5.43999924986634,5.42674214410121,5.41323016466958,5.3996746132292,5.38610677204221,5.37248706088314,5.35890877523267,5.34540341717688,5.33203354529698,5.31890099336338,5.30593004517415,5.29334896031103,5.28099862901067,5.2686769742106,5.25763304052295,5.24621976409698,5.23549095646756,5.22513734006524,5.21527269865308,5.20583501683076,5.19685823053367,5.18832993119644,5.18020587421266,5.17249750584727,5.16517339982204,5.15819224892981,5.15155132369824,5.14520016897274,5.13912583406734,5.1332994467124,5.12768923589113
5.10990582146568,5.11392221437904,5.11816583189608,5.12264247051784,5.12735717496735,5.13232714072932,5.13757378988339,5.14313266747308,5.14900258782478,5.15514472828312,5.16165449056245,5.168546769174,5.17582922759207,5.18346085979405,5.19156335644458,5.20010035797105,5.20905621731204,5.21849804461391,5.22840842517585,5.23879717326231,5.24967624174312,5.2610932428878,5.27299189540163,5.285365330033,5.29826717158716,5.31160846476491,5.32515783907932,5.33950443947882,5.35390859578916,5.36858031884873,5.38349867345443,5.39843835614601,5.41343036690218,5.42835405758568,5.44310929344702,5.45759392398711,5.47168819567821,5.48522575271066,5.49821611422013,5.51049014391647,5.52200945010166,5.53260263102436,5.54238082808163,5.55073636407018,5.55825034923535,5.56493328585157,5.5703907324578,5.57432346308384,5.57741559449958,5.57962484461732,5.58059923159569,5.57997694883925,5.57914902607674,5.57698616136594,5.57381670162986,5.56976197298752,5.56495978748409,5.55928930108502,5.55284748784838,5.54569410972341,5.53786604605841,5.5294465193462,5.52031481872013,5.51072251746929,5.50048335756728,5.48982678588367,5.47872383688712,5.46727543560727,5.45550355461728,5.44337484359091,5.43102991486655,5.41849167006758,5.4057945826137,5.39304725875109,5.38020087366773,5.36735044704353,5.35447740161164,5.34171665313561,5.32909218723524,5.31660139463974,5.30427634714083,5.29245084160503,5.28069823693744,5.26916060507158,5.25819707649435,5.24732841879508,5.2369982444702,5.22702975135943,5.21745571982501,5.20834313223242,5.19956454850547,5.19122727662964,5.18327504476167,5.17568536594602,5.16845303537442,5.16154872849177,5.15495521213608,5.14863263091236,5.14257605037016,5.13675393589835,5.13114608996654
5.11347795756964,5.11754177497607,5.12182142232018,5.12633483708618,5.13108782500056,5.13608254911649,5.14133830283933,5.14689561998307,5.1527546777275,5.15887315598677,5.16535364256278,5.17215365064593,5.17936954544937,5.18688746848989,5.19482645734045,5.20320096382729,5.21197016789057,5.22117213156804,5.23076912123849,5.24084882188237,5.25136560326532,5.26231019430515,5.27379276589336,5.28563133030161,5.29789219481975,5.3105817935179,5.32358146725332,5.33710854628137,5.35037670758824,5.36436642847687,5.37828231608686,5.39224495939843,5.40620570418411,5.42008926413957,5.43374634173251,5.44719312266451,5.46023292936338,5.47267338743675,5.48510294432813,5.4963056197636,5.50640785960627,5.51637317644837,5.52532006241514,5.53396760360468,5.54041626743637,5.54638335034431,5.55159520416328,5.55554566919752,5.55853195766908,5.56054174934007,5.56151932596687,5.56144789847747,5.56047620597825,5.55852341530316,5.55571953227621,5.55200552800129,5.54761480727325,5.54239448774286,5.53645061823851,5.52974868504341,5.52246039368864,5.51451096157124,5.50612148558755,5.49705719023596,5.48757228424849,5.47748481432072,5.46709402582214,5.45637489969059,5.44529261299435,5.43385379036971,5.42224285426832,5.41044041150949,5.39849018000519,5.38633392493839,5.37440478497715,5.3621930402928,5.34998082255621,5.337903771449,5.32590193078771,5.31406446687014,5.30238946950185,5.29088130126671,5.27984755606892,5.26879230490686,5.25825545931268,5.2479798070867,5.23804116140936,5.22845171103721,5.21920355174009,5.21036739939453,5.20184117244094,5.19370139764475,5.18590942154879,5.17846378423061,5.17132478489399,5.16451117559977,5.1579686536617,5.15170803819236,5.14569265653069,5.13988657735375,5.13429754316885
5.1167990315583,5.12090794681166,5.1252196335672,5.12975347395917,5.13452317038773,5.13953697190446,5.14479324789204,5.15031475023215,5.1561481731541,5.16227206380168,5.16865433401253,5.17540278956923,5.18249977788139,5.18993540318956,5.19770715971076,5.20594591991392,5.21439866436064,5.22337437299585,5.2327010339024,5.24240687951062,5.25256967158639,5.26315784585198,5.2740994514335,5.28543678159946,5.2971225925008,5.30908909598303,5.32145481633374,5.33377776904463,5.34698128326115,5.3599070890771,5.3727836927639,5.38602962348867,5.39907434536934,5.41205507028054,5.42481101954779,5.43735314082854,5.44943331445799,5.46098780998662,5.47238695887642,5.48263065248511,5.49264066227118,5.50160502519891,5.5098084518764,5.51727045721144,5.52383761673735,5.52956319813245,5.53430606592966,5.53801595914741,5.5408599927641,5.54272818384089,5.54384866474473,5.54386220138664,5.54292336882855,5.54127028556952,5.53871184062839,5.53531625694104,5.53119076279535,5.52639196325623,5.5208181065138,5.51462239445825,5.50780116447998,5.50039257444143,5.49251135486174,5.48402717785044,5.47506563753461,5.46565133181383,5.45588651152999,5.44577384279845,5.43531631469165,5.42459947896671,5.41364653817501,5.4025115761054,5.39115047419248,5.37966305259962,5.36837244395117,5.35696591382688,5.3453481262144,5.33393356940632,5.32258484988928,5.31132401979513,5.30025540011273,5.28935622805177,5.27881336076006,5.26828260722592,5.25816207636304,5.24828132169423,5.23872732572809,5.22946990519705,5.22054621957522,5.2119331382843,5.20367505760286,5.19574001617457,5.18811692226775,5.18080261292457,5.17378586234758,5.16705260922975,5.16058390128335,5.15437822999706,5.14840545870061,5.14265498852682,5.13710484650248
5.11990005300923,5.12403235793913,5.12836665736381,5.13290953919708,5.13768176908817,5.14268748945577,5.14793901092045,5.15343393180337,5.15920873777084,5.16528411238919,5.17162381073987,5.17825927967936,5.18521478739954,5.19255349412498,5.20022126129041,5.20770750923554,5.21657649870851,5.22524788213569,5.23428255756251,5.24371059948224,5.25349632673806,5.263607797174,5.27413269103286,5.284941548332,5.296051497232,5.30738435385924,5.31908676631182,5.33053781000932,5.34322218982425,5.35541819624899,5.36765400704586,5.37989348412642,5.39217953915583,5.40414242796162,5.41592116638471,5.42773838689467,5.43887416082734,5.44962908205145,5.45977795949553,5.46978121625544,5.47884426533997,5.48728021030314,5.49512077033165,5.50206588944978,5.50827255756483,5.51392559536915,5.51813763920819,5.5214153172268,5.5239362316719,5.5263178227017,5.52695010850539,5.52695376142156,5.52632764981902,5.52476037890853,5.52245672716695,5.51934613438762,5.51557876645397,5.51108115886495,5.50590420673944,5.5001219937935,5.49373722508675,5.48680017476267,5.47939030274926,5.47146104628224,5.46305105752833,5.45424061052182,5.44503929407228,5.43552058557609,5.42569817152384,5.41552284157971,5.40524233565463,5.39476545033984,5.38408092989876,5.3730460597549,5.36266855649419,5.35144904011307,5.34076918849638,5.32995365652178,5.31919031280875,5.30848378885404,5.29794216291659,5.28758046008148,5.27730691525507,5.26738853604943,5.25769938721591,5.24822746233854,5.23904708518941,5.2301228169152,5.22150188421675,5.21316509258901,5.20513398360014,5.19739008439725,5.18994988086956,5.18277585556965,5.17589349427163,5.1692587045294,5.1628876355773,5.15674968687162,5.15084047048674,5.14514622716702,5.13966001262762
5.12285106701852,5.12699592595971,5.13133455846307,5.13587606104194,5.14063536282028,5.14562086426981,5.15083990141246,5.15630130337932,5.16200930887916,5.16801870310972,5.17429047268835,5.1807962948276,5.18764376409885,5.19482616495212,5.20226828418045,5.20996318298223,5.21823250466615,5.22664589524632,5.23544327527501,5.24451570267066,5.25395766835975,5.26370289995539,5.27372036880915,5.28405590871523,5.29461638670265,5.30551540861476,5.31658306817989,5.32788715009824,5.33936738491664,5.35072165812924,5.36261355056754,5.37387246670791,5.38532006077233,5.39677159415035,5.4077409664418,5.41851431006426,5.42905817972694,5.43906221296058,5.44866763582442,5.45771158758329,5.46621520218738,5.47404594479694,5.48121358772269,5.48774788193583,5.49344334944783,5.49857980042812,5.50251823165505,5.50604013300653,5.50845357364308,5.50991632884629,5.51102832794371,5.51117753544917,5.51068003729786,5.50926715632976,5.50714176174401,5.50428493892657,5.50078033444286,5.49658746824904,5.49175953082112,5.48637928236567,5.4804281806374,5.4739497410779,5.46700606794813,5.45954084038632,5.45169610333109,5.44334608080632,5.43468344407236,5.42578171238327,5.41650888821815,5.40692340538357,5.39699657527006,5.38723225612487,5.37722053347505,5.36705631319192,5.35676644318609,5.34667330525774,5.33622917881113,5.32563995748965,5.31624050184383,5.30557561473271,5.29541859289727,5.28579909554196,5.27591892550822,5.26636410200597,5.25707980293767,5.2479677622792,5.23913038183849,5.23049447343027,5.22215513245102,5.21408105267846,5.2062846872417,5.19874930101674,5.19149026189357,5.1844830641657,5.17774090269203,5.17123427334791,5.16497125042405,5.15891872387513,5.15309057670779,5.14746541014743,5.14204249537755
5.12573099809722,5.12987882088379,5.13420915557298,5.138735092167,5.14346867136363,5.14842189782516,5.15359565033286,5.15900086073867,5.16464355348366,5.17054608315864,5.1767288093248,5.18313521859637,5.1898403385695,5.19681672178949,5.20410516162133,5.21168884435584,5.21962788483143,5.22776411085214,5.23626390600787,5.2450373394132,5.2540825483443,5.26343134408297,5.27307701092118,5.28294494302211,5.29304671397314,5.30338015139794,5.31391075312736,5.32451463486894,5.33533889564184,5.34616281077247,5.35705095153273,5.36772244107183,5.37838803527393,5.38914366498454,5.39953264181914,5.40958967509903,5.41939771695871,5.42878755325985,5.43774763075276,5.4461794485391,5.45407861465409,5.46135546502163,5.46809224640637,5.47413842344,5.47949210253608,5.4841437936774,5.48807430759759,5.49122622448701,5.49375406386035,5.49529279139762,5.49614562531652,5.49637441141776,5.49583894010949,5.49464757273947,5.4926809550002,5.49004895420418,5.48681194239091,5.48292721878357,5.47842989090627,5.47339545184988,5.46781017673425,5.46174057431812,5.45519776285848,5.44819590694494,5.44084240996934,5.43304986565123,5.4248198971301,5.41625725024849,5.40762966934024,5.39862063529394,5.38957322244557,5.37994617657456,5.37040946975606,5.36082009376917,5.3511799567022,5.34132140936133,5.33137134393797,5.32180291330955,5.31223739869095,5.30237491009554,5.29285798630108,5.28357717199928,5.27412482764264,5.26505953538053,5.25614254722526,5.24740976226723,5.23891037188134,5.23064374869134,5.22258376211997,5.2147834777908,5.2072234566938,5.19990106967538,5.19283192928355,5.18599195347008,5.17939660645158,5.17302057620495,5.16687533942824,5.1609271347393,5.15519256408463,5.14964430918707,5.14429117090054
5.12847887705026,5.13262568332581,5.13695008281018,5.14145444201074,5.14615447423051,5.15107354046228,5.15619714055046,5.16153877828718,5.16710869901763,5.1729189981029,5.17899144342415,5.18529814893185,5.1918285217461,5.19867336370509,5.20573889812648,5.21322308639611,5.2208030864812,5.22871833382459,5.23692157329582,5.2453453672428,5.25408494352591,5.26301939747202,5.27221666331385,5.28166660163622,5.29129349787558,5.30111508483456,5.31104859440229,5.32105958713922,5.33126930735694,5.34149846241685,5.3517458254804,5.36190857150891,5.3719784676471,5.3819147394399,5.39161617627748,5.40107597997191,5.41018165614463,5.41891630000527,5.4273114734547,5.43522270213938,5.44264450131852,5.4508380585472,5.45578493851419,5.46142706351763,5.46640417692763,5.47074892722834,5.47443085345126,5.47740991383273,5.47969079806053,5.48129848212039,5.48213734712618,5.4823440457717,5.48188579874841,5.48080276848853,5.47900404130315,5.47657280990802,5.47354882246818,5.46995506548336,5.46574875933451,5.46104740160872,5.45582483538037,5.4501274360002,5.44401381759372,5.43742272526067,5.43047069436202,5.42309543082622,5.41539802343134,5.40742102068826,5.39911913653688,5.39062305500241,5.38198061402399,5.37313667488428,5.36408392454078,5.35488229485052,5.34575092284438,5.33657888150285,5.32728844716418,5.31801749674734,5.30878256077227,5.29959237051858,5.29048378107391,5.28148304181224,5.27261438937165,5.26383973890369,5.25527275008801,5.24690197858551,5.23869448951505,5.23071867193973,5.22293814820688,5.21538713359507,5.20805449580617,5.20093645798269,5.19405174023817,5.18737455448999,5.18092375707008,5.17467776629272,5.16864401508586,5.16280421568262,5.15716566231613,5.15169774805147,5.1464162481384
5.13095873865295,5.13510035105323,5.13941630319392,5.1439082176118,5.14857852313695,5.15345204671354,5.15853477408969,5.16381308215282,5.16930568773057,5.17503095212022,5.1809816947632,5.18718442908049,5.1935926565486,5.20024196166233,5.20715245071396,5.2143261729306,5.22176191988446,5.22943159473788,5.23732909441223,5.24545356260063,5.25386850017117,5.26245013673039,5.27123546355376,5.28024182065737,5.28941653577803,5.29870984974904,5.30813104806172,5.31769207527391,5.32731578467287,5.33697601327746,5.34661646633357,5.35616221283531,5.36558360590119,5.37486964522109,5.38397139700194,5.39280808877974,5.401360271928,5.4095832388081,5.41739397009011,5.42477371409675,5.43171675879229,5.43811824221483,5.44413658949669,5.44933808187996,5.45400072302962,5.45807691006153,5.46153421725155,5.46437284019515,5.46653512897094,5.46804937265478,5.46885652426906,5.46906470477576,5.46866443029922,5.46768582118586,5.46601805460549,5.46378878910266,5.46099179834161,5.4576231112508,5.45371701192618,5.44929787036695,5.44443532097161,5.43907571692034,5.43322101646262,5.42730986218089,5.42059224787785,5.41365294752837,5.40640187206679,5.39888979834426,5.39106288721201,5.3830683449082,5.37485783432887,5.36647460697822,5.3579342352365,5.34934707844416,5.3407132370389,5.33170000333311,5.32302578318406,5.31417102789554,5.30540472595546,5.29659894517653,5.28796433620237,5.27937214107792,5.27090415060692,5.26252116481048,5.25431732677112,5.2462783981759,5.2383645142525,5.23067622875995,5.22316011120438,5.21584144836693,5.20873005923695,5.20180897595912,5.19510830765039,5.18858755508784,5.18228133825692,5.1761596813456,5.17023711693325,5.1645031735522,5.15895763714053,5.15358130078383,5.1483684466444
5.13322559040848,5.13734469883947,5.14163502218634,5.14609722086756,5.15073378523539,5.15555438705452,5.16057564722344,5.16579271878754,5.17120172395357,5.17682473755998,5.18267055120229,5.18873560227181,5.19502469708969,5.20149830576484,5.20819629189088,5.21514230367749,5.22234123044884,5.22977282085878,5.23741653204499,5.24524162894793,5.25330967524869,5.26156896282986,5.26999949993425,5.27858340839922,5.2873303111829,5.29619581562785,5.30516467911118,5.31418956049373,5.32327417382731,5.33243946095533,5.34150066575219,5.35050443097939,5.35936743157508,5.368089737007,5.37661057204044,5.384881038054,5.39289600996304,5.40058194957319,5.40788995374909,5.41481985487815,5.42128921830189,5.42728553014493,5.43280434139269,5.43775136597627,5.44221059540836,5.44603103264946,5.44929988487644,5.45193441362072,5.45400255064718,5.4554631651657,5.45627434222342,5.4565019345907,5.45614768647972,5.4552433960197,5.45374473697185,5.45165629846831,5.44903528830528,5.44590512815018,5.44225534549316,5.43807579524378,5.4334771337885,5.42861572834004,5.4230384255047,5.41710871262328,5.41095950040955,5.40463334720072,5.39779360086532,5.39068783668497,5.38336674305801,5.37577001926708,5.36804017661765,5.3600975275472,5.35202994414276,5.34382508819531,5.33568222922412,5.32736712605732,5.31887357403049,5.31050608748046,5.30220340575053,5.29360532421236,5.28553191960101,5.27725130270779,5.26914024076341,5.26109040606149,5.25321374219115,5.24546034927878,5.23785377646877,5.23042478626329,5.22316331967576,5.2160751996313,5.20917573964427,5.20245142855238,5.19592600503229,5.18957402189578,5.18342319310396,5.1774339658456,5.17163686106064,5.16600931129888,5.1605615726614,5.15528348272014,5.15015501755329
5.13536327625558,5.13945366414372,5.1437060050768,5.14812287468189,5.15270854461423,5.15746808443001,5.16241665191557,5.16754982729017,5.17287014146208,5.17838378041358,5.18410985087267,5.19003018408612,5.19617113765737,5.20249782246045,5.20914282596882,5.21586518185095,5.22282864672534,5.22993649594214,5.23729764018883,5.24483380982902,5.25256907674289,5.26047349448143,5.26853151641059,5.27674763457916,5.28506727023137,5.29350529255985,5.30204340276611,5.310625236109,5.31923980680183,5.32784853133142,5.33640943005073,5.34486543057735,5.35321180504604,5.3614238239488,5.36942379224074,5.37720188717245,5.38471367009208,5.39189143377343,5.39876792569801,5.40524043271544,5.41130298696572,5.41693067173783,5.42206566623757,5.42674838480409,5.43090002703598,5.43452328221941,5.43760568653012,5.44009091980986,5.44204224810779,5.44341165794689,5.4442340161763,5.44445969645763,5.4441695816801,5.44335845209653,5.44196218311893,5.44002883535151,5.43760262769136,5.43468422126037,5.43127572740145,5.42739643733521,5.42312222380786,5.4180051717361,5.41328347248519,5.40787869948061,5.40220240478085,5.39601617228711,5.38956184281125,5.38284646092462,5.37592235835865,5.36879148217526,5.36140284200692,5.35392551535773,5.34626112363973,5.33850984681839,5.33061905028784,5.3226312770651,5.31463876195549,5.30669904131927,5.29872259176111,5.2907588751877,5.28284706457587,5.27499350643727,5.26720024380972,5.25951297176429,5.25193666733041,5.24447833975932,5.23716236241022,5.23000029218413,5.22298476790312,5.2161278324661,5.20944134291884,5.202914673564,5.19656942392408,5.19038533704561,5.18438573780996,5.17854356292391,5.1728787942012,5.16736638051129,5.16202217068102,5.15684372708843,5.15181099875841
5.13740850119903,5.14146068293211,5.14567475780012,5.15003980260552,5.15456539149998,5.15925653233015,5.1641278080014,5.16917022009193,5.1743898402169,5.17978956725896,5.18538528773303,5.19116667065118,5.19713771319659,5.20330726716869,5.2097501519615,5.21611431968245,5.22291696999201,5.22981011846,5.236916865497,5.24418224778174,5.25162663777864,5.25921501904647,5.26692264378093,5.27477215207692,5.28270984831193,5.29071878753417,5.29881597756814,5.3069611828339,5.31511812299965,5.32327689995198,5.33135102516102,5.3393201210946,5.34719184484076,5.35491151625169,5.36242270349183,5.36974367372198,5.37678280961522,5.38354663693848,5.38997402365259,5.39602970426333,5.40173118011614,5.40699193744302,5.41184702707243,5.41621310772631,5.42009624737636,5.4234920160663,5.42638441024626,5.42878291635871,5.43059973574724,5.43193620356251,5.43270296121658,5.43293621400901,5.43214707753828,5.43210495082571,5.43071390844228,5.42891831628627,5.42661995193239,5.42383748539794,5.42111105998062,5.41717987715064,5.41315590777379,5.40874744570689,5.40387588373932,5.39872920339284,5.39334137208444,5.38761525884146,5.38149317539046,5.37513051524459,5.36857203471586,5.36179966799817,5.35485191713033,5.34771777991044,5.3404574381719,5.33309379377308,5.32562612648257,5.31809023138731,5.31049536703921,5.3028926124601,5.29525815732311,5.28768309975099,5.28010322234496,5.27259913104423,5.26513629419251,5.25777944105535,5.25053773227214,5.2433688295405,5.23632704596382,5.2294245852179,5.22265563232433,5.2160236997393,5.20955060921086,5.20321806954874,5.19705419977436,5.19103638567004,5.18518758027246,5.17948901976424,5.17395678388943,5.16856835354433,5.16333135670076,5.15824559493691,5.15330421905194
5.13933637108903,5.1433498814846,5.14751926426028,5.15183599688426,5.15629877096102,5.16091715474005,5.16571073467732,5.17066064978781,5.17577623897778,5.18106553324249,5.18652990356041,5.19216786938787,5.19796761861976,5.20394937405089,5.21006153885965,5.21646487031498,5.22298798731841,5.22965061030963,5.23648122582361,5.24345991554662,5.25059410592686,5.25785413479556,5.26522895837946,5.27271568799416,5.28027540377302,5.28792616568616,5.2956097068292,5.30331919761677,5.31106656491303,5.31874663395978,5.32637728506683,5.33389988148641,5.34133914772052,5.34858769403068,5.35568065870045,5.36254543770209,5.36914835760319,5.37550855425607,5.38153475443848,5.38725393267478,5.39258435156135,5.39752460611348,5.4020650080562,5.40617219069922,5.40985889684355,5.41302974247479,5.41575405047564,5.41799136097413,5.41975184570934,5.42099254046093,5.42176057191238,5.42201142025568,5.42179919314602,5.42085225228946,5.4198895641175,5.41823675982362,5.41613179651296,5.41356201661666,5.41062639010101,5.4071524017975,5.40340386967318,5.39926619036491,5.39474135253871,5.38992866133201,5.38481342427593,5.37924038764128,5.37349446126865,5.36759253799705,5.36137867217795,5.35496529373767,5.34841082783377,5.34166951624416,5.33478746918199,5.32776910882147,5.32070728162963,5.31353356804149,5.30633942384524,5.29911131041822,5.29184121133587,5.28461144986124,5.27736901842968,5.27017472937505,5.26306498555207,5.25602186963979,5.24901959003685,5.24214718555936,5.23536732919931,5.22871238360604,5.22218001475736,5.21576980248944,5.20950641581693,5.2033684452254,5.19738425765106,5.19152905388399,5.18583182634752,5.18027330209368,5.1748671100306,5.1696051972857,5.16447922347611,5.15949528774959,5.15464912076414
5.14111713469756,5.1450868749292,5.14920419070752,5.15346611263189,5.15786771973954,5.16240950728104,5.16711963215322,5.17198181997804,5.17698994087207,5.18216289171878,5.18750319926558,5.19299887265137,5.19864375181842,5.20445570762573,5.21044333381744,5.21655622018191,5.22286411041049,5.22928658720684,5.2358636234434,5.24258213926825,5.24943011234055,5.25638366351437,5.26344505497059,5.27058056950375,5.27779028422029,5.28505737759458,5.29237988954306,5.29972130096891,5.30703571589309,5.31432763440277,5.32153887528116,5.32864645947659,5.33562810128217,5.34247575327563,5.34916201774331,5.35561644378504,5.36185638184564,5.36781638024389,5.37347871561442,5.37884396528224,5.3838483047311,5.38852703780231,5.39277571749613,5.3966388462587,5.400082849332,5.40310569600194,5.40567629834375,5.40777783344434,5.40943529547607,5.41062344974568,5.4113434272565,5.41163036716078,5.41139887100374,5.41061671749276,5.40956744020664,5.4082442459753,5.40620661696766,5.40380766779728,5.4010132445042,5.39780502413183,5.39426739408902,5.39036775653074,5.38611575218865,5.38155094012938,5.37668368187538,5.37156638433742,5.36613551105718,5.36047522004983,5.35459934437609,5.34853922025594,5.34227108636196,5.33588638670639,5.32938389027451,5.32274331789991,5.31599792971518,5.30917110834006,5.30212325428129,5.29539068051261,5.28848720251211,5.28158156124655,5.27466306669651,5.2678003569087,5.26098315724265,5.25420507222952,5.24748654830837,5.24087572952825,5.23434724566113,5.2279232969247,5.22161283543574,5.21541296138775,5.20934430021675,5.20339186999546,5.19758236699876,5.19189314927047,5.18634141965902,5.1809195257673,5.1756378563741,5.1704958204291,5.1654834034488,5.16060230325887,5.15584971900189
5.14258999641082,5.14653103507879,5.15060126922736,5.15480820630387,5.15915126500182,5.16362826137406,5.16825567364345,5.17302747281398,5.17793931316855,5.18299839197011,5.18821782421945,5.19357370440285,5.19907985848702,5.20472218824074,5.2105297773899,5.21647487026695,5.22256087293682,5.22876746302688,5.23509920915096,5.24156663588527,5.24813693518641,5.25480217275773,5.26156271557679,5.26838009725674,5.27526009783114,5.28219155135457,5.28914023858236,5.29610150125239,5.30304594502276,5.30995005129187,5.31677677692453,5.3234925870212,5.33009926234316,5.33655998561861,5.34284434956303,5.34892089312118,5.35479551345603,5.3603985010605,5.36575259859702,5.37078089167765,5.37549603071464,5.37987138053317,5.38388921799577,5.3875369353374,5.39076216806139,5.39360500194105,5.39602203319796,5.39802444022021,5.39958926180215,5.4007259288068,5.40140949419922,5.40167473685263,5.40151011648557,5.40089180743562,5.399930908399,5.39834464680397,5.39661069418712,5.39438495913181,5.39175046283829,5.38873962089308,5.38542240751662,5.38174008252289,5.3777636927716,5.37344290084569,5.36887975288651,5.36403255685479,5.35891799506565,5.35355627901761,5.34800200522227,5.3422547153948,5.3363201442164,5.33025645314055,5.32404679868363,5.31776803996014,5.31135481677518,5.30487907234957,5.29835793599604,5.29175256444387,5.28514173633821,5.27852278972806,5.27193598591602,5.26534173143135,5.25879886222062,5.25229179358254,5.24584074141978,5.23947799431513,5.23318907321168,5.22699208379154,5.22089580689876,5.21489944424048,5.20902079559258,5.20324987916753,5.19760690558726,5.19207807650982,5.18668458751494,5.18140005825778,5.17624491525573,5.17122231266782,5.16632210960704,5.16155276680768,5.15689274603676
5.14381833139179,5.14771990354542,5.15174634269586,5.15590552360083,5.16018451481632,5.16459264096329,5.16914288979207,5.17382469371135,5.17863787926674,5.18359034830929,5.18868175308261,5.19390564490086,5.1992622897158,5.20476252711014,5.21038669326704,5.21614925328416,5.22202670009619,5.22801716700345,5.23410973943356,5.2403338078621,5.24665441416526,5.25304966108228,5.25952535966424,5.26604834667795,5.27261497201264,5.27923550519202,5.28585038360852,5.29246307812885,5.29905278416012,5.30558951041857,5.31203888218916,5.31841001203063,5.32465024693046,5.33074945502976,5.33667491046691,5.34242419090613,5.3479417549417,5.35322069101892,5.35825018217147,5.36298615624007,5.36744050805593,5.3715343020877,5.37531973435404,5.37873649022717,5.38180630836678,5.38446971456496,5.38675696296865,5.38863122545407,5.39011356056914,5.39118231208268,5.39186325627138,5.39210054636628,5.39195189064243,5.39138944399704,5.39044688754997,5.38909386481657,5.38738740074719,5.38535936060415,5.38284193460643,5.38004118191193,5.37688994919217,5.37342306514921,5.36964578540705,5.36559220588315,5.36124929201766,5.35666811278469,5.35183113600358,5.34677724540367,5.34150341344929,5.33606415285371,5.33046772426111,5.32467202773972,5.31878425000851,5.31276871207995,5.30670864640098,5.30053164278486,5.29431948865929,5.28801236357978,5.28169054504121,5.27533468780983,5.26903670867586,5.26274340873078,5.25646284874119,5.25022044962387,5.24403111886458,5.23791510035992,5.23186444496468,5.22589064133809,5.22000961311341,5.21421304947406,5.20852735762713,5.2029348831183,5.19746221667122,5.19209272701296,5.18684622890481,5.18171345472047,5.17668938830316,5.17179738608406,5.16701234965833,5.16236998368598,5.15780288179966
5.14522480562781,5.14904680695729,5.15299662509905,5.1570687536548,5.16126699049326,5.16558631628783,5.17003888082925,5.17461265808405,5.17931074303492,5.1841428085317,5.18910185600601,5.19418030314751,5.19938524355628,5.20472006273266,5.21016845443285,5.21573513582091,5.2214158427445,5.22718341264632,5.23306459542646,5.23900655198067,5.24509777331945,5.25123006959112,5.25743545229395,5.2636670638168,5.26994113613128,5.27623464674593,5.28255393547391,5.28884123299261,5.29509127690641,5.30128950173892,5.30742320678281,5.31345190565053,5.3193631058603,5.3251019213328,5.33069187913112,5.33611877501366,5.34131339125428,5.34630779866866,5.3510246754322,5.35549415197026,5.35966531465071,5.36355389586764,5.36710440063819,5.37031353711838,5.37319095282804,5.37571153234514,5.37785770839459,5.37964293927631,5.38103238846377,5.38203773544958,5.38266768055871,5.38292228429598,5.38277230574983,5.38226543381475,5.38136310312605,5.3801044446133,5.3785027749699,5.37639663407102,5.37418356741571,5.37156757740239,5.36860972782871,5.36532598883687,5.3617662834763,5.35794464605569,5.35384326631453,5.34950685017171,5.34491348537969,5.34015497550963,5.33516317996019,5.3299848643889,5.32465222256733,5.31920677323463,5.31359053078557,5.30787180615857,5.30204291033279,5.29613021648172,5.2903503496341,5.28430814122386,5.27825207493943,5.2722004898727,5.26615549114467,5.26010115540331,5.25407528935471,5.24809551004869,5.24214839440187,5.23626811392365,5.23044254936817,5.22468681971842,5.21901493088456,5.21341994331058,5.20792421746122,5.20251040860737,5.19720663292176,5.19199661040487,5.18689856662663,5.18190800288442,5.17702582541255,5.17226475569479,5.16758758368323,5.1630281300106,5.15880580991776
5.14642234432276,5.15021616226872,5.15412017369419,5.15813705587579,5.16226702194272,5.16651087645204,5.17087804888011,5.17535799007884,5.1799464007645,5.18466525081447,5.18949592744663,5.19444059693044,5.19949646692516,5.20466904121163,5.20994488118524,5.21532398558036,5.22081968349257,5.22638003727957,5.23207360439729,5.23771768084301,5.24356511488718,5.24943607922358,5.25539266279971,5.26135464555449,5.26734067965569,5.27335437241565,5.27933701460078,5.285336872738,5.29128951266293,5.29715623076298,5.30295379829795,5.30864837729422,5.31425152439428,5.31968709161163,5.32498389389114,5.3300890032631,5.33500512622324,5.33970582551154,5.34415541781559,5.348365138235,5.35228523994914,5.35593776918145,5.35927945128549,5.36233169756414,5.36501174066533,5.3673899036796,5.36940769950762,5.3710819427815,5.37240370266613,5.3733626186386,5.37393945631999,5.37417689639674,5.37404923651402,5.37355603461075,5.3727304925078,5.37153801055836,5.37003894983297,5.36819729164921,5.36598957300634,5.36349647097292,5.36069711998655,5.35759451632386,5.35423317141812,5.35059669621481,5.34673649808123,5.34260953612355,5.33827537412616,5.33373435819706,5.32902648655143,5.32412659197813,5.31905660108715,5.3138608912849,5.30854942696503,5.30311469833146,5.29757502492666,5.29186748179876,5.28613539287164,5.28053041357761,5.27481654580294,5.26904015339695,5.26325601575786,5.2574635212261,5.25167971450056,5.24595310535789,5.24024257597984,5.23458929829581,5.22898638447523,5.22344104374359,5.21797290986125,5.21257020767084,5.20725960908459,5.20202637281945,5.19688778273141,5.19183575398245,5.18688351060652,5.18203491010742,5.17728745490631,5.1726486746757,5.16808215256342,5.16363888031273,5.15937422644092
5.14751116097783,5.15124602033785,5.15509056235512,5.15904282018716,5.16310154070926,5.16727140538586,5.17155165364665,5.17593942483469,5.18043050017587,5.18503874672821,5.18975215271886,5.19456398090762,5.19949137505184,5.20451184889527,5.20962215281385,5.21483760023968,5.22013104382423,5.22549912745339,5.2309364771436,5.23646210825949,5.24210583177838,5.2475561172846,5.25333403911553,5.25901675219905,5.26476805346917,5.27052563847775,5.27623102409651,5.28193270700415,5.28758270836714,5.29317060625977,5.29867127235132,5.30408443181055,5.30936340561092,5.31450450310742,5.31951505507771,5.32433380107121,5.3289793581874,5.33339782693698,5.33761797635203,5.3415741062785,5.34528478551872,5.3487110479543,5.35186725327319,5.35471521363647,5.35727731524355,5.35949447566735,5.36140416231475,5.36296971887159,5.36421310866268,5.36511435565075,5.36568460488792,5.36588871989744,5.36576887145879,5.365304176008,5.3645122926318,5.36339033589574,5.36196422165559,5.36021776844173,5.35814145321914,5.35580270515795,5.35314796689665,5.3502195044138,5.34702687272729,5.34358739690494,5.33992073041069,5.33602500432719,5.33191709297585,5.32760821171482,5.32310854543326,5.31846808336526,5.31367024196244,5.30870693386486,5.30365080901788,5.29849592038616,5.29322839513319,5.287871990486,5.28244929089256,5.27702239359791,5.27150661798929,5.26598796648791,5.26044492007654,5.25488112106882,5.24934163567988,5.24383478870006,5.23835223780976,5.23291202214944,5.2275170915133,5.22217225596825,5.21689240929254,5.21167381051039,5.20653436949163,5.20146755323478,5.19648872446286,5.1915901797496,5.1867756180734,5.18205854366277,5.17743737727678,5.17292695495874,5.16848875527659,5.16414494398795,5.15990178487117
5.1483594744228,5.15205324612693,5.15584118763343,5.15972676387636,5.16371865032734,5.16781236082477,5.17200558296923,5.17630659392416,5.18070495521604,5.18520438794336,5.18979864929718,5.19448281197085,5.19927629004973,5.20415365235031,5.20910850562101,5.21416047895568,5.21928185001474,5.22446577544469,5.22972513679948,5.23502927805259,5.24035764908063,5.24577658452926,5.25122069337312,5.2566027346335,5.26206607937752,5.26760693036461,5.27307015499596,5.27849664152409,5.28386901022237,5.28916601695436,5.29439543412193,5.29954547235652,5.30455242726098,5.30943197252719,5.31415918630679,5.31873708809843,5.32312052989283,5.32730783014651,5.33128035905057,5.33502401598061,5.33852601623008,5.34176275505185,5.3447345474119,5.34742396603717,5.3498240797557,5.35193422802971,5.35372944012798,5.35521184716604,5.35637468693587,5.35722404152535,5.35775181442264,5.35796431021812,5.35784454449096,5.35740923411782,5.35665435367834,5.35559964466215,5.35423166922435,5.35258109200798,5.35061731473006,5.34835722167064,5.34590269953692,5.34318889286084,5.34013537255332,5.33687311713458,5.33336133307291,5.32967466467592,5.32578344098751,5.32169943282752,5.31742416106077,5.31300090548692,5.30841960348242,5.30374717436676,5.29891837060938,5.29397420499814,5.28894780273341,5.28393806114877,5.27870647900427,5.27349069197801,5.26823168145894,5.26292230168293,5.25761853900647,5.25228682536626,5.24696617938189,5.24167191197299,5.23639163189426,5.23115101973961,5.22595603214499,5.22080080705876,5.21570514447237,5.21065959135523,5.20568960342593,5.20078164936776,5.19595409919813,5.19120483427384,5.18653318770268,5.18195109098768,5.17744793558429,5.17304085930272,5.16873980194514,5.16450908997706,5.16030179417749
5.14908627965822,5.15271023090795,5.15643745456956,5.16025652449567,5.16416770190779,5.16818164357409,5.17228839657074,5.17648548711083,5.18078062668197,5.18517005218073,5.18964616295687,5.19421213372219,5.19886472793696,5.20359635135062,5.20840956624704,5.2132933112254,5.21824272244947,5.22325640013968,5.22832481938496,5.23343761809702,5.238587837705,5.24377528352559,5.24899442237112,5.254210352995,5.25934289757686,5.26465653667141,5.26984913458506,5.27499521462529,5.28013282613166,5.28520640789689,5.29016080678532,5.29503223638831,5.29979099835159,5.30441679342007,5.30889576018437,5.3132285621558,5.31737681061025,5.32134471509355,5.3250900917753,5.32863649776857,5.3319350683161,5.33500802868293,5.33780177871242,5.34034891948841,5.34260982724233,5.34459608162082,5.34629743293354,5.34770107330622,5.34879885217461,5.34959602199831,5.35009212219507,5.35028821804008,5.35018311484014,5.34977587312397,5.34906306921695,5.34806116880855,5.34677437120749,5.34519905956709,5.34336251938276,5.34127114021004,5.33896063781479,5.3362999376835,5.33342977278164,5.33032768135551,5.32703643334093,5.32351046778733,5.31981969119905,5.31593660010836,5.31189731056443,5.30768920303476,5.30332868153698,5.29884123206222,5.29425620664096,5.28954816672946,5.28470802313565,5.27988895530045,5.27487825331411,5.26990768551652,5.26490745519638,5.25983819804098,5.25473843532314,5.24964452982061,5.24453656478185,5.23946310423871,5.23438550618188,5.22934410712544,5.2243317677171,5.21936536393333,5.21444879237451,5.2095808164415,5.20477541009421,5.20002628706306,5.19534679285242,5.19074177116876,5.18620826280316,5.1817653808564,5.17737627615358,5.17309926121761,5.16900789043686,5.16489090594158,5.16072693453418
5.14983459858907,5.15339225536214,5.15704706506793,5.16079105826804,5.16462037809972,5.16854532540474,5.17255573207081,5.17665027387531,5.18083777905129,5.18510849002764,5.18945900837302,5.19389709764264,5.19841242466819,5.20299323822759,5.20765355396143,5.21237679242318,5.21715183774765,5.22199453405111,5.22687205363345,5.23179420895067,5.23675472054749,5.241725963509,5.24671782929866,5.25172248056866,5.2567144892116,5.2616912316833,5.26667514120026,5.27154453049808,5.27646313627708,5.28123539232797,5.28596976324806,5.29058654859992,5.29510810380473,5.29948687340952,5.30375474249378,5.30784211041572,5.31178295286847,5.31552928893254,5.31908814861318,5.32242630602733,5.32555636633954,5.32844106524975,5.33110577067427,5.33348943298975,5.33563547859308,5.33750079027816,5.33910729828287,5.34043253528721,5.34147794972363,5.34222594940356,5.34269201427938,5.34287275943055,5.34277405521668,5.34238788263045,5.34172610173158,5.3407683285652,5.33955313315709,5.33806474619755,5.33630578469325,5.33431064290085,5.33208843356824,5.32936775917429,5.32686629365498,5.32393400247536,5.3208801272817,5.31752076709748,5.31398616419509,5.31030213868918,5.30644677579306,5.30245780503628,5.29830648241039,5.29402684081457,5.28965230323815,5.28519393323498,5.28051394309262,5.27598896317978,5.27127606122527,5.26652325055022,5.26171233698031,5.25686690949038,5.2519782056585,5.24709606928992,5.24219712656054,5.23731229247943,5.23243325395763,5.22757591193619,5.22274444803681,5.21794582427355,5.21319033652852,5.20847935941035,5.20382331036503,5.19922034463063,5.19467833516001,5.19020707590656,5.18580384624751,5.1814871195505,5.17721670722321,5.17306912011301,5.16901956888013,5.16498168198556,5.1609556741125
